# WaveAns.  Transmission
 2000.00    0.00000
 2010.00    0.00000
 2020.00    0.00000
 2030.00    0.00000
 2040.00    0.00000
 2050.00    0.00000
 2060.00    0.00000
 2070.00    0.00000
 2080.00    0.00000
 2090.00    0.00000
 2100.00    0.00000
 2110.00    0.00000
 2120.00    0.00000
 2130.00    0.00000
 2140.00    0.00000
 2150.00    0.00000
 2160.00    0.00000
 2170.00    0.00000
 2180.00    0.00000
 2190.00    0.00000
 2200.00    0.00000
 2210.00    0.00000
 2220.00    0.00000
 2230.00    0.00000
 2240.00    0.00000
 2250.00    0.00000
 2260.00    0.00000
 2270.00    0.00000
 2280.00    0.00000
 2290.00    0.00000
 2300.00    0.00000
 2310.00    0.00000
 2320.00    0.00000
 2330.00    0.00000
 2340.00    0.00000
 2350.00    0.00000
 2360.00    0.00000
 2370.00    0.00000
 2380.00    0.00000
 2390.00    0.00000
 2400.00    0.00000
 2410.00    0.00000
 2420.00    0.00000
 2430.00    0.00000
 2440.00    0.00000
 2450.00    0.00000
 2460.00    0.00000
 2470.00    0.00000
 2480.00    0.00000
 2490.00    0.00000
 2500.00    0.00000
 2510.00    0.00000
 2520.00    0.00000
 2530.00    0.00000
 2540.00    0.00000
 2550.00    0.00000
 2560.00    0.00000
 2570.00    0.00000
 2580.00    0.00000
 2590.00    0.00000
 2600.00    0.00000
 2610.00    0.00000
 2620.00    0.00000
 2630.00    0.00000
 2640.00    0.00000
 2650.00    0.00000
 2660.00    0.00000
 2670.00    0.00000
 2680.00    0.00000
 2690.00    0.00000
 2700.00    0.00000
 2710.00    0.00000
 2720.00    0.00000
 2730.00    0.00000
 2740.00    0.00000
 2750.00    0.00000
 2760.00    0.00000
 2770.00    0.00000
 2780.00    0.00000
 2790.00    0.00000
 2800.00    0.00000
 2810.00    0.00000
 2820.00    0.00000
 2830.00    0.00000
 2840.00    0.00000
 2850.00    0.00000
 2860.00    0.00000
 2870.00    0.00000
 2880.00    0.00000
 2890.00    0.00000
 2900.00    0.00000
 2910.00    0.00000
 2920.00    0.00000
 2930.00    0.00000
 2940.00    0.00000
 2950.00    0.00000
 2960.00    0.00000
 2970.00    0.00000
 2980.00    0.00000
 2990.00    0.00000
 3000.00    0.00000
 3010.00    0.00000
 3020.00    0.00000
 3030.00    0.00000
 3040.00    0.00000
 3050.00    0.00000
 3060.00    0.00000
 3070.00    0.00000
 3080.00    0.00000
 3090.00    0.00000
 3100.00    0.00000
 3110.00    0.00000
 3120.00    0.00000
 3130.00    0.00000
 3140.00    0.00000
 3150.00    0.00000
 3160.00    0.00000
 3170.00    0.00000
 3180.00    0.00000
 3190.00    0.00000
 3200.00    0.00000
 3210.00    0.00000
 3220.00    0.00000
 3230.00    0.00000
 3240.00    0.00000
 3250.00    0.00000
 3260.00    0.00000
 3270.00    0.00000
 3280.00    0.00000
 3290.00    0.00000
 3300.00    0.00000
 3310.00    0.00000
 3320.00    0.00000
 3330.00    0.00000
 3340.00    0.00000
 3350.00    0.00000
 3360.00    0.00000
 3370.00    0.00000
 3380.00    0.00000
 3390.00    0.00000
 3400.00    0.00000
 3410.00    0.00000
 3420.00    0.00000
 3430.00    0.00000
 3440.00    0.00000
 3450.00    0.00000
 3460.00    0.00000
 3470.00    0.00000
 3480.00    0.00000
 3490.00    0.00000
 3500.00    0.00000
 3510.00    0.00000
 3520.00    0.00000
 3530.00    0.00000
 3540.00    0.00000
 3550.00    0.00000
 3560.00    0.00000
 3570.00    0.00000
 3580.00    0.00000
 3590.00    0.00000
 3600.00    0.00000
 3610.00    0.00000
 3620.00    0.00000
 3630.00    0.00000
 3640.00    0.00000
 3650.00    0.00000
 3660.00    0.00000
 3670.00    0.00000
 3680.00    0.00000
 3690.00    0.00000
 3700.00    0.00000
 3710.00    0.00016
 3720.00    0.00032
 3730.00    0.00049
 3740.00    0.00067
 3750.00    0.00085
 3760.00    0.00104
 3770.00    0.00123
 3780.00    0.00142
 3790.00    0.00162
 3800.00    0.00183
 3810.00    0.01098
 3820.00    0.02042
 3830.00    0.03015
 3840.00    0.04016
 3850.00    0.05047
 3860.00    0.06108
 3870.00    0.07198
 3880.00    0.08317
 3890.00    0.09466
 3900.00    0.10645
 3910.00    0.11854
 3920.00    0.13089
 3930.00    0.14351
 3940.00    0.15641
 3950.00    0.16957
 3960.00    0.18300
 3970.00    0.19670
 3980.00    0.21067
 3990.00    0.22492
 4000.00    0.23944
 4010.00    0.24214
 4020.00    0.24483
 4030.00    0.24754
 4040.00    0.25025
 4050.00    0.25297
 4060.00    0.25570
 4070.00    0.25843
 4080.00    0.26117
 4090.00    0.26391
 4100.00    0.26667
 4110.00    0.26894
 4120.00    0.27122
 4130.00    0.27351
 4140.00    0.27580
 4150.00    0.27810
 4160.00    0.28040
 4170.00    0.28270
 4180.00    0.28502
 4190.00    0.28734
 4200.00    0.28966
 4210.00    0.29138
 4220.00    0.29309
 4230.00    0.29482
 4240.00    0.29654
 4250.00    0.29827
 4260.00    0.30001
 4270.00    0.30174
 4280.00    0.30349
 4290.00    0.30523
 4300.00    0.30698
 4310.00    0.30869
 4320.00    0.31040
 4330.00    0.31212
 4340.00    0.31384
 4350.00    0.31557
 4360.00    0.31730
 4370.00    0.31903
 4380.00    0.32076
 4390.00    0.32250
 4400.00    0.32424
 4410.00    0.32595
 4420.00    0.32766
 4430.00    0.32937
 4440.00    0.33108
 4450.00    0.33280
 4460.00    0.33452
 4470.00    0.33624
 4480.00    0.33797
 4490.00    0.33970
 4500.00    0.34144
 4510.00    0.34288
 4520.00    0.34432
 4530.00    0.34577
 4540.00    0.34721
 4550.00    0.34867
 4560.00    0.35012
 4570.00    0.35157
 4580.00    0.35303
 4590.00    0.35449
 4600.00    0.35596
 4610.00    0.35738
 4620.00    0.35881
 4630.00    0.36023
 4640.00    0.36167
 4650.00    0.36310
 4660.00    0.36453
 4670.00    0.36597
 4680.00    0.36741
 4690.00    0.36886
 4700.00    0.37030
 4710.00    0.37162
 4720.00    0.37294
 4730.00    0.37426
 4740.00    0.37558
 4750.00    0.37686
 4760.00    0.37770
 4770.00    0.37853
 4780.00    0.37937
 4790.00    0.38020
 4800.00    0.38104
 4810.00    0.38174
 4820.00    0.38245
 4830.00    0.38315
 4840.00    0.38386
 4850.00    0.38456
 4860.00    0.38526
 4870.00    0.38597
 4880.00    0.38667
 4890.00    0.38738
 4900.00    0.38808
 4910.00    0.38861
 4920.00    0.38914
 4930.00    0.38966
 4940.00    0.39019
 4950.00    0.39072
 4960.00    0.39125
 4970.00    0.39178
 4980.00    0.39230
 4990.00    0.39283
 5000.00    0.39336
 5010.00    0.39376
 5020.00    0.39415
 5030.00    0.39455
 5040.00    0.39494
 5050.00    0.39534
 5060.00    0.39574
 5070.00    0.39613
 5080.00    0.39653
 5090.00    0.39692
 5100.00    0.39732
 5110.00    0.39780
 5120.00    0.39829
 5130.00    0.39877
 5140.00    0.39926
 5150.00    0.39974
 5160.00    0.40022
 5170.00    0.40071
 5180.00    0.40119
 5190.00    0.40168
 5200.00    0.40216
 5210.00    0.40251
 5220.00    0.40286
 5230.00    0.40322
 5240.00    0.40357
 5250.00    0.40392
 5260.00    0.40427
 5270.00    0.40462
 5280.00    0.40498
 5290.00    0.40533
 5300.00    0.40568
 5310.00    0.40581
 5320.00    0.40594
 5330.00    0.40608
 5340.00    0.40621
 5350.00    0.40634
 5360.00    0.40647
 5370.00    0.40660
 5380.00    0.40674
 5390.00    0.40687
 5400.00    0.40700
 5410.00    0.40713
 5420.00    0.40726
 5430.00    0.40740
 5440.00    0.40753
 5450.00    0.40766
 5460.00    0.40779
 5470.00    0.40792
 5480.00    0.40806
 5490.00    0.40819
 5500.00    0.40832
 5510.00    0.40850
 5520.00    0.40867
 5530.00    0.40885
 5540.00    0.40902
 5550.00    0.40920
 5560.00    0.40938
 5570.00    0.40955
 5580.00    0.40973
 5590.00    0.40990
 5600.00    0.41008
 5610.00    0.41008
 5620.00    0.41008
 5630.00    0.41008
 5640.00    0.41008
 5650.00    0.41008
 5660.00    0.41008
 5670.00    0.41008
 5680.00    0.41008
 5690.00    0.41008
 5700.00    0.41008
 5710.00    0.41008
 5720.00    0.41008
 5730.00    0.41008
 5740.00    0.41008
 5750.00    0.41008
 5760.00    0.41008
 5770.00    0.41008
 5780.00    0.41008
 5790.00    0.41008
 5800.00    0.41008
 5810.00    0.41008
 5820.00    0.41008
 5830.00    0.41008
 5840.00    0.41008
 5850.00    0.41008
 5860.00    0.41008
 5870.00    0.41008
 5880.00    0.41008
 5890.00    0.41008
 5900.00    0.41008
 5910.00    0.40995
 5920.00    0.40982
 5930.00    0.40968
 5940.00    0.40955
 5950.00    0.40942
 5960.00    0.40929
 5970.00    0.40916
 5980.00    0.40902
 5990.00    0.40889
 6000.00    0.40876
 6010.00    0.40854
 6020.00    0.40832
 6030.00    0.40810
 6040.00    0.40788
 6050.00    0.40766
 6060.00    0.40744
 6070.00    0.40722
 6080.00    0.40700
 6090.00    0.40678
 6100.00    0.40656
 6110.00    0.40643
 6120.00    0.40630
 6130.00    0.40616
 6140.00    0.40603
 6150.00    0.40590
 6160.00    0.40577
 6170.00    0.40564
 6180.00    0.40550
 6190.00    0.40537
 6200.00    0.40524
 6210.00    0.39498
 6220.00    0.38473
 6230.00    0.37448
 6240.00    0.36424
 6250.00    0.35401
 6260.00    0.34378
 6270.00    0.33356
 6280.00    0.32335
 6290.00    0.31314
 6300.00    0.30294
 6310.00    0.29271
 6320.00    0.28250
 6330.00    0.27229
 6340.00    0.26209
 6350.00    0.25190
 6360.00    0.24172
 6370.00    0.23155
 6380.00    0.22138
 6390.00    0.21123
 6400.00    0.20108
 6410.00    0.19108
 6420.00    0.18110
 6430.00    0.17113
 6440.00    0.16117
 6450.00    0.15123
 6460.00    0.14131
 6470.00    0.13140
 6480.00    0.12151
 6490.00    0.11163
 6500.00    0.10177
 6510.00    0.09188
 6520.00    0.08201
 6530.00    0.07217
 6540.00    0.06235
 6550.00    0.05256
 6560.00    0.04279
 6570.00    0.03304
 6580.00    0.02332
 6590.00    0.01362
 6600.00    0.00394
 6610.00    0.00374
 6620.00    0.00354
 6630.00    0.00334
 6640.00    0.00314
 6650.00    0.00294
 6660.00    0.00274
 6670.00    0.00254
 6680.00    0.00234
 6690.00    0.00214
 6700.00    0.00195
 6710.00    0.00175
 6720.00    0.00156
 6730.00    0.00136
 6740.00    0.00116
 6750.00    0.00097
 6760.00    0.00078
 6770.00    0.00058
 6780.00    0.00039
 6790.00    0.00019
 6800.00    0.00000
 6810.00    0.00000
 6820.00    0.00000
 6830.00    0.00000
 6840.00    0.00000
 6850.00    0.00000
 6860.00    0.00000
 6870.00    0.00000
 6880.00    0.00000
 6890.00    0.00000
 6900.00    0.00000
 6910.00    0.00000
 6920.00    0.00000
 6930.00    0.00000
 6940.00    0.00000
 6950.00    0.00000
 6960.00    0.00000
 6970.00    0.00000
 6980.00    0.00000
 6990.00    0.00000
 7000.00    0.00000
 7010.00    0.00000
 7020.00    0.00000
 7030.00    0.00000
 7040.00    0.00000
 7050.00    0.00000
 7060.00    0.00000
 7070.00    0.00000
 7080.00    0.00000
 7090.00    0.00000
 7100.00    0.00000
 7110.00    0.00000
 7120.00    0.00000
 7130.00    0.00000
 7140.00    0.00000
 7150.00    0.00000
 7160.00    0.00000
 7170.00    0.00000
 7180.00    0.00000
 7190.00    0.00000
 7200.00    0.00000
 7210.00    0.00000
 7220.00    0.00000
 7230.00    0.00000
 7240.00    0.00000
 7250.00    0.00000
 7260.00    0.00000
 7270.00    0.00000
 7280.00    0.00000
 7290.00    0.00000
 7300.00    0.00000
 7310.00    0.00000
 7320.00    0.00000
 7330.00    0.00000
 7340.00    0.00000
 7350.00    0.00000
 7360.00    0.00000
 7370.00    0.00000
 7380.00    0.00000
 7390.00    0.00000
 7400.00    0.00000
 7410.00    0.00000
 7420.00    0.00000
 7430.00    0.00000
 7440.00    0.00000
 7450.00    0.00000
 7460.00    0.00000
 7470.00    0.00000
 7480.00    0.00000
 7490.00    0.00000
 7500.00    0.00000
 7510.00    0.00000
 7520.00    0.00000
 7530.00    0.00000
 7540.00    0.00000
 7550.00    0.00000
 7560.00    0.00000
 7570.00    0.00000
 7580.00    0.00000
 7590.00    0.00000
 7600.00    0.00000
 7610.00    0.00000
 7620.00    0.00000
 7630.00    0.00000
 7640.00    0.00000
 7650.00    0.00000
 7660.00    0.00000
 7670.00    0.00000
 7680.00    0.00000
 7690.00    0.00000
 7700.00    0.00000
 7710.00    0.00000
 7720.00    0.00000
 7730.00    0.00000
 7740.00    0.00000
 7750.00    0.00000
 7760.00    0.00000
 7770.00    0.00000
 7780.00    0.00000
 7790.00    0.00000
 7800.00    0.00000
 7810.00    0.00000
 7820.00    0.00000
 7830.00    0.00000
 7840.00    0.00000
 7850.00    0.00000
 7860.00    0.00000
 7870.00    0.00000
 7880.00    0.00000
 7890.00    0.00000
 7900.00    0.00000
 7910.00    0.00000
 7920.00    0.00000
 7930.00    0.00000
 7940.00    0.00000
 7950.00    0.00000
 7960.00    0.00000
 7970.00    0.00000
 7980.00    0.00000
 7990.00    0.00000
 8000.00    0.00000
 8010.00    0.00000
 8020.00    0.00000
 8030.00    0.00000
 8040.00    0.00000
 8050.00    0.00000
 8060.00    0.00000
 8070.00    0.00000
 8080.00    0.00000
 8090.00    0.00000
 8100.00    0.00000
 8110.00    0.00000
 8120.00    0.00000
 8130.00    0.00000
 8140.00    0.00000
 8150.00    0.00000
 8160.00    0.00000
 8170.00    0.00000
 8180.00    0.00000
 8190.00    0.00000
 8200.00    0.00000
 8210.00    0.00000
 8220.00    0.00000
 8230.00    0.00000
 8240.00    0.00000
 8250.00    0.00000
 8260.00    0.00000
 8270.00    0.00000
 8280.00    0.00000
 8290.00    0.00000
 8300.00    0.00000
 8310.00    0.00000
 8320.00    0.00000
 8330.00    0.00000
 8340.00    0.00000
 8350.00    0.00000
 8360.00    0.00000
 8370.00    0.00000
 8380.00    0.00000
 8390.00    0.00000
 8400.00    0.00000
 8410.00    0.00000
 8420.00    0.00000
 8430.00    0.00000
 8440.00    0.00000
 8450.00    0.00000
 8460.00    0.00000
 8470.00    0.00000
 8480.00    0.00000
 8490.00    0.00000
 8500.00    0.00000
 8510.00    0.00000
 8520.00    0.00000
 8530.00    0.00000
 8540.00    0.00000
 8550.00    0.00000
 8560.00    0.00000
 8570.00    0.00000
 8580.00    0.00000
 8590.00    0.00000
 8600.00    0.00000
 8610.00    0.00000
 8620.00    0.00000
 8630.00    0.00000
 8640.00    0.00000
 8650.00    0.00000
 8660.00    0.00000
 8670.00    0.00000
 8680.00    0.00000
 8690.00    0.00000
 8700.00    0.00000
 8710.00    0.00000
 8720.00    0.00000
 8730.00    0.00000
 8740.00    0.00000
 8750.00    0.00000
 8760.00    0.00000
 8770.00    0.00000
 8780.00    0.00000
 8790.00    0.00000
 8800.00    0.00000
 8810.00    0.00000
 8820.00    0.00000
 8830.00    0.00000
 8840.00    0.00000
 8850.00    0.00000
 8860.00    0.00000
 8870.00    0.00000
 8880.00    0.00000
 8890.00    0.00000
 8900.00    0.00000
 8910.00    0.00000
 8920.00    0.00000
 8930.00    0.00000
 8940.00    0.00000
 8950.00    0.00000
 8960.00    0.00000
 8970.00    0.00000
 8980.00    0.00000
 8990.00    0.00000
 9000.00    0.00000
 9010.00    0.00000
 9020.00    0.00000
 9030.00    0.00000
 9040.00    0.00000
 9050.00    0.00000
 9060.00    0.00000
 9070.00    0.00000
 9080.00    0.00000
 9090.00    0.00000
 9100.00    0.00000
 9110.00    0.00000
 9120.00    0.00000
 9130.00    0.00000
 9140.00    0.00000
 9150.00    0.00000
 9160.00    0.00000
 9170.00    0.00000
 9180.00    0.00000
 9190.00    0.00000
 9200.00    0.00000
 9210.00    0.00000
 9220.00    0.00000
 9230.00    0.00000
 9240.00    0.00000
 9250.00    0.00000
 9260.00    0.00000
 9270.00    0.00000
 9280.00    0.00000
 9290.00    0.00000
 9300.00    0.00000
 9310.00    0.00000
 9320.00    0.00000
 9330.00    0.00000
 9340.00    0.00000
 9350.00    0.00000
 9360.00    0.00000
 9370.00    0.00000
 9380.00    0.00000
 9390.00    0.00000
 9400.00    0.00000
 9410.00    0.00000
 9420.00    0.00000
 9430.00    0.00000
 9440.00    0.00000
 9450.00    0.00000
 9460.00    0.00000
 9470.00    0.00000
 9480.00    0.00000
 9490.00    0.00000
 9500.00    0.00000
 9510.00    0.00000
 9520.00    0.00000
 9530.00    0.00000
 9540.00    0.00000
 9550.00    0.00000
 9560.00    0.00000
 9570.00    0.00000
 9580.00    0.00000
 9590.00    0.00000
 9600.00    0.00000
 9610.00    0.00000
 9620.00    0.00000
 9630.00    0.00000
 9640.00    0.00000
 9650.00    0.00000
 9660.00    0.00000
 9670.00    0.00000
 9680.00    0.00000
 9690.00    0.00000
 9700.00    0.00000
 9710.00    0.00000
 9720.00    0.00000
 9730.00    0.00000
 9740.00    0.00000
 9750.00    0.00000
 9760.00    0.00000
 9770.00    0.00000
 9780.00    0.00000
 9790.00    0.00000
 9800.00    0.00000
 9810.00    0.00000
 9820.00    0.00000
 9830.00    0.00000
 9840.00    0.00000
 9850.00    0.00000
 9860.00    0.00000
 9870.00    0.00000
 9880.00    0.00000
 9890.00    0.00000
 9900.00    0.00000
 9910.00    0.00000
 9920.00    0.00000
 9930.00    0.00000
 9940.00    0.00000
 9950.00    0.00000
 9960.00    0.00000
 9970.00    0.00000
 9980.00    0.00000
 9990.00    0.00000
10000.00    0.00000
10010.00    0.00000
10020.00    0.00000
10030.00    0.00000
10040.00    0.00000
10050.00    0.00000
10060.00    0.00000
10070.00    0.00000
10080.00    0.00000
10090.00    0.00000
10100.00    0.00000
10110.00    0.00000
10120.00    0.00000
10130.00    0.00000
10140.00    0.00000
10150.00    0.00000
10160.00    0.00000
10170.00    0.00000
10180.00    0.00000
10190.00    0.00000
10200.00    0.00000
10210.00    0.00000
10220.00    0.00000
10230.00    0.00000
10240.00    0.00000
10250.00    0.00000
10260.00    0.00000
10270.00    0.00000
10280.00    0.00000
10290.00    0.00000
10300.00    0.00000
10310.00    0.00000
10320.00    0.00000
10330.00    0.00000
10340.00    0.00000
10350.00    0.00000
10360.00    0.00000
10370.00    0.00000
10380.00    0.00000
10390.00    0.00000
10400.00    0.00000
10410.00    0.00000
10420.00    0.00000
10430.00    0.00000
10440.00    0.00000
10450.00    0.00000
10460.00    0.00000
10470.00    0.00000
10480.00    0.00000
10490.00    0.00000
10500.00    0.00000
10510.00    0.00000
10520.00    0.00000
10530.00    0.00000
10540.00    0.00000
10550.00    0.00000
10560.00    0.00000
10570.00    0.00000
10580.00    0.00000
10590.00    0.00000
10600.00    0.00000
10610.00    0.00000
10620.00    0.00000
10630.00    0.00000
10640.00    0.00000
10650.00    0.00000
10660.00    0.00000
10670.00    0.00000
10680.00    0.00000
10690.00    0.00000
10700.00    0.00000
10710.00    0.00000
10720.00    0.00000
10730.00    0.00000
10740.00    0.00000
10750.00    0.00000
10760.00    0.00000
10770.00    0.00000
10780.00    0.00000
10790.00    0.00000
10800.00    0.00000
10810.00    0.00000
10820.00    0.00000
10830.00    0.00000
10840.00    0.00000
10850.00    0.00000
10860.00    0.00000
10870.00    0.00000
10880.00    0.00000
10890.00    0.00000
10900.00    0.00000
10910.00    0.00000
10920.00    0.00000
10930.00    0.00000
10940.00    0.00000
10950.00    0.00000
10960.00    0.00000
10970.00    0.00000
10980.00    0.00000
10990.00    0.00000
11000.00    0.00000
11010.00    0.00000
11020.00    0.00000
11030.00    0.00000
11040.00    0.00000
11050.00    0.00000
11060.00    0.00000
11070.00    0.00000
11080.00    0.00000
11090.00    0.00000
11100.00    0.00000
11110.00    0.00000
11120.00    0.00000
11130.00    0.00000
11140.00    0.00000
11150.00    0.00000
11160.00    0.00000
11170.00    0.00000
11180.00    0.00000
11190.00    0.00000
11200.00    0.00000
11210.00    0.00000
11220.00    0.00000
11230.00    0.00000
11240.00    0.00000
11250.00    0.00000
11260.00    0.00000
11270.00    0.00000
11280.00    0.00000
11290.00    0.00000
11300.00    0.00000
11310.00    0.00000
11320.00    0.00000
11330.00    0.00000
11340.00    0.00000
11350.00    0.00000
11360.00    0.00000
11370.00    0.00000
11380.00    0.00000
11390.00    0.00000
11400.00    0.00000
11410.00    0.00000
11420.00    0.00000
11430.00    0.00000
11440.00    0.00000
11450.00    0.00000
11460.00    0.00000
11470.00    0.00000
11480.00    0.00000
11490.00    0.00000
11500.00    0.00000
11510.00    0.00000
11520.00    0.00000
11530.00    0.00000
11540.00    0.00000
11550.00    0.00000
11560.00    0.00000
11570.00    0.00000
11580.00    0.00000
11590.00    0.00000
11600.00    0.00000
11610.00    0.00000
11620.00    0.00000
11630.00    0.00000
11640.00    0.00000
11650.00    0.00000
11660.00    0.00000
11670.00    0.00000
11680.00    0.00000
11690.00    0.00000
11700.00    0.00000
11710.00    0.00000
11720.00    0.00000
11730.00    0.00000
11740.00    0.00000
11750.00    0.00000
11760.00    0.00000
11770.00    0.00000
11780.00    0.00000
11790.00    0.00000
11800.00    0.00000
11810.00    0.00000
11820.00    0.00000
11830.00    0.00000
11840.00    0.00000
11850.00    0.00000
11860.00    0.00000
11870.00    0.00000
11880.00    0.00000
11890.00    0.00000
11900.00    0.00000
11910.00    0.00000
11920.00    0.00000
11930.00    0.00000
11940.00    0.00000
11950.00    0.00000
11960.00    0.00000
11970.00    0.00000
11980.00    0.00000
11990.00    0.00000
12000.00    0.00000
12010.00    0.00000
12020.00    0.00000
12030.00    0.00000
12040.00    0.00000
12050.00    0.00000
12060.00    0.00000
12070.00    0.00000
12080.00    0.00000
12090.00    0.00000
12100.00    0.00000
12110.00    0.00000
12120.00    0.00000
12130.00    0.00000
12140.00    0.00000
12150.00    0.00000
12160.00    0.00000
12170.00    0.00000
12180.00    0.00000
12190.00    0.00000
12200.00    0.00000
12210.00    0.00000
12220.00    0.00000
12230.00    0.00000
12240.00    0.00000
12250.00    0.00000
12260.00    0.00000
12270.00    0.00000
12280.00    0.00000
12290.00    0.00000
12300.00    0.00000
12310.00    0.00000
12320.00    0.00000
12330.00    0.00000
12340.00    0.00000
12350.00    0.00000
12360.00    0.00000
12370.00    0.00000
12380.00    0.00000
12390.00    0.00000
12400.00    0.00000
12410.00    0.00000
12420.00    0.00000
12430.00    0.00000
12440.00    0.00000
12450.00    0.00000
12460.00    0.00000
12470.00    0.00000
12480.00    0.00000
12490.00    0.00000
12500.00    0.00000
12510.00    0.00000
12520.00    0.00000
12530.00    0.00000
12540.00    0.00000
12550.00    0.00000
12560.00    0.00000
12570.00    0.00000
12580.00    0.00000
12590.00    0.00000
12600.00    0.00000
12610.00    0.00000
12620.00    0.00000
12630.00    0.00000
12640.00    0.00000
12650.00    0.00000
12660.00    0.00000
12670.00    0.00000
12680.00    0.00000
12690.00    0.00000
12700.00    0.00000
12710.00    0.00000
12720.00    0.00000
12730.00    0.00000
12740.00    0.00000
12750.00    0.00000
12760.00    0.00000
12770.00    0.00000
12780.00    0.00000
12790.00    0.00000
12800.00    0.00000
12810.00    0.00000
12820.00    0.00000
12830.00    0.00000
12840.00    0.00000
12850.00    0.00000
12860.00    0.00000
12870.00    0.00000
12880.00    0.00000
12890.00    0.00000
12900.00    0.00000
12910.00    0.00000
12920.00    0.00000
12930.00    0.00000
12940.00    0.00000
12950.00    0.00000
12960.00    0.00000
12970.00    0.00000
12980.00    0.00000
12990.00    0.00000
13000.00    0.00000
13010.00    0.00000
13020.00    0.00000
13030.00    0.00000
13040.00    0.00000
13050.00    0.00000
13060.00    0.00000
13070.00    0.00000
13080.00    0.00000
13090.00    0.00000
13100.00    0.00000
13110.00    0.00000
13120.00    0.00000
13130.00    0.00000
13140.00    0.00000
13150.00    0.00000
13160.00    0.00000
13170.00    0.00000
13180.00    0.00000
13190.00    0.00000
13200.00    0.00000
13210.00    0.00000
13220.00    0.00000
13230.00    0.00000
13240.00    0.00000
13250.00    0.00000
13260.00    0.00000
13270.00    0.00000
13280.00    0.00000
13290.00    0.00000
13300.00    0.00000
13310.00    0.00000
13320.00    0.00000
13330.00    0.00000
13340.00    0.00000
13350.00    0.00000
13360.00    0.00000
13370.00    0.00000
13380.00    0.00000
13390.00    0.00000
13400.00    0.00000
13410.00    0.00000
13420.00    0.00000
13430.00    0.00000
13440.00    0.00000
13450.00    0.00000
13460.00    0.00000
13470.00    0.00000
13480.00    0.00000
13490.00    0.00000
13500.00    0.00000
13510.00    0.00000
13520.00    0.00000
13530.00    0.00000
13540.00    0.00000
13550.00    0.00000
13560.00    0.00000
13570.00    0.00000
13580.00    0.00000
13590.00    0.00000
13600.00    0.00000
13610.00    0.00000
13620.00    0.00000
13630.00    0.00000
13640.00    0.00000
13650.00    0.00000
13660.00    0.00000
13670.00    0.00000
13680.00    0.00000
13690.00    0.00000
13700.00    0.00000
13710.00    0.00000
13720.00    0.00000
13730.00    0.00000
13740.00    0.00000
13750.00    0.00000
13760.00    0.00000
13770.00    0.00000
13780.00    0.00000
13790.00    0.00000
13800.00    0.00000
13810.00    0.00000
13820.00    0.00000
13830.00    0.00000
13840.00    0.00000
13850.00    0.00000
13860.00    0.00000
13870.00    0.00000
13880.00    0.00000
13890.00    0.00000
13900.00    0.00000
13910.00    0.00000
13920.00    0.00000
13930.00    0.00000
13940.00    0.00000
13950.00    0.00000
13960.00    0.00000
13970.00    0.00000
13980.00    0.00000
13990.00    0.00000
14000.00    0.00000
14010.00    0.00000
14020.00    0.00000
14030.00    0.00000
14040.00    0.00000
14050.00    0.00000
14060.00    0.00000
14070.00    0.00000
14080.00    0.00000
14090.00    0.00000
14100.00    0.00000
14110.00    0.00000
14120.00    0.00000
14130.00    0.00000
14140.00    0.00000
14150.00    0.00000
14160.00    0.00000
14170.00    0.00000
14180.00    0.00000
14190.00    0.00000
14200.00    0.00000
14210.00    0.00000
14220.00    0.00000
14230.00    0.00000
14240.00    0.00000
14250.00    0.00000
14260.00    0.00000
14270.00    0.00000
14280.00    0.00000
14290.00    0.00000
14300.00    0.00000
14310.00    0.00000
14320.00    0.00000
14330.00    0.00000
14340.00    0.00000
14350.00    0.00000
14360.00    0.00000
14370.00    0.00000
14380.00    0.00000
14390.00    0.00000
14400.00    0.00000
14410.00    0.00000
14420.00    0.00000
14430.00    0.00000
14440.00    0.00000
14450.00    0.00000
14460.00    0.00000
14470.00    0.00000
14480.00    0.00000
14490.00    0.00000
14500.00    0.00000
14510.00    0.00000
14520.00    0.00000
14530.00    0.00000
14540.00    0.00000
14550.00    0.00000
14560.00    0.00000
14570.00    0.00000
14580.00    0.00000
14590.00    0.00000
14600.00    0.00000
14610.00    0.00000
14620.00    0.00000
14630.00    0.00000
14640.00    0.00000
14650.00    0.00000
14660.00    0.00000
14670.00    0.00000
14680.00    0.00000
14690.00    0.00000
14700.00    0.00000
14710.00    0.00000
14720.00    0.00000
14730.00    0.00000
14740.00    0.00000
14750.00    0.00000
14760.00    0.00000
14770.00    0.00000
14780.00    0.00000
14790.00    0.00000
14800.00    0.00000
14810.00    0.00000
14820.00    0.00000
14830.00    0.00000
14840.00    0.00000
14850.00    0.00000
14860.00    0.00000
14870.00    0.00000
14880.00    0.00000
14890.00    0.00000
14900.00    0.00000
14910.00    0.00000
14920.00    0.00000
14930.00    0.00000
14940.00    0.00000
14950.00    0.00000
14960.00    0.00000
14970.00    0.00000
14980.00    0.00000
14990.00    0.00000
15000.00    0.00000
15010.00    0.00000
15020.00    0.00000
15030.00    0.00000
15040.00    0.00000
15050.00    0.00000
15060.00    0.00000
15070.00    0.00000
15080.00    0.00000
15090.00    0.00000
15100.00    0.00000
15110.00    0.00000
15120.00    0.00000
15130.00    0.00000
15140.00    0.00000
15150.00    0.00000
15160.00    0.00000
15170.00    0.00000
15180.00    0.00000
15190.00    0.00000
15200.00    0.00000
15210.00    0.00000
15220.00    0.00000
15230.00    0.00000
15240.00    0.00000
15250.00    0.00000
15260.00    0.00000
15270.00    0.00000
15280.00    0.00000
15290.00    0.00000
15300.00    0.00000
15310.00    0.00000
15320.00    0.00000
15330.00    0.00000
15340.00    0.00000
15350.00    0.00000
15360.00    0.00000
15370.00    0.00000
15380.00    0.00000
15390.00    0.00000
15400.00    0.00000
15410.00    0.00000
15420.00    0.00000
15430.00    0.00000
15440.00    0.00000
15450.00    0.00000
15460.00    0.00000
15470.00    0.00000
15480.00    0.00000
15490.00    0.00000
15500.00    0.00000
15510.00    0.00000
15520.00    0.00000
15530.00    0.00000
15540.00    0.00000
15550.00    0.00000
15560.00    0.00000
15570.00    0.00000
15580.00    0.00000
15590.00    0.00000
15600.00    0.00000
15610.00    0.00000
15620.00    0.00000
15630.00    0.00000
15640.00    0.00000
15650.00    0.00000
15660.00    0.00000
15670.00    0.00000
15680.00    0.00000
15690.00    0.00000
15700.00    0.00000
15710.00    0.00000
15720.00    0.00000
15730.00    0.00000
15740.00    0.00000
15750.00    0.00000
15760.00    0.00000
15770.00    0.00000
15780.00    0.00000
15790.00    0.00000
15800.00    0.00000
15810.00    0.00000
15820.00    0.00000
15830.00    0.00000
15840.00    0.00000
15850.00    0.00000
15860.00    0.00000
15870.00    0.00000
15880.00    0.00000
15890.00    0.00000
15900.00    0.00000
15910.00    0.00000
15920.00    0.00000
15930.00    0.00000
15940.00    0.00000
15950.00    0.00000
15960.00    0.00000
15970.00    0.00000
15980.00    0.00000
15990.00    0.00000
16000.00    0.00000
16010.00    0.00000
16020.00    0.00000
16030.00    0.00000
16040.00    0.00000
16050.00    0.00000
16060.00    0.00000
16070.00    0.00000
16080.00    0.00000
16090.00    0.00000
16100.00    0.00000
16110.00    0.00000
16120.00    0.00000
16130.00    0.00000
16140.00    0.00000
16150.00    0.00000
16160.00    0.00000
16170.00    0.00000
16180.00    0.00000
16190.00    0.00000
16200.00    0.00000
16210.00    0.00000
16220.00    0.00000
16230.00    0.00000
16240.00    0.00000
16250.00    0.00000
16260.00    0.00000
16270.00    0.00000
16280.00    0.00000
16290.00    0.00000
16300.00    0.00000
16310.00    0.00000
16320.00    0.00000
16330.00    0.00000
16340.00    0.00000
16350.00    0.00000
16360.00    0.00000
16370.00    0.00000
16380.00    0.00000
16390.00    0.00000
16400.00    0.00000
16410.00    0.00000
16420.00    0.00000
16430.00    0.00000
16440.00    0.00000
16450.00    0.00000
16460.00    0.00000
16470.00    0.00000
16480.00    0.00000
16490.00    0.00000
16500.00    0.00000
16510.00    0.00000
16520.00    0.00000
16530.00    0.00000
16540.00    0.00000
16550.00    0.00000
16560.00    0.00000
16570.00    0.00000
16580.00    0.00000
16590.00    0.00000
16600.00    0.00000
16610.00    0.00000
16620.00    0.00000
16630.00    0.00000
16640.00    0.00000
16650.00    0.00000
16660.00    0.00000
16670.00    0.00000
16680.00    0.00000
16690.00    0.00000
16700.00    0.00000
16710.00    0.00000
16720.00    0.00000
16730.00    0.00000
16740.00    0.00000
16750.00    0.00000
16760.00    0.00000
16770.00    0.00000
16780.00    0.00000
16790.00    0.00000
16800.00    0.00000
16810.00    0.00000
16820.00    0.00000
16830.00    0.00000
16840.00    0.00000
16850.00    0.00000
16860.00    0.00000
16870.00    0.00000
16880.00    0.00000
16890.00    0.00000
16900.00    0.00000
16910.00    0.00000
16920.00    0.00000
16930.00    0.00000
16940.00    0.00000
16950.00    0.00000
16960.00    0.00000
16970.00    0.00000
16980.00    0.00000
16990.00    0.00000
17000.00    0.00000
17010.00    0.00000
17020.00    0.00000
17030.00    0.00000
17040.00    0.00000
17050.00    0.00000
17060.00    0.00000
17070.00    0.00000
17080.00    0.00000
17090.00    0.00000
17100.00    0.00000
17110.00    0.00000
17120.00    0.00000
17130.00    0.00000
17140.00    0.00000
17150.00    0.00000
17160.00    0.00000
17170.00    0.00000
17180.00    0.00000
17190.00    0.00000
17200.00    0.00000
17210.00    0.00000
17220.00    0.00000
17230.00    0.00000
17240.00    0.00000
17250.00    0.00000
17260.00    0.00000
17270.00    0.00000
17280.00    0.00000
17290.00    0.00000
17300.00    0.00000
17310.00    0.00000
17320.00    0.00000
17330.00    0.00000
17340.00    0.00000
17350.00    0.00000
17360.00    0.00000
17370.00    0.00000
17380.00    0.00000
17390.00    0.00000
17400.00    0.00000
17410.00    0.00000
17420.00    0.00000
17430.00    0.00000
17440.00    0.00000
17450.00    0.00000
17460.00    0.00000
17470.00    0.00000
17480.00    0.00000
17490.00    0.00000
17500.00    0.00000
17510.00    0.00000
17520.00    0.00000
17530.00    0.00000
17540.00    0.00000
17550.00    0.00000
17560.00    0.00000
17570.00    0.00000
17580.00    0.00000
17590.00    0.00000
17600.00    0.00000
17610.00    0.00000
17620.00    0.00000
17630.00    0.00000
17640.00    0.00000
17650.00    0.00000
17660.00    0.00000
17670.00    0.00000
17680.00    0.00000
17690.00    0.00000
17700.00    0.00000
17710.00    0.00000
17720.00    0.00000
17730.00    0.00000
17740.00    0.00000
17750.00    0.00000
17760.00    0.00000
17770.00    0.00000
17780.00    0.00000
17790.00    0.00000
17800.00    0.00000
17810.00    0.00000
17820.00    0.00000
17830.00    0.00000
17840.00    0.00000
17850.00    0.00000
17860.00    0.00000
17870.00    0.00000
17880.00    0.00000
17890.00    0.00000
17900.00    0.00000
17910.00    0.00000
17920.00    0.00000
17930.00    0.00000
17940.00    0.00000
17950.00    0.00000
17960.00    0.00000
17970.00    0.00000
17980.00    0.00000
17990.00    0.00000
18000.00    0.00000
