     1      90.9
     2      93.5
     3      96.1
     4      97.7
     5      99.6
     6     102.0
     7     103.8
     8     105.6
     9     107.7
    10     110.4
    11     114.0
    12     117.8
    13     121.3
    14     124.8
    15     127.1
    16     128.4
    17     130.5
    18     132.4
    19     133.9
    20     136.6
    21     139.8
    22     143.3
    23     147.2
    24     151.0
    25     155.2
    26     158.8
    27     162.0
    28     166.0
    29     170.3
    30     173.4
    31     176.8
    32     180.2
    33     181.7
    34     186.1
    35     191.0
    36     193.9
    37     198.4
    38     201.8
    39     205.0
    40     210.5
    41     216.2
    42     219.8
    43     223.0
    44     226.8
    45     230.0
    46     234.0
    47     240.0
    48     246.5
    49     252.4
    50     256.8
    51     260.0
    52     264.0
    53     268.5
    54     273.5
    55     278.5
    56     284.0
    57     290.0
    58     296.0
    59     301.0
    60     308.0
    61     318.0
    62     328.0
    63     338.0
    64     348.0
    65     357.0
    66     366.0
    67     375.0
    68     385.0
    69     395.0
    70     405.0
    71     414.0
    72     422.0
    73     430.0
    74     441.0
    75     451.0
    76     460.0
    77     470.0
    78     480.0
    79     490.0
    80     500.0
    81     506.0
    82     512.0
    83     520.0
    84     530.0
    85     540.0
    86     550.0
    87     560.0
    88     570.0
    89     580.0
    90     590.0
    91     600.0
    92     610.0
    93     620.0
    94     630.0
    95     640.0
    96     650.0
    97     658.0
    98     665.0
    99     675.0
   100     685.0
   101     695.0
   102     705.0
   103     716.0
   104     726.0
   105     735.0
   106     745.0
   107     755.0
   108     765.0
   109     775.0
   110     785.0
   111     795.0
   112     805.0
   113     815.0
   114     825.0
   115     835.0
   116     845.0
   117     855.0
   118     865.0
   119     875.0
   120     885.0
   121     895.0
   122     905.0
   123     915.0
   124     925.0
   125     935.0
   126     945.0
   127     955.0
   128     965.0
   129     975.0
   130     985.0
   131     995.0
   132    1005.0
   133    1015.0
   134    1025.0
   135    1035.0
   136    1045.0
   137    1055.0
   138    1065.0
   139    1075.0
   140    1085.0
   141    1095.0
   142    1105.0
   143    1115.0
   144    1125.0
   145    1135.0
   146    1145.0
   147    1155.0
   148    1165.0
   149    1175.0
   150    1185.0
   151    1195.0
   152    1205.0
   153    1215.0
   154    1225.0
   155    1235.0
   156    1245.0
   157    1255.0
   158    1265.0
   159    1275.0
   160    1285.0
   161    1295.0
   162    1305.0
   163    1315.0
   164    1325.0
   165    1335.0
   166    1345.0
   167    1355.0
   168    1365.0
   169    1375.0
   170    1385.0
   171    1395.0
   172    1405.0
   173    1415.0
   174    1425.0
   175    1435.0
   176    1442.0
   177    1447.0
   178    1455.0
   179    1465.0
   180    1475.0
   181    1485.0
   182    1495.0
   183    1505.0
   184    1512.0
   185    1517.0
   186    1525.0
   187    1535.0
   188    1545.0
   189    1555.0
   190    1565.0
   191    1575.0
   192    1585.0
   193    1595.0
   194    1605.0
   195    1615.0
   196    1625.0
   197    1635.0
   198    1645.0
   199    1655.0
   200    1665.0
   201    1672.0
   202    1677.0
   203    1685.0
   204    1695.0
   205    1705.0
   206    1715.0
   207    1725.0
   208    1735.0
   209    1745.0
   210    1755.0
   211    1765.0
   212    1775.0
   213    1785.0
   214    1795.0
   215    1805.0
   216    1815.0
   217    1825.0
   218    1835.0
   219    1845.0
   220    1855.0
   221    1865.0
   222    1875.0
   223    1885.0
   224    1895.0
   225    1905.0
   226    1915.0
   227    1925.0
   228    1935.0
   229    1945.0
   230    1955.0
   231    1967.0
   232    1976.0
   233    1984.0
   234    1995.0
   235    2005.0
   236    2015.0
   237    2025.0
   238    2035.0
   239    2045.0
   240    2055.0
   241    2065.0
   242    2074.0
   243    2078.0
   244    2085.0
   245    2095.0
   246    2105.0
   247    2115.0
   248    2125.0
   249    2135.0
   250    2145.0
   251    2155.0
   252    2165.0
   253    2175.0
   254    2185.0
   255    2195.0
   256    2205.0
   257    2215.0
   258    2225.0
   259    2235.0
   260    2245.0
   261    2255.0
   262    2265.0
   263    2275.0
   264    2285.0
   265    2295.0
   266    2305.0
   267    2315.0
   268    2325.0
   269    2335.0
   270    2345.0
   271    2355.0
   272    2365.0
   273    2375.0
   274    2385.0
   275    2395.0
   276    2405.0
   277    2415.0
   278    2425.0
   279    2435.0
   280    2445.0
   281    2455.0
   282    2465.0
   283    2475.0
   284    2485.0
   285    2495.0
   286    2505.0
   287    2513.0
   288    2518.0
   289    2525.0
   290    2535.0
   291    2545.0
   292    2555.0
   293    2565.0
   294    2575.0
   295    2585.0
   296    2595.0
   297    2605.0
   298    2615.0
   299    2625.0
   300    2635.0
   301    2645.0
   302    2655.0
   303    2665.0
   304    2675.0
   305    2685.0
   306    2695.0
   307    2705.0
   308    2715.0
   309    2725.0
   310    2735.0
   311    2745.0
   312    2755.0
   313    2765.0
   314    2775.0
   315    2785.0
   316    2795.0
   317    2805.0
   318    2815.0
   319    2825.0
   320    2835.0
   321    2845.0
   322    2855.0
   323    2865.0
   324    2875.0
   325    2885.0
   326    2895.0
   327    2910.0
   328    2930.0
   329    2950.0
   330    2970.0
   331    2990.0
   332    3010.0
   333    3030.0
   334    3050.0
   335    3070.0
   336    3090.0
   337    3110.0
   338    3130.0
   339    3150.0
   340    3170.0
   341    3190.0
   342    3210.0
   343    3230.0
   344    3250.0
   345    3270.0
   346    3290.0
   347    3310.0
   348    3330.0
   349    3350.0
   350    3370.0
   351    3390.0
   352    3410.0
   353    3430.0
   354    3450.0
   355    3470.0
   356    3490.0
   357    3510.0
   358    3530.0
   359    3550.0
   360    3570.0
   361    3590.0
   362    3610.0
   363    3630.0
   364    3640.0
   365    3650.0
   366    3670.0
   367    3690.0
   368    3710.0
   369    3730.0
   370    3750.0
   371    3770.0
   372    3790.0
   373    3810.0
   374    3830.0
   375    3850.0
   376    3870.0
   377    3890.0
   378    3910.0
   379    3930.0
   380    3950.0
   381    3970.0
   382    3990.0
   383    4010.0
   384    4030.0
   385    4050.0
   386    4070.0
   387    4090.0
   388    4110.0
   389    4130.0
   390    4150.0
   391    4170.0
   392    4190.0
   393    4210.0
   394    4230.0
   395    4250.0
   396    4270.0
   397    4290.0
   398    4310.0
   399    4330.0
   400    4350.0
   401    4370.0
   402    4390.0
   403    4410.0
   404    4430.0
   405    4450.0
   406    4470.0
   407    4490.0
   408    4510.0
   409    4530.0
   410    4550.0
   411    4570.0
   412    4590.0
   413    4610.0
   414    4630.0
   415    4650.0
   416    4670.0
   417    4690.0
   418    4710.0
   419    4730.0
   420    4750.0
   421    4770.0
   422    4790.0
   423    4810.0
   424    4830.0
   425    4850.0
   426    4870.0
   427    4890.0
   428    4910.0
   429    4930.0
   430    4950.0
   431    4970.0
   432    4990.0
   433    5010.0
   434    5030.0
   435    5050.0
   436    5070.0
   437    5090.0
   438    5110.0
   439    5130.0
   440    5150.0
   441    5170.0
   442    5190.0
   443    5210.0
   444    5230.0
   445    5250.0
   446    5270.0
   447    5290.0
   448    5310.0
   449    5330.0
   450    5350.0
   451    5370.0
   452    5390.0
   453    5410.0
   454    5430.0
   455    5450.0
   456    5470.0
   457    5490.0
   458    5510.0
   459    5530.0
   460    5550.0
   461    5570.0
   462    5590.0
   463    5610.0
   464    5630.0
   465    5650.0
   466    5670.0
   467    5690.0
   468    5710.0
   469    5730.0
   470    5750.0
   471    5770.0
   472    5790.0
   473    5810.0
   474    5830.0
   475    5850.0
   476    5870.0
   477    5890.0
   478    5910.0
   479    5930.0
   480    5950.0
   481    5970.0
   482    5990.0
   483    6010.0
   484    6030.0
   485    6050.0
   486    6070.0
   487    6090.0
   488    6110.0
   489    6130.0
   490    6150.0
   491    6170.0
   492    6190.0
   493    6210.0
   494    6230.0
   495    6250.0
   496    6270.0
   497    6290.0
   498    6310.0
   499    6330.0
   500    6350.0
   501    6370.0
   502    6390.0
   503    6410.0
   504    6430.0
   505    6450.0
   506    6470.0
   507    6490.0
   508    6510.0
   509    6530.0
   510    6550.0
   511    6570.0
   512    6590.0
   513    6610.0
   514    6630.0
   515    6650.0
   516    6670.0
   517    6690.0
   518    6710.0
   519    6730.0
   520    6750.0
   521    6770.0
   522    6790.0
   523    6810.0
   524    6830.0
   525    6850.0
   526    6870.0
   527    6890.0
   528    6910.0
   529    6930.0
   530    6950.0
   531    6970.0
   532    6990.0
   533    7010.0
   534    7030.0
   535    7050.0
   536    7070.0
   537    7090.0
   538    7110.0
   539    7130.0
   540    7150.0
   541    7170.0
   542    7190.0
   543    7210.0
   544    7230.0
   545    7250.0
   546    7270.0
   547    7290.0
   548    7310.0
   549    7330.0
   550    7350.0
   551    7370.0
   552    7390.0
   553    7410.0
   554    7430.0
   555    7450.0
   556    7470.0
   557    7490.0
   558    7510.0
   559    7530.0
   560    7550.0
   561    7570.0
   562    7590.0
   563    7610.0
   564    7630.0
   565    7650.0
   566    7670.0
   567    7690.0
   568    7710.0
   569    7730.0
   570    7750.0
   571    7770.0
   572    7790.0
   573    7810.0
   574    7830.0
   575    7850.0
   576    7870.0
   577    7890.0
   578    7910.0
   579    7930.0
   580    7950.0
   581    7970.0
   582    7990.0
   583    8010.0
   584    8030.0
   585    8050.0
   586    8070.0
   587    8090.0
   588    8110.0
   589    8130.0
   590    8150.0
   591    8170.0
   592    8190.0
   593    8210.0
   594    8230.0
   595    8250.0
   596    8270.0
   597    8290.0
   598    8310.0
   599    8330.0
   600    8350.0
   601    8370.0
   602    8390.0
   603    8410.0
   604    8430.0
   605    8450.0
   606    8470.0
   607    8490.0
   608    8510.0
   609    8530.0
   610    8550.0
   611    8570.0
   612    8590.0
   613    8610.0
   614    8630.0
   615    8650.0
   616    8670.0
   617    8690.0
   618    8710.0
   619    8730.0
   620    8750.0
   621    8770.0
   622    8790.0
   623    8810.0
   624    8830.0
   625    8850.0
   626    8870.0
   627    8890.0
   628    8910.0
   629    8930.0
   630    8950.0
   631    8970.0
   632    8990.0
   633    9010.0
   634    9030.0
   635    9050.0
   636    9070.0
   637    9090.0
   638    9110.0
   639    9130.0
   640    9150.0
   641    9170.0
   642    9190.0
   643    9210.0
   644    9230.0
   645    9250.0
   646    9270.0
   647    9290.0
   648    9310.0
   649    9330.0
   650    9350.0
   651    9370.0
   652    9390.0
   653    9410.0
   654    9430.0
   655    9450.0
   656    9470.0
   657    9490.0
   658    9510.0
   659    9530.0
   660    9550.0
   661    9570.0
   662    9590.0
   663    9610.0
   664    9630.0
   665    9650.0
   666    9670.0
   667    9690.0
   668    9710.0
   669    9730.0
   670    9750.0
   671    9770.0
   672    9790.0
   673    9810.0
   674    9830.0
   675    9850.0
   676    9870.0
   677    9890.0
   678    9910.0
   679    9930.0
   680    9950.0
   681    9970.0
   682    9990.0
   683   10025.0
   684   10075.0
   685   10125.0
   686   10175.0
   687   10225.0
   688   10275.0
   689   10325.0
   690   10375.0
   691   10425.0
   692   10475.0
   693   10525.0
   694   10575.0
   695   10625.0
   696   10675.0
   697   10725.0
   698   10775.0
   699   10825.0
   700   10875.0
   701   10925.0
   702   10975.0
   703   11025.0
   704   11075.0
   705   11125.0
   706   11175.0
   707   11225.0
   708   11275.0
   709   11325.0
   710   11375.0
   711   11425.0
   712   11475.0
   713   11525.0
   714   11575.0
   715   11625.0
   716   11675.0
   717   11725.0
   718   11775.0
   719   11825.0
   720   11875.0
   721   11925.0
   722   11975.0
   723   12025.0
   724   12075.0
   725   12125.0
   726   12175.0
   727   12225.0
   728   12275.0
   729   12325.0
   730   12375.0
   731   12425.0
   732   12475.0
   733   12525.0
   734   12575.0
   735   12625.0
   736   12675.0
   737   12725.0
   738   12775.0
   739   12825.0
   740   12875.0
   741   12925.0
   742   12975.0
   743   13025.0
   744   13075.0
   745   13125.0
   746   13175.0
   747   13225.0
   748   13275.0
   749   13325.0
   750   13375.0
   751   13425.0
   752   13475.0
   753   13525.0
   754   13575.0
   755   13625.0
   756   13675.0
   757   13725.0
   758   13775.0
   759   13825.0
   760   13875.0
   761   13925.0
   762   13975.0
   763   14025.0
   764   14075.0
   765   14125.0
   766   14175.0
   767   14225.0
   768   14275.0
   769   14325.0
   770   14375.0
   771   14425.0
   772   14475.0
   773   14525.0
   774   14570.0
   775   14620.0
   776   14675.0
   777   14725.0
   778   14775.0
   779   14825.0
   780   14875.0
   781   14925.0
   782   14975.0
   783   15025.0
   784   15075.0
   785   15125.0
   786   15175.0
   787   15225.0
   788   15275.0
   789   15325.0
   790   15375.0
   791   15425.0
   792   15475.0
   793   15525.0
   794   15575.0
   795   15625.0
   796   15675.0
   797   15725.0
   798   15775.0
   799   15825.0
   800   15875.0
   801   15925.0
   802   15975.0
   803   16050.0
   804   16150.0
   805   16250.0
   806   16350.0
   807   16450.0
   808   16550.0
   809   16650.0
   810   16750.0
   811   16850.0
   812   16950.0
   813   17050.0
   814   17150.0
   815   17250.0
   816   17350.0
   817   17450.0
   818   17550.0
   819   17650.0
   820   17750.0
   821   17850.0
   822   17950.0
   823   18050.0
   824   18150.0
   825   18250.0
   826   18350.0
   827   18450.0
   828   18550.0
   829   18650.0
   830   18750.0
   831   18850.0
   832   18950.0
   833   19050.0
   834   19150.0
   835   19250.0
   836   19350.0
   837   19450.0
   838   19550.0
   839   19650.0
   840   19750.0
   841   19850.0
   842   19950.0
   843   20050.0
   844   20150.0
   845   20250.0
   846   20350.0
   847   20450.0
   848   20550.0
   849   20650.0
   850   20750.0
   851   20850.0
   852   20950.0
   853   21050.0
   854   21150.0
   855   21250.0
   856   21350.0
   857   21450.0
   858   21550.0
   859   21650.0
   860   21750.0
   861   21850.0
   862   21950.0
   863   22050.0
   864   22150.0
   865   22250.0
   866   22350.0
   867   22450.0
   868   22550.0
   869   22650.0
   870   22750.0
   871   22850.0
   872   22950.0
   873   23050.0
   874   23150.0
   875   23250.0
   876   23350.0
   877   23450.0
   878   23550.0
   879   23650.0
   880   23750.0
   881   23850.0
   882   23950.0
   883   24050.0
   884   24150.0
   885   24250.0
   886   24350.0
   887   24450.0
   888   24550.0
   889   24650.0
   890   24750.0
   891   24850.0
   892   24950.0
   893   25050.0
   894   25150.0
   895   25250.0
   896   25350.0
   897   25450.0
   898   25550.0
   899   25650.0
   900   25750.0
   901   25850.0
   902   25950.0
   903   26050.0
   904   26150.0
   905   26250.0
   906   26350.0
   907   26450.0
   908   26550.0
   909   26650.0
   910   26750.0
   911   26850.0
   912   26950.0
   913   27050.0
   914   27150.0
   915   27250.0
   916   27350.0
   917   27450.0
   918   27550.0
   919   27650.0
   920   27750.0
   921   27850.0
   922   27950.0
   923   28050.0
   924   28150.0
   925   28250.0
   926   28350.0
   927   28450.0
   928   28550.0
   929   28650.0
   930   28750.0
   931   28850.0
   932   28950.0
   933   29050.0
   934   29150.0
   935   29250.0
   936   29350.0
   937   29450.0
   938   29550.0
   939   29650.0
   940   29750.0
   941   29850.0
   942   29950.0
   943   30050.0
   944   30150.0
   945   30250.0
   946   30350.0
   947   30450.0
   948   30550.0
   949   30650.0
   950   30750.0
   951   30850.0
   952   30950.0
   953   31050.0
   954   31150.0
   955   31250.0
   956   31350.0
   957   31450.0
   958   31550.0
   959   31650.0
   960   31750.0
   961   31850.0
   962   31950.0
   963   32100.0
   964   32300.0
   965   32500.0
   966   32700.0
   967   32900.0
   968   33100.0
   969   33300.0
   970   33500.0
   971   33700.0
   972   33900.0
   973   34100.0
   974   34300.0
   975   34500.0
   976   34700.0
   977   34900.0
   978   35100.0
   979   35300.0
   980   35500.0
   981   35700.0
   982   35900.0
   983   36100.0
   984   36300.0
   985   36500.0
   986   36700.0
   987   36900.0
   988   37100.0
   989   37300.0
   990   37500.0
   991   37700.0
   992   37900.0
   993   38100.0
   994   38300.0
   995   38500.0
   996   38700.0
   997   38900.0
   998   39100.0
   999   39300.0
  1000   39500.0
  1001   39700.0
  1002   39900.0
  1003   40100.0
  1004   40300.0
  1005   40500.0
  1006   40700.0
  1007   40900.0
  1008   41100.0
  1009   41300.0
  1010   41500.0
  1011   41700.0
  1012   41900.0
  1013   42100.0
  1014   42300.0
  1015   42500.0
  1016   42700.0
  1017   42900.0
  1018   43100.0
  1019   43300.0
  1020   43500.0
  1021   43700.0
  1022   43900.0
  1023   44100.0
  1024   44300.0
  1025   44500.0
  1026   44700.0
  1027   44900.0
  1028   45100.0
  1029   45300.0
  1030   45500.0
  1031   45700.0
  1032   45900.0
  1033   46100.0
  1034   46300.0
  1035   46500.0
  1036   46700.0
  1037   46900.0
  1038   47100.0
  1039   47300.0
  1040   47500.0
  1041   47700.0
  1042   47900.0
  1043   48100.0
  1044   48300.0
  1045   48500.0
  1046   48700.0
  1047   48900.0
  1048   49100.0
  1049   49300.0
  1050   49500.0
  1051   49700.0
  1052   49900.0
  1053   50100.0
  1054   50300.0
  1055   50500.0
  1056   50700.0
  1057   50900.0
  1058   51100.0
  1059   51300.0
  1060   51500.0
  1061   51700.0
  1062   51900.0
  1063   52100.0
  1064   52300.0
  1065   52500.0
  1066   52700.0
  1067   52900.0
  1068   53100.0
  1069   53300.0
  1070   53500.0
  1071   53700.0
  1072   53900.0
  1073   54100.0
  1074   54300.0
  1075   54500.0
  1076   54700.0
  1077   54900.0
  1078   55100.0
  1079   55300.0
  1080   55500.0
  1081   55700.0
  1082   55900.0
  1083   56100.0
  1084   56300.0
  1085   56500.0
  1086   56700.0
  1087   56900.0
  1088   57100.0
  1089   57300.0
  1090   57500.0
  1091   57700.0
  1092   57900.0
  1093   58100.0
  1094   58300.0
  1095   58500.0
  1096   58700.0
  1097   58900.0
  1098   59100.0
  1099   59300.0
  1100   59500.0
  1101   59700.0
  1102   59900.0
  1103   60100.0
  1104   60300.0
  1105   60500.0
  1106   60700.0
  1107   60900.0
  1108   61100.0
  1109   61300.0
  1110   61500.0
  1111   61700.0
  1112   61900.0
  1113   62100.0
  1114   62300.0
  1115   62500.0
  1116   62700.0
  1117   62900.0
  1118   63100.0
  1119   63300.0
  1120   63500.0
  1121   63700.0
  1122   63900.0
  1123   64200.0
  1124   64600.0
  1125   65000.0
  1126   65400.0
  1127   65800.0
  1128   66200.0
  1129   66600.0
  1130   67000.0
  1131   67400.0
  1132   67800.0
  1133   68200.0
  1134   68600.0
  1135   69000.0
  1136   69400.0
  1137   69800.0
  1138   70200.0
  1139   70600.0
  1140   71000.0
  1141   71400.0
  1142   71800.0
  1143   72200.0
  1144   72600.0
  1145   73000.0
  1146   73400.0
  1147   73800.0
  1148   74200.0
  1149   74600.0
  1150   75000.0
  1151   75400.0
  1152   75800.0
  1153   76200.0
  1154   76600.0
  1155   77000.0
  1156   77400.0
  1157   77800.0
  1158   78200.0
  1159   78600.0
  1160   79000.0
  1161   79400.0
  1162   79800.0
  1163   80200.0
  1164   80600.0
  1165   81000.0
  1166   81400.0
  1167   81800.0
  1168   82200.0
  1169   82600.0
  1170   83000.0
  1171   83400.0
  1172   83800.0
  1173   84200.0
  1174   84600.0
  1175   85000.0
  1176   85400.0
  1177   85800.0
  1178   86200.0
  1179   86600.0
  1180   87000.0
  1181   87400.0
  1182   87800.0
  1183   88200.0
  1184   88600.0
  1185   89000.0
  1186   89400.0
  1187   89800.0
  1188   90200.0
  1189   90600.0
  1190   91000.0
  1191   91400.0
  1192   91800.0
  1193   92200.0
  1194   92600.0
  1195   93000.0
  1196   93400.0
  1197   93800.0
  1198   94200.0
  1199   94600.0
  1200   95000.0
  1201   95400.0
  1202   95800.0
  1203   96200.0
  1204   96600.0
  1205   97000.0
  1206   97400.0
  1207   97800.0
  1208   98200.0
  1209   98600.0
  1210   99000.0
  1211   99400.0
  1212   99800.0
  1213  100200.0
  1214  200000.0
  1215  400000.0
  1216  600000.0
  1217  800000.0
  1218 1000000.0
  1219 1200000.0
  1220 1400000.0
  1221 1600000.0
