15995 0
15995 3.5785e-05
16000 3.35059e-05
16005 3.06782e-06
16010 2.10776e-05
16015 2.45292e-05
16020 -6.12315e-06
16025 1.54269e-05
16030 9.30671e-06
16035 3.40568e-05
16040 3.41517e-10
16045 3.18099e-06
16050 2.12665e-05
16055 8.74906e-06
16060 5.63954e-05
16065 6.26529e-06
16070 -2.59287e-05
16075 4.97328e-05
16080 2.84841e-05
16085 5.3907e-05
16090 1.8342e-09
16095 3.41065e-05
16100 9.58049e-06
16105 -1.91798e-05
16110 2.46362e-05
16115 1.60854e-05
16120 -2.25842e-05
16125 -4.19831e-05
16130 -2.26283e-05
16135 5.85185e-05
16140 -1.13057e-06
16145 2.81388e-05
16150 7.7212e-05
16155 -6.52741e-06
16160 2.49386e-05
16165 6.1225e-05
16170 6.27902e-05
16175 -3.29176e-06
16180 1.83839e-05
16185 1.00485e-05
16190 4.01401e-05
16195 -8.30755e-06
16200 5.06972e-06
16205 7.21858e-05
16210 -1.85198e-05
16215 1.01983e-05
16220 8.27469e-05
16225 -1.19249e-05
16230 4.43241e-05
16235 6.84444e-06
16240 3.56858e-05
16245 3.08873e-05
16250 6.9879e-06
16255 -2.06077e-06
16260 3.57829e-05
16265 2.20205e-05
16270 4.69602e-06
16275 2.55062e-05
16280 1.05377e-05
16285 -1.62913e-05
16290 5.25299e-05
16295 2.56906e-05
16300 3.27001e-05
16305 -2.09478e-05
16310 4.59683e-05
16315 3.27867e-05
16320 8.08545e-06
16325 7.20744e-06
16330 5.43881e-05
16335 5.46257e-05
16340 0.000100346
16345 2.5854e-05
16350 4.04501e-05
16355 6.14908e-05
16360 6.22125e-05
16365 9.86208e-05
16370 9.14744e-05
16375 6.25349e-05
16380 5.17055e-05
16385 8.47496e-05
16390 0.000132686
16395 0.000106785
16400 0.000136888
16405 3.70248e-05
16410 0.000126379
16415 0.00012649
16420 0.000137978
16425 9.3513e-05
16430 0.000138766
16435 0.000101507
16440 8.66619e-05
16445 0.000105783
16450 0.000170265
16455 0.000163234
16460 0.000174833
16465 0.00011454
16470 0.000171861
16475 0.000210462
16480 0.00011513
16485 0.000196165
16490 0.000173399
16495 0.000204807
16500 0.000189699
16505 0.000210152
16510 0.000248987
16515 0.000211269
16520 0.00021492
16525 0.000238934
16530 0.000219846
16535 0.000196724
16540 0.000232829
16545 0.000281081
16550 0.000249865
16555 0.000255476
16560 0.000264094
16565 0.000243689
16570 0.000257523
16575 0.000248929
16580 0.000269696
16585 0.000278593
16590 0.000238649
16595 0.000310112
16600 0.000366578
16605 0.000392131
16610 0.00034575
16615 0.000419004
16620 0.000395557
16625 0.000413231
16630 0.000389501
16635 0.000355318
16640 0.000446275
16645 0.000411979
16650 0.000446975
16655 0.000448313
16660 0.000460212
16665 0.000397757
16670 0.000367256
16675 0.000496365
16680 0.000546489
16685 0.000466548
16690 0.000526336
16695 0.000514866
16700 0.000500437
16705 0.000478342
16710 0.000532969
16715 0.000576421
16720 0.000570458
16725 0.000583366
16730 0.000599183
16735 0.000547912
16740 0.000561955
16745 0.000605928
16750 0.000582145
16755 0.000570256
16760 0.000619243
16765 0.000670295
16770 0.000658588
16775 0.000602053
16780 0.000652333
16785 0.000675494
16790 0.00067829
16795 0.000711195
16800 0.000717116
16805 0.000795968
16810 0.000771185
16815 0.000746047
16820 0.000716137
16825 0.000740496
16830 0.000783831
16835 0.00073589
16840 0.000825807
16845 0.000805181
16850 0.00085812
16855 0.000856118
16860 0.000830528
16865 0.000851333
16870 0.000863234
16875 0.000950276
16880 0.000863149
16885 0.000964753
16890 0.00095755
16895 0.000974314
16900 0.00090557
16905 0.00103638
16910 0.00105784
16915 0.00102202
16920 0.00105361
16925 0.00108019
16930 0.00105843
16935 0.00109956
16940 0.00104502
16945 0.00117366
16950 0.000996698
16955 0.00118036
16960 0.00125685
16965 0.00125519
16970 0.00126412
16975 0.00118763
16980 0.00126062
16985 0.00130385
16990 0.00126041
16995 0.00132369
17000 0.00136658
17005 0.00134979
17010 0.0014764
17015 0.00150843
17020 0.00150593
17025 0.0015374
17030 0.00150927
17035 0.00154167
17040 0.00157961
17045 0.00173327
17050 0.00165676
17055 0.00169313
17060 0.00173082
17065 0.00171323
17070 0.00180327
17075 0.00189317
17080 0.00194638
17085 0.00195567
17090 0.00196835
17095 0.00190766
17100 0.00203947
17105 0.00208715
17110 0.0021536
17115 0.0020876
17120 0.00216651
17125 0.00227451
17130 0.00231012
17135 0.0023001
17140 0.00237967
17145 0.00256689
17150 0.00248553
17155 0.00263483
17160 0.00261651
17165 0.00275578
17170 0.00287926
17175 0.0028535
17180 0.00292039
17185 0.00296605
17190 0.00304629
17195 0.00306346
17200 0.00321185
17205 0.00334612
17210 0.00336087
17215 0.0033999
17220 0.00352796
17225 0.003605
17230 0.00364696
17235 0.00380009
17240 0.00382355
17245 0.00401569
17250 0.00402993
17255 0.00416265
17260 0.00429153
17265 0.00436471
17270 0.00442369
17275 0.00455291
17280 0.00469307
17285 0.00484005
17290 0.00489073
17295 0.00507477
17300 0.00526948
17305 0.00533837
17310 0.00540584
17315 0.00559357
17330 0.0060689
17335 0.00621253
17340 0.00639721
17345 0.00651847
17350 0.00673398
17355 0.00682719
17360 0.00707713
17365 0.00725916
17370 0.00737831
17375 0.00759048
17380 0.00778388
17385 0.00801599
17390 0.00820004
17395 0.00844539
17400 0.0086425
17405 0.00877986
17410 0.00906396
17415 0.00937452
17420 0.00948756
17425 0.00994258
17430 0.0101042
17435 0.01028
17440 0.0106888
17445 0.0108684
17450 0.0111449
17455 0.0114971
17460 0.011676
17465 0.0119269
17470 0.0123006
17475 0.0124662
17480 0.0129581
17485 0.0132945
17490 0.0134689
17495 0.0138941
17500 0.0142046
17505 0.014647
17510 0.0150424
17515 0.0152514
17520 0.0157241
17525 0.0160511
17530 0.0164382
17535 0.0167285
17540 0.0172021
17545 0.0176243
17550 0.0180454
17555 0.0185018
17560 0.0189244
17565 0.0193727
17570 0.0198414
17575 0.0203815
17580 0.0207445
17585 0.0211671
17590 0.0216578
17595 0.0220594
17600 0.0226491
17605 0.0231347
17610 0.0236227
17615 0.0242141
17620 0.0248169
17625 0.0254208
17630 0.0257411
17635 0.0263606
17640 0.0270672
17645 0.0275006
17650 0.0281275
17655 0.0288096
17660 0.0293222
17665 0.0300814
17670 0.0306967
17675 0.0312737
17680 0.032088
17685 0.0326192
17690 0.0333999
17695 0.0340259
17700 0.0347545
17705 0.0356341
17710 0.0362439
17715 0.0370519
17720 0.0379119
17725 0.0386895
17730 0.0395407
17735 0.040436
17740 0.0411953
17745 0.0422449
17750 0.0431431
17755 0.0439831
17760 0.0448819
17765 0.0458381
17770 0.0469588
17775 0.0479542
17780 0.0488946
17785 0.0499561
17790 0.0511761
17795 0.0523418
17800 0.0535007
17805 0.0547077
17810 0.0558513
17815 0.0571058
17820 0.0584371
17825 0.0597597
17830 0.0612218
17835 0.0625349
17840 0.0639591
17845 0.0654003
17850 0.0669507
17855 0.0685059
17860 0.0702114
17865 0.0718286
17870 0.0735394
17875 0.0752699
17880 0.0769694
17885 0.0788651
17890 0.0807805
17895 0.082642
17900 0.0846006
17905 0.0867605
17910 0.0887009
17915 0.0907745
17920 0.0930631
17925 0.0955083
17930 0.0978569
17935 0.100147
17940 0.102591
17945 0.105156
17950 0.107694
17955 0.110496
17960 0.113218
17965 0.116092
17970 0.11893
17975 0.121692
17980 0.124805
17985 0.127994
17990 0.13124
17995 0.134496
18000 0.137707
18005 0.140904
18010 0.144464
18015 0.148008
18020 0.151822
18025 0.155402
18030 0.158987
18035 0.162585
18040 0.166238
18045 0.169968
18050 0.174132
18055 0.178184
18060 0.182238
18065 0.186214
18070 0.190166
18075 0.194401
18080 0.198566
18085 0.202673
18090 0.206775
18095 0.210867
18100 0.214943
18105 0.219278
18110 0.223448
18115 0.228024
18120 0.232224
18125 0.236308
18130 0.240141
18135 0.244152
18140 0.248152
18145 0.252253
18150 0.256426
18155 0.260394
18160 0.264179
18165 0.267729
18170 0.271171
18175 0.274994
18180 0.278286
18185 0.281468
18190 0.284614
18195 0.287791
18200 0.290856
18205 0.293839
18210 0.297039
18215 0.299942
18220 0.302492
18225 0.304598
18230 0.306941
18235 0.308975
18240 0.310888
18245 0.312965
18250 0.314676
18255 0.316562
18260 0.318303
18265 0.31962
18270 0.321292
18275 0.322717
18280 0.323885
18285 0.32507
18290 0.326021
18295 0.327236
18300 0.328078
18305 0.329069
18310 0.329726
18315 0.330433
18320 0.331141
18325 0.331692
18330 0.332054
18335 0.332544
18340 0.333119
18345 0.333399
18350 0.333696
18355 0.333931
18360 0.334365
18365 0.334496
18370 0.334716
18375 0.335088
18380 0.335057
18385 0.335384
18390 0.335597
18395 0.335607
18400 0.335992
18405 0.335912
18410 0.335867
18415 0.33607
18420 0.336297
18425 0.336315
18430 0.336432
18435 0.336519
18440 0.336629
18445 0.336793
18450 0.336954
18455 0.336967
18460 0.337338
18465 0.337309
18470 0.337408
18475 0.337722
18480 0.337899
18485 0.338061
18490 0.338253
18495 0.338305
18500 0.33852
18505 0.338658
18510 0.339028
18515 0.339319
18520 0.339562
18525 0.339891
18530 0.34014
18535 0.340482
18540 0.340709
18545 0.34109
18550 0.341256
18555 0.341597
18560 0.341924
18565 0.342106
18570 0.342551
18575 0.34278
18580 0.343158
18585 0.343434
18590 0.34383
18595 0.344138
18600 0.344421
18605 0.344624
18610 0.344912
18615 0.345229
18620 0.345613
18625 0.345817
18630 0.345785
18635 0.346162
18640 0.346433
18645 0.346822
18650 0.34683
18655 0.347043
18660 0.347192
18665 0.347478
18670 0.347618
18675 0.347713
18680 0.347618
18685 0.348086
18690 0.348197
18695 0.348149
18700 0.348238
18705 0.348104
18710 0.348229
18715 0.348354
18720 0.348156
18725 0.348029
18730 0.347993
18735 0.347953
18740 0.348139
18745 0.347793
18750 0.347561
18755 0.347534
18760 0.34739
18765 0.347046
18770 0.346915
18775 0.346733
18780 0.346306
18785 0.346208
18790 0.345854
18795 0.345362
18800 0.345408
18805 0.344945
18810 0.344573
18815 0.344242
18820 0.343885
18825 0.343501
18830 0.343182
18835 0.342716
18840 0.342271
18845 0.341848
18850 0.34144
18855 0.341165
18860 0.340623
18865 0.340195
18870 0.339739
18875 0.339401
18880 0.338918
18885 0.338516
18890 0.337921
18895 0.337453
18900 0.337124
18905 0.336332
18910 0.336181
18915 0.33572
18920 0.335053
18925 0.334798
18930 0.334316
18935 0.333557
18940 0.333381
18945 0.332887
18950 0.332434
18955 0.332053
18960 0.331801
18965 0.331252
18970 0.330927
18975 0.330447
18980 0.330203
18985 0.329998
18990 0.329263
18995 0.328972
19000 0.328567
19005 0.32851
19010 0.328626
19015 0.328227
19020 0.328079
19025 0.328125
19030 0.327864
19035 0.327748
19040 0.327867
19045 0.3278
19050 0.327564
19055 0.327466
19060 0.327485
19065 0.327527
19070 0.327691
19075 0.327489
19080 0.327604
19085 0.327855
19090 0.327753
19095 0.327822
19100 0.327823
19105 0.327992
19110 0.328112
19115 0.328245
19120 0.328458
19125 0.328924
19130 0.328895
19135 0.329184
19140 0.329399
19145 0.329664
19150 0.330004
19155 0.330284
19160 0.330701
19165 0.330925
19170 0.331193
19175 0.331633
19180 0.33194
19185 0.332254
19190 0.332566
19195 0.332706
19200 0.332971
19205 0.33369
19210 0.334171
19215 0.334717
19220 0.335055
19225 0.335445
19230 0.335762
19235 0.336206
19240 0.336358
19245 0.337004
19250 0.337602
19255 0.337956
19260 0.338526
19265 0.338953
19270 0.339469
19275 0.340006
19280 0.34035
19285 0.340989
19290 0.341519
19295 0.342035
19300 0.342165
19305 0.342917
19310 0.343458
19315 0.343812
19320 0.34433
19325 0.345082
19330 0.345286
19335 0.345832
19340 0.34641
19345 0.346933
19350 0.347553
19355 0.347763
19360 0.348311
19365 0.348963
19370 0.349432
19375 0.349687
19380 0.350424
19385 0.350865
19390 0.351403
19395 0.351814
19400 0.352168
19405 0.353006
19410 0.353303
19415 0.353601
19420 0.354375
19425 0.354652
19430 0.355205
19435 0.355769
19440 0.356108
19445 0.356611
19450 0.356917
19455 0.357518
19460 0.357741
19465 0.358291
19470 0.358555
19475 0.359144
19480 0.359424
19485 0.359832
19490 0.360327
19495 0.3605
19500 0.36076
19505 0.361136
19510 0.361325
19515 0.36173
19520 0.36202
19525 0.362472
19530 0.362736
19535 0.363041
19540 0.363215
19545 0.363499
19550 0.363737
19555 0.363864
19560 0.364141
19565 0.364421
19570 0.364336
19575 0.364713
19580 0.365099
19585 0.365213
19590 0.365331
19595 0.365421
19600 0.3656
19605 0.365758
19610 0.365824
19615 0.366193
19620 0.366246
19625 0.365956
19630 0.366036
19635 0.366394
19640 0.366515
19645 0.366508
19650 0.366496
19655 0.366513
19660 0.366375
19665 0.366413
19670 0.366624
19675 0.366567
19680 0.366647
19685 0.366505
19690 0.366718
19695 0.366437
19700 0.366366
19705 0.36658
19710 0.366288
19715 0.366268
19720 0.366207
19725 0.366064
19730 0.36584
19735 0.366089
19740 0.365803
19745 0.365618
19750 0.365513
19755 0.365483
19760 0.365277
19765 0.365159
19770 0.365142
19775 0.364858
19780 0.364697
19785 0.36494
19790 0.36454
19795 0.364372
19800 0.364029
19805 0.364158
19810 0.364179
19815 0.363852
19820 0.363683
19825 0.363641
19830 0.363694
19835 0.363355
19840 0.363268
19845 0.362969
19850 0.362798
19855 0.362547
19860 0.3627
19865 0.362369
19870 0.362234
19875 0.362101
19880 0.361828
19885 0.361856
19890 0.361462
19895 0.361282
19900 0.361144
19905 0.360912
19910 0.360931
19915 0.36076
19920 0.360237
19925 0.360144
19930 0.360311
19935 0.360068
19940 0.359867
19945 0.359498
19950 0.359278
19955 0.359373
19960 0.359227
19965 0.359201
19970 0.358648
19975 0.358945
19980 0.35886
19985 0.358536
19990 0.358264
19995 0.358387
20000 0.358098
20005 0.358396
20010 0.358479
20015 0.358819
20020 0.358942
20025 0.359136
20030 0.359347
20035 0.359704
20040 0.36002
20045 0.360092
20050 0.360354
20055 0.360981
20060 0.360782
20065 0.361151
20070 0.361305
20075 0.361726
20080 0.361983
20085 0.362245
20090 0.362599
20095 0.362805
20100 0.363086
20105 0.363644
20110 0.363893
20115 0.364018
20120 0.364382
20125 0.36502
20130 0.36508
20135 0.365546
20140 0.36599
20145 0.366167
20150 0.366509
20155 0.366897
20160 0.367156
20165 0.367588
20170 0.368124
20175 0.368464
20180 0.368789
20185 0.369369
20190 0.369553
20195 0.370106
20200 0.370519
20205 0.370855
20210 0.371424
20215 0.371811
20220 0.372045
20225 0.372665
20230 0.373081
20235 0.373635
20240 0.374092
20245 0.374455
20250 0.37523
20255 0.375628
20260 0.375984
20265 0.376645
20270 0.3771
20275 0.377807
20280 0.378126
20285 0.378654
20290 0.379281
20295 0.379821
20300 0.380074
20305 0.380763
20310 0.381619
20315 0.382124
20320 0.382646
20325 0.38326
20330 0.383723
20335 0.384401
20340 0.385312
20345 0.385509
20350 0.386609
20355 0.386617
20360 0.387441
20365 0.388028
20370 0.388737
20375 0.389285
20380 0.39017
20385 0.390566
20390 0.391569
20395 0.392112
20400 0.392628
20405 0.393484
20410 0.394177
20415 0.394825
20420 0.395598
20425 0.396207
20430 0.396823
20435 0.39775
20440 0.398274
20445 0.399008
20450 0.400048
20455 0.400536
20460 0.401395
20465 0.402275
20470 0.403035
20475 0.4038
20480 0.404615
20485 0.405023
20490 0.405799
20495 0.406571
20500 0.407463
20505 0.408495
20510 0.409222
20515 0.409883
20520 0.410733
20525 0.41157
20530 0.412213
20535 0.412996
20540 0.413434
20545 0.414635
20550 0.415215
20555 0.416003
20560 0.416959
20565 0.417614
20570 0.41852
20575 0.419411
20580 0.419871
20585 0.421058
20590 0.421773
20595 0.422272
20600 0.423157
20605 0.423924
20610 0.424696
20615 0.425407
20620 0.426455
20625 0.427022
20630 0.427797
20635 0.428408
20640 0.429318
20645 0.430325
20650 0.43096
20655 0.431737
20660 0.432319
20665 0.433069
20670 0.434021
20675 0.434921
20680 0.435493
20685 0.436288
20690 0.437154
20695 0.437711
20700 0.439001
20705 0.439411
20710 0.439794
20715 0.44075
20720 0.44142
20725 0.441936
20730 0.442917
20735 0.443486
20740 0.444033
20745 0.444608
20750 0.445386
20755 0.446176
20760 0.446907
20765 0.447697
20770 0.448071
20775 0.448861
20780 0.449631
20785 0.450333
20790 0.450891
20795 0.451292
20800 0.452046
20805 0.453056
20810 0.453524
20815 0.454081
20820 0.454815
20825 0.455323
20830 0.45615
20835 0.456442
20840 0.457178
20845 0.457897
20850 0.458435
20855 0.459182
20860 0.459866
20865 0.460158
20870 0.460739
20875 0.461391
20880 0.462067
20885 0.462515
20890 0.463046
20895 0.463938
20900 0.464098
20905 0.465041
20910 0.465392
20915 0.465874
20920 0.466394
20925 0.467132
20930 0.467595
20935 0.468522
20940 0.469208
20945 0.469341
20950 0.469669
20955 0.470183
20960 0.470927
20965 0.47118
20970 0.471609
20975 0.472364
20980 0.472871
20985 0.473672
20990 0.474052
20995 0.474202
21000 0.474936
21005 0.475146
21010 0.47505
21015 0.475294
21020 0.475373
21025 0.475294
21030 0.475313
21035 0.475515
21040 0.475695
21045 0.475748
21050 0.475805
21055 0.475766
21060 0.475837
21065 0.476008
21070 0.475994
21075 0.476186
21080 0.476019
21085 0.476316
21090 0.475987
21095 0.476276
21100 0.476746
21105 0.476396
21110 0.476622
21115 0.476659
21120 0.476774
21125 0.477061
21130 0.477227
21135 0.476608
21140 0.476816
21145 0.477199
21150 0.477067
21155 0.477262
21160 0.4771
21165 0.476702
21170 0.477324
21175 0.477023
21180 0.477141
21185 0.477775
21190 0.477505
21195 0.477627
21200 0.477617
21205 0.477481
21210 0.477682
21215 0.477518
21220 0.477867
21225 0.478026
21230 0.478025
21235 0.477591
21240 0.478115
21245 0.478323
21250 0.478222
21255 0.478519
21260 0.478513
21265 0.478461
21270 0.478742
21275 0.478227
21280 0.478771
21285 0.478801
21290 0.478835
21295 0.478708
21300 0.479235
21305 0.478994
21310 0.479223
21315 0.479488
21320 0.479348
21325 0.47912
21330 0.479073
21335 0.479234
21340 0.479439
21345 0.479284
21350 0.479737
21355 0.479349
21360 0.479338
21365 0.479421
21370 0.479584
21375 0.479341
21380 0.479423
21385 0.479509
21390 0.479523
21395 0.479523
21400 0.479558
21405 0.479168
21410 0.479696
21415 0.47943
21420 0.479697
21425 0.479519
21430 0.479499
21435 0.47941
21440 0.479227
21445 0.479386
21450 0.479262
21455 0.479079
21460 0.478846
21465 0.478943
21470 0.479031
21475 0.478753
21480 0.478553
21485 0.478738
21490 0.478394
21495 0.47848
21500 0.478303
21505 0.478335
21510 0.478037
21515 0.477697
21520 0.477634
21525 0.477832
21530 0.477392
21535 0.478048
21540 0.477948
21545 0.477249
21550 0.476979
21555 0.477378
21560 0.476977
21565 0.476744
21570 0.476944
21575 0.476508
21580 0.475856
21585 0.475782
21590 0.476222
21595 0.475571
21600 0.475273
21605 0.474828
21610 0.474554
21615 0.474949
21620 0.473753
21625 0.473629
21630 0.473605
21635 0.472995
21640 0.472772
21645 0.472272
21650 0.472142
21655 0.471504
21660 0.470759
21665 0.470607
21670 0.470026
21675 0.469566
21680 0.46947
21685 0.46874
21690 0.468349
21695 0.467761
21700 0.467106
21705 0.466462
21710 0.466134
21715 0.465167
21720 0.465303
21725 0.4645
21730 0.463867
21735 0.463162
21740 0.462203
21745 0.46234
21750 0.46104
21755 0.460455
21760 0.460052
21765 0.459787
21770 0.458641
21775 0.458067
21780 0.457034
21785 0.456239
21790 0.455977
21795 0.454989
21800 0.454079
21805 0.453216
21810 0.45218
21815 0.451224
21820 0.450311
21825 0.449889
21830 0.44862
21835 0.447806
21840 0.447262
21845 0.445751
21850 0.44465
21855 0.443475
21860 0.442669
21865 0.441556
21870 0.440147
21875 0.439159
21880 0.438063
21885 0.436737
21890 0.43542
21895 0.434018
21900 0.432585
21905 0.430781
21910 0.429411
21915 0.427967
21920 0.426562
21925 0.424749
21930 0.422713
21935 0.421088
21940 0.419131
21945 0.417772
21950 0.415915
21955 0.413771
21960 0.41181
21965 0.409989
21970 0.407688
21975 0.405955
21980 0.403922
21985 0.401965
21990 0.40003
21995 0.398091
22000 0.396066
22005 0.393863
22010 0.392389
22015 0.390725
22020 0.389349
22025 0.387369
22030 0.385827
22035 0.384256
22040 0.383033
22045 0.381677
22050 0.380417
22055 0.379152
22060 0.377828
22065 0.377068
22070 0.375901
22075 0.375174
22080 0.374404
22085 0.373592
22090 0.372808
22095 0.372287
22100 0.371886
22105 0.371438
22110 0.371141
22115 0.37065
22120 0.370619
22125 0.370383
22130 0.370546
22135 0.370453
22140 0.370321
22145 0.370613
22150 0.37049
22155 0.370697
22160 0.370901
22165 0.371226
22170 0.371526
22175 0.371979
22180 0.372082
22185 0.372479
22190 0.37309
22195 0.373671
22200 0.374026
22205 0.37464
22210 0.375259
22215 0.375685
22220 0.376672
22225 0.376931
22230 0.377945
22235 0.378581
22240 0.379046
22245 0.380004
22250 0.380604
22255 0.381512
22260 0.382056
22265 0.383
22270 0.384015
22275 0.384548
22280 0.385418
22285 0.386202
22290 0.387377
22295 0.388019
22300 0.388811
22305 0.389643
22310 0.390763
22315 0.391272
22320 0.392198
22325 0.393069
22330 0.393892
22335 0.394964
22340 0.395731
22345 0.396674
22350 0.397538
22355 0.398359
22360 0.399475
22365 0.400192
22370 0.401045
22375 0.402176
22380 0.40323
22385 0.404701
22390 0.405292
22395 0.406232
22400 0.407535
22405 0.408409
22410 0.409533
22415 0.410791
22420 0.411633
22425 0.412882
22430 0.413708
22435 0.415211
22440 0.415892
22445 0.417281
22450 0.418149
22455 0.420113
22460 0.420904
22465 0.421954
22470 0.423323
22475 0.424489
22480 0.425569
22485 0.427281
22490 0.428121
22495 0.429185
22500 0.430653
22505 0.431862
22510 0.432967
22515 0.434081
22520 0.435294
22525 0.43655
22530 0.437323
22535 0.438707
22540 0.439923
22545 0.44097
22550 0.441974
22555 0.443228
22560 0.443983
22565 0.445284
22570 0.446059
22575 0.446914
22580 0.447748
22585 0.448514
22590 0.449534
22595 0.449452
22600 0.450763
22605 0.450886
22610 0.45156
22615 0.451422
22620 0.451949
22625 0.452496
22630 0.452725
22635 0.452281
22640 0.452271
22645 0.452645
22650 0.452416
22655 0.452079
22660 0.451919
22665 0.450831
22670 0.450549
22675 0.449935
22680 0.449252
22685 0.447847
22690 0.447492
22695 0.446367
22700 0.44495
22705 0.443779
22710 0.442206
22715 0.441102
22720 0.439067
22725 0.436876
22730 0.435632
22735 0.43327
22740 0.431246
22745 0.429464
22750 0.426899
22755 0.424243
22760 0.421926
22765 0.419382
22770 0.416736
22775 0.413457
22780 0.411143
22785 0.407773
22790 0.404689
22795 0.401384
22800 0.398659
22805 0.395063
22810 0.391654
22815 0.388501
22820 0.384558
22825 0.381239
22830 0.377416
22835 0.37402
22840 0.370325
22845 0.366319
22850 0.36247
22855 0.358292
22860 0.354469
22865 0.350841
22870 0.347147
22875 0.342937
22880 0.338896
22885 0.334889
22890 0.330887
22895 0.327046
22900 0.32332
22905 0.319396
22910 0.315196
22915 0.310947
22920 0.307003
22925 0.303239
22930 0.299372
22935 0.295535
22940 0.291501
22945 0.28753
22950 0.283467
22955 0.279743
22960 0.275973
22965 0.272275
22970 0.268658
22975 0.264711
22980 0.260935
22985 0.257269
22990 0.253946
22995 0.250531
23000 0.246948
23005 0.2434
23010 0.239794
23015 0.236214
23020 0.232938
23025 0.229672
23030 0.226428
23035 0.223028
23040 0.219983
23045 0.216559
23050 0.21366
23055 0.210537
23060 0.20763
23065 0.204597
23070 0.201417
23075 0.198614
23080 0.195643
23085 0.193072
23090 0.190182
23095 0.187561
23100 0.184853
23105 0.18208
23110 0.179433
23115 0.177009
23120 0.174564
23125 0.172014
23130 0.169647
23135 0.167005
23140 0.164678
23145 0.162462
23150 0.159944
23155 0.157895
23160 0.155618
23165 0.153471
23170 0.151114
23175 0.149173
23180 0.147132
23185 0.145093
23190 0.143064
23195 0.140993
23200 0.139
23205 0.136851
23210 0.135233
23215 0.133334
23220 0.131422
23225 0.129668
23230 0.127694
23235 0.12604
23240 0.124313
23245 0.122428
23250 0.120696
23255 0.119258
23260 0.117515
23265 0.115902
23270 0.1143
23275 0.112782
23280 0.111191
23285 0.109723
23290 0.108213
23295 0.106721
23300 0.105036
23305 0.10376
23310 0.102491
23315 0.100914
23320 0.0995407
23325 0.0983249
23330 0.0967268
23335 0.0956077
23340 0.094153
23345 0.0928631
23350 0.0916103
23355 0.0906048
23360 0.0890611
23365 0.0879499
23370 0.0865808
23375 0.0853776
23380 0.0842765
23385 0.0831063
23390 0.0817184
23395 0.080806
23400 0.0796951
23405 0.0783579
23410 0.0774728
23415 0.0762781
23420 0.0753527
23425 0.0742721
23430 0.073179
23435 0.0720443
23440 0.0711227
23445 0.070145
23450 0.0691715
23455 0.0680215
23460 0.0671613
23465 0.0662451
23470 0.0650061
23475 0.0642728
23480 0.063547
23485 0.0622294
23490 0.0613286
23495 0.0603978
23500 0.0596684
23505 0.0586659
23510 0.0577692
23515 0.0568043
23520 0.0559398
23525 0.0550043
23530 0.0543382
23535 0.0534948
23540 0.0528619
23545 0.051923
23550 0.0510955
23555 0.0501157
23560 0.0492897
23565 0.0486538
23570 0.0477922
23575 0.0471074
23580 0.0463136
23585 0.0455216
23590 0.0448121
23595 0.0439733
23600 0.0434477
23605 0.0428625
23610 0.0420222
23615 0.0412473
23620 0.0405029
23625 0.0400325
23630 0.0392095
23635 0.0384617
23640 0.0379446
23645 0.037273
23650 0.0367072
23655 0.0360762
23660 0.035363
23665 0.0346437
23670 0.0342179
23675 0.0335564
23680 0.0330979
23685 0.032041
23690 0.0320175
23695 0.0313325
23700 0.0307918
23705 0.0301306
23710 0.0296994
23715 0.0290719
23720 0.0284703
23725 0.0276977
23730 0.0279289
23735 0.0274053
23740 0.0264762
23745 0.0261247
23750 0.0255652
23755 0.0251081
23760 0.0245342
23765 0.0241013
23770 0.0237095
23775 0.0234388
23780 0.0228548
23785 0.0226916
23790 0.0221783
23795 0.0216279
23800 0.0210991
23805 0.0208058
23810 0.0203171
23815 0.0200756
23820 0.019883
23825 0.0191836
23830 0.0189852
23835 0.0187661
23840 0.0181707
23845 0.0176385
23850 0.0175811
23855 0.0174194
23860 0.0174643
23865 0.0166338
23870 0.0164404
23875 0.0161447
23880 0.0157634
23885 0.0157959
23890 0.0150183
23895 0.015246
23900 0.0145543
23905 0.013936
23910 0.0141207
23915 0.0140232
23920 0.0136475
23925 0.0136501
23930 0.0134572
23935 0.0125972
23940 0.0122907
23945 0.0124662
23950 0.0123401
23955 0.0118718
23960 0.0113488
23965 0.0112989
23970 0.0111473
23975 0.0116242
23980 0.0108383
23985 0.0106445
23990 0.0104149
23995 0.0103055
24000 0.0103175
24005 0.0100883
24010 0.00976133
24015 0.00973303
24020 0.00944203
24025 0.00918853
24030 0.00914076
24035 0.00868767
24040 0.00887281
24045 0.0087097
24050 0.00822812
24055 0.00777566
24060 0.00783831
24065 0.00860763
24070 0.00788509
24075 0.00785874
24080 0.00751348
24085 0.00739455
24090 0.00685382
24095 0.00705779
24100 0.0073295
24105 0.00678173
24110 0.00669016
24115 0.00669573
24120 0.00716688
24125 0.00662689
24130 0.00640416
24135 0.00603919
24140 0.00622645
24145 0.00492481
24150 0.00557977
24155 0.0054445
24160 0.00510776
24165 0.0057316
24170 0.00508724
24175 0.00508601
24180 0.00510652
24185 0.00574603
24190 0.00531302
24195 0.00450343
24200 0.00466955
24205 0.0043231
24210 0.00480359
24215 0.00534255
24220 0.00457438
24225 0.00442676
24230 0.00400874
24235 0.00456215
24240 0.00377618
24245 0.00362074
24250 0.00410936
24255 0.00409273
24260 0.00431539
24265 0.00422666
24270 0.00368752
24275 0.0034962
24280 0.00413242
24285 0.00337819
24290 0.003604
24295 0.00392866
24300 0.00356297
24305 0.00226534
24310 0.0038471
24315 0.0032479
24320 0.00304614
24325 0.00270179
24330 0.00239778
24335 0.00271187
24340 0.00277139
24345 0.00290559
24350 0.00231604
24355 0.00274415
24360 0.00299965
24365 0.0030335
24370 0.00190674
24375 0.00273293
24380 0.00225588
24385 0.00263588
24390 0.0027293
24395 0.00220861
24400 0.00209323
24405 0.00210095
24410 0.00242821
24415 0.00134348
24420 0.00248104
24425 0.00250084
24430 0.00186687
24435 0.00179849
24440 0.00189085
24445 0.00182342
24450 0.00189169
24455 0.000900243
24460 0.0011127
24465 0.00173379
24470 0.00178013
24475 0.00120008
24480 0.00121792
24485 0.00193807
24490 0.0013018
24495 0.00124049
24500 0.000780232
24505 0.00115305
24510 0.000872665
24515 0.00115713
24520 0.00167676
24525 0.00143746
24530 0.00177087
24535 0.00155834
24540 0.00108202
24545 0.000423383
24550 0.000600627
24555 0.000579793
24560 0.000470219
24565 0.000917252
24570 0.00107551
24575 0.000969572
24580 0.000701906
24585 -0.000402967
24590 0.00181448
24595 0.000341966
24600 0.000389405
24605 0.00119484
24610 0.00130872
24615 0.000345587
24620 0.000347131
24625 0.00125102
24630 0.000530106
24635 0.000207335
24640 0.000600374
24645 0.000618855
24650 0.000827507
24655 -0.000456689
24660 0.00126006
24665 -7.05948e-05
24670 0.000527227
24675 0.000664848
24680 0.000367623
24685 -4.2328e-05
24690 0.000595545
24695 0.000186109
24700 0.000465288
24705 0.000375339
24710 0.000190872
24715 0.00135192
24720 0.000588569
24725 0.000142579
24730 -7.65838e-05
24735 1.81149e-05
24740 0.000387011
24745 0.0010271
24750 0.000936808
24755 0.000551556
24760 0.000385714
24765 1.78084e-05
24770 0.00029106
24775 0.000201758
24780 0.000185195
24785 -0.000674763
24790 0.000572678
24795 -0.000182686
24800 -7.59575e-05
24805 0.00110954
24810 -0.000276453
24815 -3.14658e-05
24820 -0.000370553
24825 -0.000651531
24830 -0.000498525
24835 0.000201402
24840 -0.000219444
24845 -0.000771695
24850 -9.0501e-05
24855 0.00106413
24860 0.000685098
24865 -0.00091238
24870 -0.000355669
24875 -0.000953112
24880 0.000877387
24885 0.000284816
24890 -0.000315086
24895 0.000281602
24900 -0.000846851
24905 0.000680455
24910 -0.000625826
24915 0.000178644
24920 2.98687e-07
24925 0.000449046
24930 0.000145951
24935 -0.000399234
24940 0.000737481
24945 -0.000899449
24950 0.000178653
24955 -0.000255662
24960 0.000175071
24965 -0.000250247
24970 0.000870548
24975 0.000559185
24980 0.000472242
24985 0.000948583
24990 -0.000203476
24995 -0.000330478
25000 0.000390586
25000 0
