9995 0
9995 8.74727e-06
10000 3.47333e-05
10005 2.59505e-05
10010 2.36507e-06
10015 6.93826e-07
10020 2.05036e-05
10025 -1.8732e-05
10030 2.79679e-05
10035 1.01404e-05
10040 1.67593e-06
10045 1.67664e-06
10050 1.33651e-05
10055 -2.56345e-05
10060 4.98258e-06
10065 8.27193e-06
10070 2.30562e-05
10075 -1.6414e-05
10080 -4.90111e-06
10085 2.89887e-06
10090 7.30548e-05
10095 9.41959e-06
10100 8.06167e-06
10105 1.39782e-06
10110 7.85184e-06
10115 7.97986e-06
10120 2.5472e-05
10125 2.05815e-05
10130 3.31884e-05
10135 1.57644e-05
10140 1.65236e-06
10145 3.14399e-05
10150 4.07227e-05
10155 -4.65592e-06
10160 3.10005e-05
10165 1.85624e-05
10170 1.83519e-06
10175 -3.05951e-06
10180 1.99285e-05
10185 3.09543e-05
10190 1.26085e-05
10195 1.11164e-05
10200 9.58758e-06
10205 -7.53555e-06
10210 1.71499e-05
10215 2.99456e-06
10220 8.96853e-06
10225 1.04516e-05
10230 1.56012e-05
10235 1.18671e-05
10240 7.40797e-06
10245 1.76943e-05
10250 -8.8227e-06
10255 1.26405e-05
10260 1.75274e-05
10265 -4.08526e-05
10270 -1.01703e-05
10275 1.01545e-05
10280 -4.72538e-06
10285 1.44872e-06
10290 2.73326e-05
10295 -1.43125e-06
10300 -2.35572e-07
10305 -1.06299e-08
10310 -1.84909e-05
10315 3.12593e-05
10320 6.37276e-05
10325 -4.22636e-06
10330 1.26996e-05
10335 8.43778e-06
10340 8.45747e-06
10345 2.10567e-05
10350 1.39799e-06
10355 2.50413e-05
10360 -2.77884e-06
10365 1.99819e-07
10370 1.13009e-05
10375 4.85002e-05
10380 3.46776e-05
10385 1.81778e-05
10390 2.07208e-09
10395 1.77475e-05
10400 -9.52993e-06
10405 2.99026e-05
10410 -2.71044e-06
10415 1.35354e-05
10420 1.08077e-05
10425 2.69309e-05
10430 1.07371e-05
10435 -1.32862e-06
10440 2.00588e-05
10445 2.0716e-05
10450 -1.19793e-05
10455 -5.29835e-06
10460 2.06854e-05
10465 1.85203e-05
10470 2.19459e-05
10475 1.05095e-05
10480 -5.24613e-06
10485 2.25896e-06
10490 1.96036e-05
10495 7.81655e-06
10500 -7.81724e-06
10505 3.90021e-06
10510 -1.31792e-05
10515 5.17778e-06
10520 1.29103e-05
10525 6.31036e-06
10530 1.1492e-05
10535 2.57248e-06
10540 2.94151e-05
10545 7.68353e-06
10550 7.68483e-06
10555 6.35336e-06
10560 -1.27089e-05
10565 1.14144e-05
10570 6.33835e-06
10575 5.22496e-06
10580 2.72256e-06
10585 2.03769e-05
10590 8.81012e-06
10595 4.1663e-05
10600 1.25065e-05
10605 -1.3403e-05
10610 1.24892e-05
10615 2.28218e-05
10620 3.10703e-05
10625 1.03877e-05
10630 2.10323e-05
10635 5.4503e-06
10640 -6.16388e-06
10645 1.00607e-09
10650 1.24385e-06
10655 2.2683e-05
10660 1.95923e-05
10665 1.4672e-05
10670 2.26674e-05
10675 2.92e-05
10680 -3.64099e-06
10685 3.64113e-06
10690 1.09056e-05
10695 2.17755e-05
10700 -6.38648e-06
10705 1.80821e-05
10710 2.41615e-06
10715 1.44255e-05
10720 3.45118e-05
10725 7.17793e-06
10730 7.16053e-06
10735 4.78041e-06
10740 1.30974e-05
10745 3.57249e-06
10750 1.65455e-05
10755 1.29926e-05
10760 3.43459e-05
10765 2.36457e-05
10770 1.77275e-05
10775 3.89066e-05
10780 1.17726e-05
10785 1.2231e-09
10790 2.34781e-06
10795 -1.68183e-10
10800 2.51356e-06
10805 1.42205e-05
10810 1.75066e-05
10815 -3.26675e-06
10820 1.43163e-06
10825 7.25067e-06
10830 -8.44466e-07
10835 -1.13381e-09
10840 1.17515e-06
10845 2.35054e-05
10850 1.50229e-05
10855 1.84408e-05
10860 1.15176e-05
10865 2.31479e-06
10870 1.72342e-05
10875 2.29691e-06
10880 4.57597e-06
10885 -2.17247e-05
10890 2.05689e-05
10895 1.94132e-05
10900 2.84979e-05
10905 1.32028e-05
10910 1.93288e-05
10915 2.04533e-05
10920 2.38226e-05
10925 7.94818e-06
10930 1.92475e-05
10935 1.3582e-05
10940 3.83958e-05
10945 2.93443e-05
10950 3.46697e-05
10955 3.04026e-05
10960 2.36296e-05
10965 1.46073e-05
10970 2.80585e-05
10975 1.44092e-05
10980 6.59761e-06
10985 2.89753e-05
10990 2.45925e-05
10995 1.12461e-06
11000 2.78958e-05
11005 3.22996e-05
11010 1.00396e-05
11015 2.22677e-05
11020 1.33559e-05
11025 1.56171e-05
11030 2.89008e-05
11035 4.55272e-05
11040 2.10995e-05
11045 3.66085e-05
11050 2.34538e-05
11055 2.10555e-05
11060 2.9911e-05
11065 2.68085e-05
11070 3.78653e-05
11075 3.67691e-05
11080 3.56533e-05
11085 4.00756e-05
11090 3.56688e-05
11095 3.67834e-05
11100 3.45858e-05
11105 3.12886e-05
11110 4.41248e-05
11115 2.35839e-05
11120 3.52914e-05
11125 4.74029e-05
11130 2.86805e-05
11135 3.02646e-05
11140 4.41118e-05
11145 3.86362e-05
11150 3.53255e-05
11155 2.10041e-05
11160 2.87504e-05
11165 3.761e-05
11170 3.42921e-05
11175 4.20384e-05
11180 4.64892e-05
11185 6.4803e-05
11190 4.9806e-05
11195 4.76132e-05
11200 4.94244e-05
11205 4.33143e-05
11210 6.06544e-05
11215 5.07397e-05
11220 5.63607e-05
11225 3.56505e-05
11230 6.0056e-05
11235 5.22727e-05
11240 5.55266e-05
11245 7.76164e-05
11250 7.17576e-05
11255 6.2093e-05
11260 6.86493e-05
11265 8.07764e-05
11270 8.07775e-05
11275 7.83351e-05
11280 7.61174e-05
11285 8.17675e-05
11290 0.000100342
11295 8.69905e-05
11300 9.66982e-05
11305 7.79352e-05
11310 9.32175e-05
11315 8.77283e-05
11320 0.000100994
11325 9.59028e-05
11330 0.000118384
11335 0.000111105
11340 0.00011274
11345 9.95196e-05
11350 0.00012151
11355 0.000115575
11360 0.000107436
11365 0.00014561
11370 0.000144972
11375 0.000150454
11380 0.000144689
11385 0.000162142
11390 0.00017423
11395 0.000172147
11400 0.000174357
11405 0.000159127
11410 0.000168141
11415 0.000181295
11420 0.000194232
11425 0.000194341
11430 0.000194622
11435 0.000201833
11440 0.000218432
11445 0.000216453
11450 0.000223303
11455 0.000241
11460 0.00024208
11465 0.000256293
11470 0.000257191
11475 0.000275218
11480 0.000269063
11485 0.000280574
11490 0.000285458
11495 0.000290517
11500 0.000342212
11505 0.000328607
11510 0.000306703
11515 0.000349792
11520 0.000365283
11525 0.000366351
11530 0.000377059
11535 0.000384627
11540 0.000396521
11545 0.000399509
11550 0.000434141
11555 0.000440831
11560 0.000452026
11565 0.000467403
11570 0.000493832
11575 0.000507054
11580 0.000532096
11585 0.000544488
11590 0.000576598
11595 0.000582234
11600 0.000609461
11605 0.00064028
11610 0.000669226
11615 0.000685789
11620 0.000723346
11625 0.0007425
11630 0.000791809
11635 0.000829693
11640 0.000858722
11645 0.000887794
11650 0.000945368
11655 0.000975853
11660 0.00104013
11665 0.00108027
11670 0.00115246
11675 0.00120705
11680 0.00126972
11685 0.00132217
11690 0.00141322
11695 0.00149236
11700 0.00156461
11705 0.00165801
11710 0.00173791
11715 0.00183295
11720 0.0019294
11725 0.00203513
11730 0.0021476
11735 0.00227976
11740 0.00238913
11745 0.00252687
11750 0.00265878
11755 0.00277913
11760 0.00294722
11765 0.00311256
11770 0.00328541
11775 0.00345805
11780 0.00362673
11785 0.00379406
11790 0.00400318
11795 0.00420202
11800 0.00441999
11805 0.00462286
11810 0.00484245
11815 0.00509258
11820 0.00532249
11825 0.00558871
11830 0.0058496
11835 0.00612531
11840 0.00643267
11845 0.0067454
11850 0.00706764
11855 0.00740538
11860 0.00776898
11865 0.00815582
11870 0.0085337
11875 0.00899129
11880 0.00942791
11885 0.00994235
11890 0.0104796
11895 0.0110473
11900 0.0116569
11905 0.0122889
11910 0.0129945
11915 0.0137915
11920 0.0146257
11925 0.0155503
11930 0.0165534
11935 0.0175841
11940 0.0187209
11945 0.0199818
11950 0.0214043
11955 0.0229296
11960 0.0246287
11965 0.0264058
11970 0.0283498
11975 0.0304542
11980 0.0328473
11985 0.0354966
11990 0.0384459
11995 0.0412185
12000 0.044505
12005 0.047973
12010 0.0517231
12015 0.0559007
12020 0.0605346
12025 0.0651251
12030 0.0700093
12035 0.0749004
12040 0.0802214
12045 0.0858502
12050 0.0919053
12055 0.0978995
12060 0.103651
12065 0.109446
12070 0.115076
12075 0.120966
12080 0.12688
12085 0.132217
12090 0.137292
12095 0.141968
12100 0.146418
12105 0.150663
12110 0.15486
12115 0.158637
12120 0.16179
12125 0.164848
12130 0.167453
12135 0.169877
12140 0.172273
12145 0.174477
12150 0.176396
12155 0.177991
12160 0.179599
12165 0.180967
12170 0.182279
12175 0.183444
12180 0.184556
12185 0.185426
12190 0.186116
12195 0.18675
12200 0.187268
12205 0.187592
12210 0.187807
12215 0.187773
12220 0.187638
12225 0.187322
12230 0.18687
12235 0.186253
12240 0.185401
12245 0.184532
12250 0.18347
12255 0.182345
12260 0.181017
12265 0.179716
12270 0.178192
12275 0.17664
12280 0.175242
12285 0.173453
12290 0.172066
12295 0.17052
12300 0.168947
12305 0.167431
12310 0.166062
12315 0.164782
12320 0.163498
12325 0.162267
12330 0.161163
12335 0.160054
12340 0.159303
12345 0.158546
12350 0.157943
12355 0.157403
12360 0.156997
12365 0.156689
12370 0.15655
12375 0.156496
12380 0.156599
12385 0.156775
12390 0.157081
12395 0.157533
12400 0.158072
12405 0.158647
12410 0.159402
12415 0.160183
12420 0.16107
12425 0.162095
12430 0.163163
12435 0.164262
12440 0.165378
12445 0.166579
12450 0.167819
12455 0.169127
12460 0.170398
12465 0.17165
12470 0.172873
12475 0.174161
12480 0.175317
12485 0.176563
12490 0.177673
12495 0.178738
12500 0.179771
12505 0.180683
12510 0.181536
12515 0.182318
12520 0.183104
12525 0.183706
12530 0.184268
12535 0.184718
12540 0.185092
12545 0.185418
12550 0.18567
12555 0.185834
12560 0.185908
12565 0.185977
12570 0.185972
12575 0.185923
12580 0.185858
12585 0.185691
12590 0.185546
12595 0.185395
12600 0.185214
12605 0.184975
12610 0.184807
12615 0.184574
12620 0.184358
12625 0.1841
12630 0.183921
12635 0.183757
12640 0.18354
12645 0.183371
12650 0.183236
12655 0.183101
12660 0.183007
12665 0.182882
12670 0.182781
12675 0.182685
12680 0.182588
12685 0.182538
12690 0.182539
12695 0.182481
12700 0.182402
12705 0.18238
12710 0.182286
12715 0.182256
12720 0.1822
12725 0.182175
12730 0.182158
12735 0.182083
12740 0.182
12745 0.181951
12750 0.181869
12755 0.181786
12760 0.181712
12765 0.181586
12770 0.181437
12775 0.181307
12780 0.18118
12785 0.181006
12790 0.180906
12795 0.18071
12800 0.180628
12805 0.180468
12810 0.18034
12815 0.180235
12820 0.18008
12825 0.179991
12830 0.179926
12835 0.179782
12840 0.179748
12845 0.179676
12850 0.179653
12855 0.179604
12860 0.179579
12865 0.179588
12870 0.179655
12875 0.179701
12880 0.179766
12885 0.17992
12890 0.180022
12895 0.180173
12900 0.18036
12905 0.180512
12910 0.180706
12915 0.180907
12920 0.181127
12925 0.181442
12930 0.181645
12935 0.181949
12940 0.182195
12945 0.182498
12950 0.182774
12955 0.183074
12960 0.183367
12965 0.183696
12970 0.183943
12975 0.184177
12980 0.184487
12985 0.184655
12990 0.184876
12995 0.185097
13000 0.185222
13005 0.185518
13010 0.185913
13015 0.186103
13020 0.186399
13025 0.186556
13030 0.186793
13035 0.186919
13040 0.186945
13045 0.187005
13050 0.187038
13055 0.187011
13060 0.186937
13065 0.186848
13070 0.186697
13075 0.186562
13080 0.186366
13085 0.186115
13090 0.18589
13095 0.185547
13100 0.185268
13105 0.184942
13110 0.184576
13115 0.184196
13120 0.183727
13125 0.183309
13130 0.182955
13135 0.182508
13140 0.182077
13145 0.181661
13150 0.181133
13155 0.180677
13160 0.180278
13165 0.179828
13170 0.179405
13175 0.178967
13180 0.178541
13185 0.178122
13190 0.177655
13195 0.177306
13200 0.176941
13205 0.176571
13210 0.176271
13215 0.175946
13220 0.175604
13225 0.175297
13230 0.17502
13235 0.174763
13240 0.174511
13245 0.174281
13250 0.174034
13255 0.173909
13260 0.173666
13265 0.173511
13270 0.173405
13275 0.173225
13280 0.173121
13285 0.173005
13290 0.17289
13295 0.172859
13300 0.172883
13305 0.172842
13310 0.172803
13315 0.172791
13320 0.172821
13325 0.172874
13330 0.172884
13335 0.172992
13340 0.173116
13345 0.17317
13350 0.173388
13355 0.173522
13360 0.173708
13365 0.173937
13370 0.174181
13375 0.174432
13380 0.174745
13385 0.175002
13390 0.175292
13395 0.175687
13400 0.176042
13405 0.176485
13410 0.176893
13415 0.177375
13420 0.177861
13425 0.178287
13430 0.178897
13435 0.179407
13440 0.180022
13445 0.18064
13450 0.1813
13455 0.181911
13460 0.182625
13465 0.183291
13470 0.184084
13475 0.184804
13480 0.185555
13485 0.186316
13490 0.187081
13495 0.187958
13500 0.188763
13505 0.189558
13510 0.19042
13515 0.191265
13520 0.192138
13525 0.192965
13530 0.193884
13535 0.194752
13540 0.195601
13545 0.196475
13550 0.197343
13555 0.198208
13560 0.199111
13565 0.199914
13570 0.200682
13575 0.201459
13580 0.20216
13585 0.202978
13590 0.203681
13595 0.204447
13600 0.205108
13605 0.205783
13610 0.20647
13615 0.207133
13620 0.207717
13625 0.208283
13630 0.208782
13635 0.209233
13640 0.209695
13645 0.21015
13650 0.210525
13655 0.210959
13660 0.211241
13665 0.21155
13670 0.211813
13675 0.212078
13680 0.212304
13685 0.212493
13690 0.212597
13695 0.212655
13700 0.212715
13705 0.212742
13710 0.212746
13715 0.212717
13720 0.212624
13725 0.21252
13730 0.212442
13735 0.212309
13740 0.212148
13745 0.211973
13750 0.211826
13755 0.211669
13760 0.211526
13765 0.211375
13770 0.211219
13775 0.211089
13780 0.211089
13785 0.210887
13790 0.210843
13795 0.210796
13800 0.210711
13805 0.210811
13810 0.210794
13815 0.210828
13820 0.210898
13825 0.210987
13830 0.211129
13835 0.21127
13840 0.211392
13845 0.21158
13850 0.211752
13855 0.212011
13860 0.212191
13865 0.212466
13870 0.212696
13875 0.212956
13880 0.213207
13885 0.213512
13890 0.213792
13895 0.214076
13900 0.214345
13905 0.214607
13910 0.214907
13915 0.21524
13920 0.215505
13925 0.215788
13930 0.216095
13935 0.216355
13940 0.216568
13945 0.216886
13950 0.217093
13955 0.21742
13960 0.217643
13965 0.217873
13970 0.218131
13975 0.218315
13980 0.218499
13985 0.218713
13990 0.218942
13995 0.219079
14000 0.219376
14005 0.219418
14010 0.219534
14015 0.219619
14020 0.219746
14025 0.219876
14030 0.219944
14035 0.220113
14040 0.220138
14045 0.220267
14050 0.220418
14055 0.22054
14060 0.220629
14065 0.220756
14070 0.220892
14075 0.22101
14080 0.221117
14085 0.22125
14090 0.221419
14095 0.221579
14100 0.221713
14105 0.221904
14110 0.222085
14115 0.22225
14120 0.222411
14125 0.222633
14130 0.222827
14135 0.223041
14140 0.223224
14145 0.223426
14150 0.223643
14155 0.223838
14160 0.224036
14165 0.224266
14170 0.224474
14175 0.224688
14180 0.224918
14185 0.225082
14190 0.225319
14195 0.225521
14200 0.225655
14205 0.225892
14210 0.225977
14215 0.226144
14220 0.226286
14225 0.2264
14230 0.226551
14235 0.226586
14240 0.226649
14245 0.226759
14250 0.226741
14255 0.226748
14260 0.22678
14265 0.226751
14270 0.226717
14275 0.226662
14280 0.226569
14285 0.22642
14290 0.226297
14295 0.226078
14300 0.225947
14305 0.225739
14310 0.225468
14315 0.225257
14320 0.224917
14325 0.224647
14330 0.22435
14335 0.224023
14340 0.223743
14345 0.22341
14350 0.223031
14355 0.222657
14360 0.222267
14365 0.221878
14370 0.22151
14375 0.221102
14380 0.220648
14385 0.220291
14390 0.21983
14395 0.219492
14400 0.219146
14405 0.218729
14410 0.218427
14415 0.218016
14420 0.217622
14425 0.21738
14430 0.217044
14435 0.21672
14440 0.216455
14445 0.216124
14450 0.215893
14455 0.215657
14460 0.215443
14465 0.215242
14470 0.215075
14475 0.214865
14480 0.214765
14485 0.214656
14490 0.214544
14495 0.214603
14500 0.214538
14505 0.214456
14510 0.214535
14515 0.214557
14520 0.214651
14525 0.214716
14530 0.214786
14535 0.214921
14540 0.215085
14545 0.215289
14550 0.215477
14555 0.21575
14560 0.215934
14565 0.216221
14570 0.216465
14575 0.216783
14580 0.217091
14585 0.217456
14590 0.217724
14595 0.218063
14600 0.218377
14605 0.218742
14610 0.219117
14615 0.219462
14620 0.21983
14625 0.220152
14630 0.220574
14635 0.220965
14640 0.221274
14645 0.221713
14650 0.222044
14655 0.222377
14660 0.222732
14665 0.223031
14670 0.223437
14675 0.223733
14680 0.224002
14685 0.224286
14690 0.224596
14695 0.224879
14700 0.22516
14705 0.22542
14710 0.225647
14715 0.225906
14720 0.226146
14725 0.226296
14730 0.226517
14735 0.226657
14740 0.226854
14745 0.226948
14750 0.227044
14755 0.227223
14760 0.227238
14765 0.227397
14770 0.227432
14775 0.227435
14780 0.227567
14785 0.227538
14790 0.227566
14795 0.227585
14800 0.227575
14805 0.227623
14810 0.227617
14815 0.227635
14820 0.227508
14825 0.227514
14830 0.227402
14835 0.227396
14840 0.22737
14845 0.227268
14850 0.227224
14855 0.227196
14860 0.227166
14865 0.227171
14870 0.227107
14875 0.227086
14880 0.227029
14885 0.227005
14890 0.226976
14895 0.227002
14900 0.226994
14905 0.22692
14910 0.226907
14915 0.227018
14920 0.226985
14925 0.22705
14930 0.227121
14935 0.227156
14940 0.22724
14945 0.227307
14950 0.227368
14955 0.227415
14960 0.227557
14965 0.227653
14970 0.227686
14975 0.227891
14980 0.227903
14985 0.227961
14990 0.228198
14995 0.228297
15000 0.228413
15005 0.228609
15010 0.228679
15015 0.228817
15020 0.22898
15025 0.229052
15030 0.22925
15035 0.229394
15040 0.229525
15045 0.229736
15050 0.229803
15055 0.230002
15060 0.230145
15065 0.230328
15070 0.230466
15075 0.230714
15080 0.230791
15085 0.230945
15090 0.231097
15095 0.231314
15100 0.231446
15105 0.231619
15110 0.231732
15115 0.231883
15120 0.232007
15125 0.232156
15130 0.23241
15135 0.232517
15140 0.232596
15145 0.2328
15150 0.232947
15155 0.233137
15160 0.233193
15165 0.233326
15170 0.233506
15175 0.233592
15180 0.233769
15185 0.233835
15190 0.234012
15195 0.234149
15200 0.234239
15205 0.234352
15210 0.23453
15215 0.234645
15220 0.23474
15225 0.234942
15230 0.235017
15235 0.235213
15240 0.235304
15245 0.235374
15250 0.235533
15255 0.235617
15260 0.235754
15265 0.235882
15270 0.23587
15275 0.236017
15280 0.236157
15285 0.236257
15290 0.236356
15295 0.23644
15300 0.236457
15305 0.236593
15310 0.23664
15315 0.236659
15320 0.236676
15325 0.236718
15330 0.236741
15335 0.236778
15340 0.236753
15345 0.236747
15350 0.236748
15355 0.236688
15360 0.23668
15365 0.236621
15370 0.236619
15375 0.236578
15380 0.236469
15385 0.236378
15390 0.236409
15395 0.236215
15400 0.236163
15405 0.236036
15410 0.235903
15415 0.235796
15420 0.235671
15425 0.235497
15430 0.235379
15435 0.235181
15440 0.234995
15445 0.234861
15450 0.234611
15455 0.234376
15460 0.234138
15465 0.233871
15470 0.233641
15475 0.233431
15480 0.233094
15485 0.232769
15490 0.232439
15495 0.232119
15500 0.231868
15505 0.231539
15510 0.231134
15515 0.230804
15520 0.230443
15525 0.230021
15530 0.229608
15535 0.229268
15540 0.228904
15545 0.22849
15550 0.228155
15555 0.2277
15560 0.22734
15565 0.227001
15570 0.226633
15575 0.226289
15580 0.225916
15585 0.225539
15590 0.22518
15595 0.224837
15600 0.224482
15605 0.224256
15610 0.223973
15615 0.223665
15620 0.223404
15625 0.223134
15630 0.222889
15635 0.222622
15640 0.222526
15645 0.222278
15650 0.222091
15655 0.221915
15660 0.221785
15665 0.221697
15670 0.221533
15675 0.221486
15680 0.221384
15685 0.221289
15690 0.22124
15695 0.221265
15700 0.221214
15705 0.221227
15710 0.221237
15715 0.221288
15720 0.221359
15725 0.221435
15730 0.221525
15735 0.221686
15740 0.221775
15745 0.22191
15750 0.222086
15755 0.222237
15760 0.222438
15765 0.222682
15770 0.222892
15775 0.223198
15780 0.223414
15785 0.223659
15790 0.223948
15795 0.224218
15800 0.224487
15805 0.224854
15810 0.225096
15815 0.225465
15820 0.225757
15825 0.225949
15830 0.226343
15835 0.226609
15840 0.226928
15845 0.227247
15850 0.227577
15855 0.227881
15860 0.228172
15865 0.22845
15870 0.228754
15875 0.229112
15880 0.229339
15885 0.229607
15890 0.229893
15895 0.23015
15900 0.230424
15905 0.230658
15910 0.230912
15915 0.231156
15920 0.231415
15925 0.231575
15930 0.231818
15935 0.231918
15940 0.232137
15945 0.232313
15950 0.23241
15955 0.232484
15960 0.232628
15965 0.232628
15970 0.232722
15975 0.232733
15980 0.232824
15985 0.232812
15990 0.232831
15995 0.232768
16000 0.23269
16005 0.232736
16010 0.232859
16015 0.232955
16020 0.23297
16025 0.232982
16030 0.232981
16035 0.233011
16040 0.233044
16045 0.232992
16050 0.232955
16055 0.232957
16060 0.232904
16065 0.232833
16070 0.232839
16075 0.232793
16080 0.232738
16085 0.232698
16090 0.232603
16095 0.232551
16100 0.232481
16105 0.232506
16110 0.23243
16115 0.232423
16120 0.232338
16125 0.23232
16130 0.232337
16135 0.232334
16140 0.232366
16145 0.232334
16150 0.232304
16155 0.232355
16160 0.232374
16165 0.232455
16170 0.23257
16175 0.232632
16180 0.232713
16185 0.232815
16190 0.232989
16195 0.233047
16200 0.233228
16205 0.233323
16210 0.233531
16215 0.233716
16220 0.233909
16225 0.234109
16230 0.234384
16235 0.23456
16240 0.234855
16245 0.235126
16250 0.235436
16255 0.235753
16260 0.236091
16265 0.236427
16270 0.236844
16275 0.237226
16280 0.237635
16285 0.238044
16290 0.238458
16295 0.238875
16300 0.239316
16305 0.239819
16310 0.240328
16315 0.240796
16320 0.241279
16325 0.241865
16330 0.242407
16335 0.242939
16340 0.243552
16345 0.244056
16350 0.244565
16355 0.245232
16360 0.245867
16365 0.246341
16370 0.24699
16375 0.247584
16380 0.24824
16385 0.248815
16390 0.249386
16395 0.250011
16400 0.25068
16405 0.251346
16410 0.252005
16415 0.252565
16420 0.253203
16425 0.253886
16430 0.254406
16435 0.255028
16440 0.255667
16445 0.256259
16450 0.256907
16455 0.257492
16460 0.258058
16465 0.258649
16470 0.259189
16475 0.259832
16480 0.260358
16485 0.260927
16490 0.261418
16495 0.261968
16500 0.262507
16505 0.262969
16510 0.263507
16515 0.263961
16520 0.264396
16525 0.26489
16530 0.265335
16535 0.26584
16540 0.266156
16545 0.266605
16550 0.267061
16555 0.267453
16560 0.267792
16565 0.268114
16570 0.268513
16575 0.268862
16580 0.269144
16585 0.269566
16590 0.26985
16595 0.270095
16600 0.270397
16605 0.270753
16610 0.270938
16615 0.271336
16620 0.271519
16625 0.271712
16630 0.272058
16635 0.272256
16640 0.272483
16645 0.272717
16650 0.272953
16655 0.273097
16660 0.273303
16665 0.273466
16670 0.273684
16675 0.273956
16680 0.27409
16685 0.274238
16690 0.274384
16695 0.274564
16700 0.274737
16705 0.274855
16710 0.275026
16715 0.275179
16720 0.275343
16725 0.275452
16730 0.275586
16735 0.275713
16740 0.275868
16745 0.276034
16750 0.276117
16755 0.276301
16760 0.276403
16765 0.276453
16770 0.276693
16775 0.276739
16780 0.276908
16785 0.277124
16790 0.277133
16795 0.277308
16800 0.277424
16805 0.277503
16810 0.277698
16815 0.277741
16820 0.277877
16825 0.278129
16830 0.278194
16835 0.278285
16840 0.278538
16845 0.278593
16850 0.278711
16855 0.278818
16860 0.278874
16865 0.279086
16870 0.27913
16875 0.279247
16880 0.279475
16885 0.279536
16890 0.279662
16895 0.279795
16900 0.279867
16905 0.279946
16910 0.280181
16915 0.280223
16920 0.280368
16925 0.280496
16930 0.280543
16935 0.280707
16940 0.280802
16945 0.280929
16950 0.281065
16955 0.281161
16960 0.281265
16965 0.281431
16970 0.281536
16975 0.281773
16980 0.281809
16985 0.281946
16990 0.282083
16995 0.28221
17000 0.282392
17005 0.282299
17010 0.282185
17015 0.2822
17020 0.282188
17025 0.28199
17030 0.282111
17035 0.282044
17040 0.282074
17045 0.282024
17050 0.281972
17055 0.281984
17060 0.282034
17065 0.281985
17070 0.282053
17075 0.28199
17080 0.282022
17085 0.282019
17090 0.282128
17095 0.282096
17100 0.282227
17105 0.282225
17110 0.282335
17115 0.282497
17120 0.282537
17125 0.282687
17130 0.282855
17135 0.283044
17140 0.283088
17145 0.283245
17150 0.283336
17155 0.283466
17160 0.283723
17165 0.283845
17170 0.284118
17175 0.284264
17180 0.284489
17185 0.284694
17190 0.28492
17195 0.285141
17200 0.285416
17205 0.285544
17210 0.285877
17215 0.285933
17220 0.286245
17225 0.286565
17230 0.286796
17235 0.287029
17240 0.287227
17245 0.287414
17250 0.287776
17255 0.288116
17260 0.288323
17265 0.288623
17270 0.288786
17275 0.289033
17280 0.289322
17285 0.289548
17290 0.289809
17295 0.290058
17300 0.2903
17305 0.290488
17310 0.290621
17315 0.290858
17330 0.291441
17335 0.291553
17340 0.291686
17345 0.291861
17350 0.291963
17355 0.292189
17360 0.292202
17365 0.292346
17370 0.292439
17375 0.292566
17380 0.292533
17385 0.292608
17390 0.292601
17395 0.292578
17400 0.292573
17405 0.292634
17410 0.292609
17415 0.292615
17420 0.292528
17425 0.292523
17430 0.292421
17435 0.292302
17440 0.292198
17445 0.292065
17450 0.291973
17455 0.291837
17460 0.29161
17465 0.291407
17470 0.291279
17475 0.291049
17480 0.290833
17485 0.290553
17490 0.290333
17495 0.290096
17500 0.289806
17505 0.289532
17510 0.289166
17515 0.288912
17520 0.288492
17525 0.288172
17530 0.287746
17535 0.287491
17540 0.287158
17545 0.286699
17550 0.286182
17555 0.285939
17560 0.285492
17565 0.285254
17570 0.284761
17575 0.28432
17580 0.283976
17585 0.283569
17590 0.283093
17595 0.282738
17600 0.282372
17605 0.282006
17610 0.281592
17615 0.281287
17620 0.280882
17625 0.280598
17630 0.280237
17635 0.279884
17640 0.279493
17645 0.279216
17650 0.278975
17655 0.278669
17660 0.278435
17665 0.278182
17670 0.277816
17675 0.277599
17680 0.277366
17685 0.277129
17690 0.276914
17695 0.276683
17700 0.276508
17705 0.276358
17710 0.276268
17715 0.276129
17720 0.276053
17725 0.275968
17730 0.275722
17735 0.275748
17740 0.275544
17745 0.275606
17750 0.275637
17755 0.27561
17760 0.275679
17765 0.27564
17770 0.275689
17775 0.275798
17780 0.275914
17785 0.27606
17790 0.276153
17795 0.276388
17800 0.276508
17805 0.276731
17810 0.276778
17815 0.277156
17820 0.277353
17825 0.277568
17830 0.278034
17835 0.278333
17840 0.278705
17845 0.27898
17850 0.279286
17855 0.27973
17860 0.280123
17865 0.280476
17870 0.280944
17875 0.281338
17880 0.281839
17885 0.282448
17890 0.282816
17895 0.283248
17900 0.283705
17905 0.284364
17910 0.284795
17915 0.285425
17920 0.286023
17925 0.286568
17930 0.286999
17935 0.287637
17940 0.288265
17945 0.288827
17950 0.289378
17955 0.290129
17960 0.290638
17965 0.291228
17970 0.291854
17975 0.292477
17980 0.293092
17985 0.293784
17990 0.294341
17995 0.294904
18000 0.29553
18005 0.296167
18010 0.296657
18015 0.297118
18020 0.297696
18025 0.298219
18030 0.298612
18035 0.299205
18040 0.299484
18045 0.299943
18050 0.300493
18055 0.300922
18060 0.301407
18065 0.301843
18070 0.30216
18075 0.30261
18080 0.30306
18085 0.3034
18090 0.303656
18095 0.304087
18100 0.304331
18105 0.304689
18110 0.305119
18115 0.305353
18120 0.305563
18125 0.305864
18130 0.306025
18135 0.306314
18140 0.306508
18145 0.306615
18150 0.306888
18155 0.306965
18160 0.307191
18165 0.307367
18170 0.307466
18175 0.307551
18180 0.30761
18185 0.30749
18190 0.30764
18195 0.307659
18200 0.307735
18205 0.307772
18210 0.307634
18215 0.307573
18220 0.307572
18225 0.307431
18230 0.307302
18235 0.307349
18240 0.307224
18245 0.307104
18250 0.306893
18255 0.306848
18260 0.30665
18265 0.306309
18270 0.306165
18275 0.306127
18280 0.305965
18285 0.305759
18290 0.305471
18295 0.305396
18300 0.305295
18305 0.305055
18310 0.304918
18315 0.30467
18320 0.3044
18325 0.304344
18330 0.304137
18335 0.303916
18340 0.303819
18345 0.30359
18350 0.303337
18355 0.303271
18360 0.303224
18365 0.302911
18370 0.302664
18375 0.302603
18380 0.302493
18385 0.302298
18390 0.302126
18395 0.302184
18400 0.301987
18405 0.301836
18410 0.301584
18415 0.301552
18420 0.301419
18425 0.301135
18430 0.301184
18435 0.301151
18440 0.301041
18445 0.301159
18450 0.301014
18455 0.300817
18460 0.300845
18465 0.30082
18470 0.300753
18475 0.300914
18480 0.300919
18485 0.300864
18490 0.300614
18495 0.300861
18500 0.30078
18505 0.30087
18510 0.300842
18515 0.301019
18520 0.301145
18525 0.300978
18530 0.301278
18535 0.30136
18540 0.301376
18545 0.301565
18550 0.301643
18555 0.301835
18560 0.302023
18565 0.302103
18570 0.302216
18575 0.302398
18580 0.302536
18585 0.302692
18590 0.302908
18595 0.303126
18600 0.3033
18605 0.303645
18610 0.30374
18615 0.303952
18620 0.304118
18625 0.304411
18630 0.304583
18635 0.304802
18640 0.305009
18645 0.305248
18650 0.305278
18655 0.305688
18660 0.305824
18665 0.306015
18670 0.306379
18675 0.306526
18680 0.306867
18685 0.307131
18690 0.307432
18695 0.307572
18700 0.307764
18705 0.308005
18710 0.308456
18715 0.308598
18720 0.30899
18725 0.309067
18730 0.30928
18735 0.309653
18740 0.309976
18745 0.310144
18750 0.310197
18755 0.310508
18760 0.310699
18765 0.310916
18770 0.311195
18775 0.311437
18780 0.311627
18785 0.311788
18790 0.311967
18795 0.312123
18800 0.31222
18805 0.312587
18810 0.312784
18815 0.312907
18820 0.313167
18825 0.31337
18830 0.31337
18835 0.313561
18840 0.313867
18845 0.314035
18850 0.314094
18855 0.314241
18860 0.314467
18865 0.314508
18870 0.314733
18875 0.314658
18880 0.314913
18885 0.314941
18890 0.314964
18895 0.315229
18900 0.315126
18905 0.315254
18910 0.315532
18915 0.315546
18920 0.315686
18925 0.315654
18930 0.315637
18935 0.31582
18940 0.315765
18945 0.315675
18950 0.315785
18955 0.315775
18960 0.315929
18965 0.315849
18970 0.315947
18975 0.315864
18980 0.315751
18985 0.315936
18990 0.315919
18995 0.316144
19000 0.316139
19005 0.316142
19010 0.316312
19015 0.316595
19020 0.316576
19025 0.316627
19030 0.316846
19035 0.316878
19040 0.317178
19045 0.317367
19050 0.317412
19055 0.31781
19060 0.317607
19065 0.317694
19070 0.318163
19075 0.317798
19080 0.318115
19085 0.318229
19090 0.318415
19095 0.318549
19100 0.318592
19105 0.318765
19110 0.318907
19115 0.319141
19120 0.31926
19125 0.3194
19130 0.319353
19135 0.319206
19140 0.319516
19145 0.319645
19150 0.319806
19155 0.319852
19160 0.320026
19165 0.320204
19170 0.320379
19175 0.320494
19180 0.320666
19185 0.32058
19190 0.320639
19195 0.320734
19200 0.320803
19205 0.320885
19210 0.320877
19215 0.320977
19220 0.321057
19225 0.320949
19230 0.321002
19235 0.321026
19240 0.321019
19245 0.321048
19250 0.321234
19255 0.321151
19260 0.321154
19265 0.321388
19270 0.321401
19275 0.32142
19280 0.321212
19285 0.321341
19290 0.321355
19295 0.321094
19300 0.32113
19305 0.321197
19310 0.321066
19315 0.321132
19320 0.320957
19325 0.321096
19330 0.321028
19335 0.321034
19340 0.320871
19345 0.321033
19350 0.320986
19355 0.320957
19360 0.320797
19365 0.320808
19370 0.32084
19375 0.320713
19380 0.32055
19385 0.320397
19390 0.32045
19395 0.320389
19400 0.320248
19405 0.320141
19410 0.320108
19415 0.320195
19420 0.32009
19425 0.32002
19430 0.320049
19435 0.320082
19440 0.319907
19445 0.319809
19450 0.319886
19455 0.319647
19460 0.319807
19465 0.319604
19470 0.319579
19475 0.31947
19480 0.319425
19485 0.319301
19490 0.319443
19495 0.319326
19500 0.319114
19505 0.319062
19510 0.319085
19515 0.319134
19520 0.319202
19525 0.319097
19530 0.319108
19535 0.319128
19540 0.318854
19545 0.318868
19550 0.318921
19555 0.318746
19560 0.3188
19565 0.318696
19570 0.318763
19575 0.31881
19580 0.31872
19585 0.318798
19590 0.318795
19595 0.318675
19600 0.318686
19605 0.318794
19610 0.318896
19615 0.318802
19620 0.318901
19625 0.318775
19630 0.318836
19635 0.31886
19640 0.319039
19645 0.31901
19650 0.318774
19655 0.318987
19660 0.31897
19665 0.319037
19670 0.31915
19675 0.31915
19680 0.319347
19685 0.319474
19690 0.319512
19695 0.319659
19700 0.319703
19705 0.319778
19710 0.319852
19715 0.319984
19720 0.319945
19725 0.32022
19730 0.320209
19735 0.320308
19740 0.32038
19745 0.320536
19750 0.320657
19755 0.320772
19760 0.320953
19765 0.321234
19770 0.321236
19775 0.321351
19780 0.321983
19785 0.321612
19790 0.322076
19795 0.322228
19800 0.322525
19805 0.322426
19810 0.322872
19815 0.322893
19820 0.323051
19825 0.323192
19830 0.323649
19835 0.323773
19840 0.324083
19845 0.324431
19850 0.324593
19855 0.324908
19860 0.32487
19865 0.325251
19870 0.325491
19875 0.32552
19880 0.325757
19885 0.325953
19890 0.326328
19895 0.326513
19900 0.326676
19905 0.326912
19910 0.327011
19915 0.327475
19920 0.327588
19925 0.327834
19930 0.328158
19935 0.328478
19940 0.32843
19945 0.328715
19950 0.328947
19955 0.329214
19960 0.329402
19965 0.329547
19970 0.329878
19975 0.329832
19980 0.330134
19985 0.330195
19990 0.330822
19995 0.330966
20000 0.331012
20005 0.331664
20010 0.332152
20015 0.332978
20020 0.333176
20025 0.333839
20030 0.334416
20035 0.334727
20040 0.335252
20045 0.335575
20050 0.336167
20055 0.336681
20060 0.337113
20065 0.337661
20070 0.338201
20075 0.33874
20080 0.339009
20085 0.339701
20090 0.339975
20095 0.340515
20100 0.340959
20105 0.341392
20110 0.34212
20115 0.342366
20120 0.342902
20125 0.343389
20130 0.343778
20135 0.344118
20140 0.344548
20145 0.344901
20150 0.345348
20155 0.345934
20160 0.346223
20165 0.34663
20170 0.347081
20175 0.347429
20180 0.348043
20185 0.348512
20190 0.349008
20195 0.349273
20200 0.349559
20205 0.349906
20210 0.350343
20215 0.350635
20220 0.350984
20225 0.351239
20230 0.351872
20235 0.352239
20240 0.35265
20245 0.352927
20250 0.353382
20255 0.35373
20260 0.354036
20265 0.354467
20270 0.35482
20275 0.355238
20280 0.355398
20285 0.355893
20290 0.356378
20295 0.356502
20300 0.356899
20305 0.357235
20310 0.357467
20315 0.357697
20320 0.358176
20325 0.358475
20330 0.35881
20335 0.359152
20340 0.359365
20345 0.359912
20350 0.360319
20355 0.36078
20360 0.361117
20365 0.361272
20370 0.361767
20375 0.362005
20380 0.362177
20385 0.362775
20390 0.362828
20395 0.363363
20400 0.363517
20405 0.363975
20410 0.364324
20415 0.364627
20420 0.36501
20425 0.365498
20430 0.365529
20435 0.365973
20440 0.36664
20445 0.367112
20450 0.367306
20455 0.367683
20460 0.36828
20465 0.368674
20470 0.369127
20475 0.369154
20480 0.369677
20485 0.36991
20490 0.370521
20495 0.370785
20500 0.371069
20505 0.371523
20510 0.37193
20515 0.372499
20520 0.372927
20525 0.373324
20530 0.373419
20535 0.374509
20540 0.374566
20545 0.374782
20550 0.375336
20555 0.375608
20560 0.376048
20565 0.376713
20570 0.376723
20575 0.377537
20580 0.377706
20585 0.378354
20590 0.378618
20595 0.379233
20600 0.379424
20605 0.380159
20610 0.38041
20615 0.380956
20620 0.381427
20625 0.382153
20630 0.382708
20635 0.383131
20640 0.383283
20645 0.383898
20650 0.384037
20655 0.384982
20660 0.385256
20665 0.385499
20670 0.386076
20675 0.386417
20680 0.387446
20685 0.38776
20690 0.387996
20695 0.388977
20700 0.389305
20705 0.389865
20710 0.390378
20715 0.39073
20720 0.391095
20725 0.391599
20730 0.392371
20735 0.392702
20740 0.393102
20745 0.393557
20750 0.394109
20755 0.394482
20760 0.395064
20765 0.395629
20770 0.396478
20775 0.396694
20780 0.397124
20785 0.397636
20790 0.397892
20795 0.398499
20800 0.398994
20805 0.399602
20810 0.400112
20815 0.400721
20820 0.401566
20825 0.401846
20830 0.402318
20835 0.402822
20840 0.403296
20845 0.403664
20850 0.404247
20855 0.404977
20860 0.405646
20865 0.405698
20870 0.406475
20875 0.40714
20880 0.407434
20885 0.408124
20890 0.408589
20895 0.409333
20900 0.40941
20905 0.410046
20910 0.410488
20915 0.411111
20920 0.411441
20925 0.411763
20930 0.412755
20935 0.413184
20940 0.413608
20945 0.414263
20950 0.414439
20955 0.415071
20960 0.415618
20965 0.415901
20970 0.416499
20975 0.416774
20980 0.417438
20985 0.417728
20990 0.418124
20995 0.418884
21000 0.419335
21005 0.419218
21010 0.419238
21015 0.419427
21020 0.419429
21025 0.419597
21030 0.419544
21035 0.419406
21040 0.419909
21045 0.419969
21050 0.419801
21055 0.420052
21060 0.419891
21065 0.419994
21070 0.42011
21075 0.419877
21080 0.419947
21085 0.419988
21090 0.419954
21095 0.420227
21100 0.419659
21105 0.420127
21110 0.420061
21115 0.420095
21120 0.420173
21125 0.419968
21130 0.419955
21135 0.420193
21140 0.420135
21145 0.419927
21150 0.419863
21155 0.419473
21160 0.419826
21165 0.419487
21170 0.419346
21175 0.419459
21180 0.41887
21185 0.419258
21190 0.418953
21195 0.418984
21200 0.418711
21205 0.418654
21210 0.418366
21215 0.418421
21220 0.418454
21225 0.418285
21230 0.418252
21235 0.418082
21240 0.418218
21245 0.417884
21250 0.417569
21255 0.417306
21260 0.417618
21265 0.417359
21270 0.417181
21275 0.416843
21280 0.416745
21285 0.416577
21290 0.41635
21295 0.416445
21300 0.416003
21305 0.416252
21310 0.415816
21315 0.415502
21320 0.415606
21325 0.415548
21330 0.415146
21335 0.41481
21340 0.414682
21345 0.414561
21350 0.414462
21355 0.414281
21360 0.413843
21365 0.413737
21370 0.413682
21375 0.413507
21380 0.41358
21385 0.413409
21390 0.413209
21395 0.412493
21400 0.4125
21405 0.412494
21410 0.412381
21415 0.411832
21420 0.411892
21425 0.411356
21430 0.411339
21435 0.411184
21440 0.41117
21445 0.410914
21450 0.410759
21455 0.410577
21460 0.410069
21465 0.410138
21470 0.410063
21475 0.410002
21480 0.410234
21485 0.40968
21490 0.409613
21495 0.409717
21500 0.409567
21505 0.409585
21510 0.409479
21515 0.409506
21520 0.40923
21525 0.409303
21530 0.409113
21535 0.409196
21540 0.409136
21545 0.409066
21550 0.409088
21555 0.4093
21560 0.409148
21565 0.409287
21570 0.409476
21575 0.409535
21580 0.409349
21585 0.409586
21590 0.40967
21595 0.409586
21600 0.409883
21605 0.409789
21610 0.409783
21615 0.410271
21620 0.410081
21625 0.410095
21630 0.410175
21635 0.410417
21640 0.410535
21645 0.410328
21650 0.410752
21655 0.410773
21660 0.411076
21665 0.411008
21670 0.411202
21675 0.411557
21680 0.4116
21685 0.411949
21690 0.411881
21695 0.412034
21700 0.411907
21705 0.412158
21710 0.412306
21715 0.412693
21720 0.412802
21725 0.413266
21730 0.413472
21735 0.413671
21740 0.413679
21745 0.414034
21750 0.414174
21755 0.41464
21760 0.414847
21765 0.414924
21770 0.415154
21775 0.415269
21780 0.415519
21785 0.4153
21790 0.415804
21795 0.415804
21800 0.416102
21805 0.416379
21810 0.416726
21815 0.416652
21820 0.416803
21825 0.416988
21830 0.417075
21835 0.416723
21840 0.416577
21845 0.416824
21850 0.416478
21855 0.416359
21860 0.416426
21865 0.416051
21870 0.416202
21875 0.415715
21880 0.415541
21885 0.415161
21890 0.414812
21895 0.414324
21900 0.413756
21905 0.413237
21910 0.412492
21915 0.411732
21920 0.411038
21925 0.410118
21930 0.409262
21935 0.408242
21940 0.407149
21945 0.406252
21950 0.405035
21955 0.404005
21960 0.402467
21965 0.401253
21970 0.399723
21975 0.39818
21980 0.396945
21985 0.395738
21990 0.394069
21995 0.392646
22000 0.391
22005 0.38975
22010 0.388604
22015 0.387142
22020 0.385764
22025 0.384555
22030 0.382914
22035 0.381839
22040 0.38054
22045 0.379161
22050 0.378047
22055 0.376973
22060 0.37614
22065 0.375134
22070 0.373913
22075 0.373014
22080 0.372358
22085 0.371329
22090 0.370314
22095 0.369814
22100 0.369216
22105 0.368397
22110 0.367659
22115 0.366899
22120 0.366446
22125 0.36563
22130 0.365078
22135 0.364945
22140 0.364067
22145 0.36337
22150 0.363251
22155 0.362597
22160 0.362031
22165 0.361619
22170 0.361242
22175 0.36084
22180 0.360287
22185 0.359864
22190 0.359321
22195 0.358703
22200 0.3584
22205 0.357698
22210 0.357237
22215 0.357042
22220 0.356393
22225 0.355797
22230 0.355646
22235 0.355068
22240 0.354621
22245 0.353973
22250 0.353252
22255 0.352884
22260 0.352212
22265 0.351598
22270 0.351069
22275 0.350275
22280 0.349633
22285 0.34938
22290 0.3483
22295 0.347751
22300 0.347253
22305 0.346451
22310 0.345529
22315 0.345102
22320 0.344268
22325 0.343681
22330 0.34281
22335 0.342278
22340 0.341729
22345 0.340854
22350 0.34011
22355 0.339351
22360 0.338733
22365 0.338333
22370 0.337422
22375 0.336565
22380 0.335885
22385 0.335614
22390 0.334641
22395 0.334253
22400 0.33327
22405 0.332869
22410 0.332567
22415 0.332118
22420 0.331831
22425 0.331234
22430 0.330931
22435 0.330869
22440 0.330271
22445 0.329699
22450 0.329627
22455 0.329144
22460 0.32902
22465 0.329029
22470 0.328881
22475 0.32858
22480 0.329076
22485 0.329093
22490 0.328764
22495 0.32922
22500 0.329035
22505 0.329525
22510 0.329548
22515 0.329721
22520 0.330302
22525 0.330302
22530 0.331067
22535 0.331607
22540 0.332171
22545 0.333058
22550 0.333194
22555 0.334215
22560 0.335252
22565 0.335734
22570 0.336827
22575 0.337673
22580 0.338589
22585 0.339838
22590 0.340826
22595 0.341871
22600 0.34358
22605 0.344609
22610 0.345644
22615 0.347522
22620 0.348638
22625 0.350745
22630 0.352403
22635 0.353787
22640 0.356151
22645 0.357628
22650 0.359721
22655 0.361312
22660 0.363797
22665 0.36581
22670 0.367606
22675 0.370051
22680 0.37224
22685 0.374485
22690 0.37689
22695 0.379497
22700 0.381663
22705 0.384094
22710 0.386832
22715 0.389716
22720 0.392201
22725 0.394385
22730 0.397324
22735 0.400008
22740 0.402839
22745 0.405376
22750 0.407773
22755 0.410749
22760 0.413638
22765 0.416059
22770 0.418474
22775 0.420952
22780 0.423323
22785 0.425532
22790 0.427359
22795 0.429766
22800 0.431196
22805 0.433185
22810 0.434378
22815 0.435632
22820 0.436656
22825 0.437282
22830 0.437719
22835 0.438104
22840 0.437937
22845 0.437496
22850 0.437014
22855 0.435689
22860 0.434168
22865 0.432247
22870 0.430164
22875 0.427165
22880 0.423606
22885 0.420056
22890 0.416116
22895 0.411775
22900 0.406911
22905 0.401822
22910 0.395836
22915 0.389319
22920 0.383057
22925 0.376416
22930 0.369271
22935 0.36165
22940 0.353607
22945 0.345249
22950 0.336899
22955 0.328926
22960 0.320359
22965 0.311866
22970 0.30296
22975 0.293701
22980 0.28461
22985 0.275948
22990 0.267675
22995 0.258849
23000 0.25032
23005 0.241219
23010 0.232312
23015 0.224234
23020 0.216364
23025 0.208535
23030 0.200793
23035 0.192795
23040 0.18498
23045 0.177825
23050 0.171195
23055 0.164497
23060 0.158098
23065 0.151745
23070 0.145154
23075 0.139296
23080 0.133788
23085 0.128499
23090 0.123193
23095 0.11836
23100 0.113343
23105 0.108321
23110 0.104082
23115 0.0999716
23120 0.0959489
23125 0.0919995
23130 0.0881581
23135 0.0843304
23140 0.0807504
23145 0.0775468
23150 0.0745392
23155 0.0714863
23160 0.0686142
23165 0.0656686
23170 0.0628999
23175 0.0605856
23180 0.0581538
23185 0.0557636
23190 0.0535756
23195 0.051481
23200 0.0493648
23205 0.0474528
23210 0.0455265
23215 0.0437979
23220 0.042285
23225 0.0404688
23230 0.0388397
23235 0.0373184
23240 0.0360152
23245 0.0348161
23250 0.0332352
23255 0.0321518
23260 0.0309036
23265 0.0296699
23270 0.0285729
23275 0.027603
23280 0.026595
23285 0.0257269
23290 0.0246632
23295 0.0237685
23300 0.0228923
23305 0.0221732
23310 0.0214781
23315 0.0205495
23320 0.0199435
23325 0.0192363
23330 0.0185366
23335 0.0178891
23340 0.0173247
23345 0.0166634
23350 0.0162185
23355 0.0156114
23360 0.0150822
23365 0.0144964
23370 0.0141138
23375 0.0137539
23380 0.013258
23385 0.0125392
23390 0.0123216
23395 0.0119046
23400 0.011492
23405 0.0111544
23410 0.0106675
23415 0.010358
23420 0.0103084
23425 0.00979233
23430 0.00946742
23435 0.00916336
23440 0.00891357
23445 0.0086112
23450 0.00845509
23455 0.00814722
23460 0.00788024
23465 0.00768281
23470 0.00753462
23475 0.00701929
23480 0.00694275
23485 0.0068484
23490 0.00657335
23495 0.0064766
23500 0.00631144
23505 0.00613097
23510 0.00590802
23515 0.00582995
23520 0.00560433
23525 0.0055408
23530 0.00529608
23535 0.00475102
23540 0.00496778
23545 0.00486962
23550 0.00456455
23555 0.00452114
23560 0.00456475
23565 0.00433811
23570 0.00426319
23575 0.00419173
23580 0.00393985
23585 0.00389412
23590 0.00387312
23595 0.00361425
23600 0.00348782
23605 0.00338949
23610 0.00321467
23615 0.00323752
23620 0.00327428
23625 0.00298299
23630 0.00345859
23635 0.00276928
23640 0.00288103
23645 0.00298096
23650 0.00295321
23655 0.00283859
23660 0.00259439
23665 0.00245121
23670 0.00261223
23675 0.00251844
23680 0.0025802
23685 0.00215886
23690 0.00228606
23695 0.00231858
23700 0.00217683
23705 0.00219112
23710 0.00262471
23715 0.00203854
23720 0.00198866
23725 0.00184634
23730 0.00188729
23735 0.00191747
23740 0.00206265
23745 0.00164742
23750 0.00158857
23755 0.00156137
23760 0.00183541
23765 0.00152596
23770 0.00168362
23775 0.00132953
23780 0.00151434
23785 0.00152235
23790 0.00160442
23795 0.00138242
23800 0.00129169
23805 0.00179326
23810 0.00124501
23815 0.00137361
23820 0.00154373
23825 0.00139138
23830 0.00111356
23835 0.00136835
23840 0.00137623
23845 0.00111167
23850 0.00149553
23855 0.00129418
23860 0.00108655
23865 0.00128786
23870 0.000844026
23875 0.000955869
23880 0.000960688
23885 0.000769057
23890 0.000945198
23895 0.001173
23900 0.000314864
23905 0.000809715
23910 0.00115261
23915 0.000841088
23920 0.00136356
23925 0.00052926
23930 0.00073161
23935 0.00078866
23940 0.000459576
23945 0.000165775
23950 0.000379556
23955 0.000915975
23960 0.000944331
23965 0.000853438
23970 0.000506868
23975 0.000823578
23980 0.000730007
23985 0.000611851
23990 0.0007872
23995 0.000371502
24000 0.000683815
24005 0.000661837
24010 0.00055163
24015 0.000253405
24020 0.000443645
24025 0.00089019
24030 0.000282422
24035 0.000653948
24040 0.000656998
24045 0.00125174
24050 0.000937386
24055 0.000940635
24060 5.32033e-05
24065 0.000642897
24070 0.000196617
24075 0.000665814
24080 0.000596795
24085 0.000465957
24090 0.000243219
24095 0.00029785
24100 0.000144556
24105 0.000408396
24110 0.00013814
24115 0.000721252
24120 0.000421873
24125 0.00045068
24130 0.000667919
24135 0.000314771
24140 0.000563576
24145 0.000939169
24150 0.000745812
24155 0.000291731
24160 0.000493389
24165 0.000409022
24170 0.00017902
24175 -0.000202075
24180 -5.83121e-05
24185 0.000441496
24190 0.000270179
24195 0.000266283
24200 0.000178137
24205 0.000475302
24210 9.24531e-05
24215 0.000358602
24220 -5.93514e-05
24225 0.000151378
24230 0.000244747
24235 0.000123678
24240 3.33254e-05
24245 0.000827402
24250 0.000308226
24255 0.0002792
24260 0.000155676
24265 9.53784e-05
24270 -0.000624534
24275 0.000219836
24280 -9.39609e-05
24285 0.000317127
24290 0.000477589
24295 0.000702998
24300 0.000415891
24305 -6.43058e-05
24310 5.46909e-07
24315 0.000258514
24320 0.000684032
24325 6.25982e-05
24330 -0.000132333
24335 0.000196837
24340 -0.000338063
24345 0.000375466
24350 0.000542237
24355 0.000577442
24360 -0.000205552
24365 0.000171724
24370 0.000131309
24375 0.000268309
24380 0.000206899
24385 0.000648383
24390 0.00020187
24395 0.00031336
24400 -6.97817e-05
24405 -0.000316534
24410 0.000634754
24415 0.000354276
24420 0.000179072
24425 0.000205564
24430 0.000108273
24435 0.000388172
24440 0.000317906
24445 0.000147904
24450 0.000137355
24455 0.000447044
24460 -7.44978e-05
24465 0.000362798
24470 -0.00011292
24475 -0.0002628
24480 0.000714863
24485 0.000152754
24490 0.00103024
24495 -3.86233e-05
24500 -2.72277e-07
24505 7.85984e-05
24510 -9.38518e-05
24515 0.000195613
24520 0.000236186
24525 0.00144783
24530 0.000117743
24535 -0.000254
24540 0.000616621
24545 0.000300957
24550 -0.000716955
24555 -8.01439e-05
24560 8.66614e-07
24565 -0.000303504
24570 0.000120405
24575 0.000141933
24580 6.16352e-05
24585 -7.97653e-05
24590 0.000327021
24595 0.000205444
24600 -8.23024e-05
24605 0.000122785
24610 -2.6732e-09
24615 4.08063e-05
24620 -0.000459946
24625 -0.000206596
24630 4.24125e-05
24635 0.000269341
24640 -0.000622126
24645 -0.000187425
24650 0.00066156
24655 0.000866994
24660 0.000289694
24665 0.000248818
24670 0.000414431
24675 0.000183899
24680 0.000308201
24685 0.000431175
24690 -0.000189733
24695 8.21409e-05
24700 -0.000875891
24705 -8.40887e-05
24710 0.000272026
24715 0.00124354
24720 0.000730989
24725 0.000171379
24730 1.56272e-05
24735 0.000393639
24740 8.29964e-05
24745 -0.000290095
24750 -0.000495835
24755 0.00061972
24760 5.66872e-05
24765 0.000429714
24770 0.000264473
24775 -0.000331443
24780 4.0526e-07
24785 0.000593187
24790 0.000417171
24795 0.000723446
24800 8.38353e-05
24805 0.000515627
24810 -0.000194864
24815 -0.000195441
24820 0.000125449
24825 8.40623e-05
24830 0.000420384
24835 0.000379541
24840 -4.19748e-05
24845 -0.000373254
24850 -0.000165506
24855 -0.000152781
24860 0.000135449
24865 -0.000152889
24870 0.00123828
24875 -0.0001237
24880 0.000464182
24885 8.17685e-05
24890 -4.10377e-05
24895 -0.000444744
24900 0.000202085
24905 0.000563242
24910 0.00044311
24915 0.000201871
24920 0.000654747
24925 -0.000518064
24930 4.03154e-05
24935 0.000981288
24940 0.000246412
24945 -4.01969e-05
24950 0.000322353
24955 -0.000271674
24960 0.000275864
24965 0.00101116
24970 0.000123878
24975 0.000512604
24980 0.000270588
24985 -0.000261088
24990 0.000200524
24995 0.000314383
25000 7.63856e-05
25000 0
