5995 0
5995 3.82804e-07
6000 -4.51918e-07
6005 3.9779e-07
6010 -7.90006e-07
6015 -1.56883e-06
6020 -1.18544e-06
6025 -7.04139e-07
6030 -2.35097e-07
6035 -1.66913e-06
6040 -1.4013e-06
6045 -1.3619e-06
6050 -1.53113e-06
6055 -5.298e-07
6060 -7.26167e-07
6065 -7.76297e-07
6070 -1.06477e-06
6075 -1.11561e-06
6080 -1.3142e-06
6085 -4.9274e-07
6090 -7.05054e-07
6095 -1.89966e-06
6100 -1.32272e-06
6105 -8.71423e-07
6110 -1.51147e-06
6115 -9.52414e-07
6120 -2.98997e-07
6125 -8.27122e-07
6130 -4.92787e-07
6135 -3.86277e-07
6140 -1.64789e-07
6145 -8.03735e-07
6150 -8.05018e-07
6155 -3.74354e-07
6160 -4.90322e-07
6165 -1.45164e-06
6170 -1.0778e-06
6175 -1.47075e-06
6180 -7.25659e-08
6185 -3.99746e-07
6190 -6.98842e-07
6195 -1.57489e-06
6200 3.14014e-07
6205 2.92561e-07
6210 -1.20796e-10
6215 -1.28394e-06
6220 2.79233e-07
6225 -1.25849e-06
6230 4.42262e-08
6235 -9.59722e-07
6240 2.80967e-07
6245 -9.70095e-07
6250 -8.75173e-07
6255 -8.91377e-07
6260 -1.84501e-06
6265 -1.57961e-06
6270 -4.99981e-07
6275 -9.5665e-07
6280 2.24557e-07
6285 -8.99596e-07
6290 -1.56168e-06
6295 -5.48924e-07
6300 -1.3631e-06
6305 -1.50098e-06
6310 -4.60809e-07
6315 -9.30608e-07
6320 -7.04711e-07
6325 -1.29775e-06
6330 -2.00662e-06
6335 -1.65953e-06
6340 -2.13476e-06
6345 -7.6358e-09
6350 -2.31718e-06
6355 -1.01866e-06
6360 1.0739e-07
6365 3.76437e-07
6370 -2.73906e-06
6375 -2.08052e-07
6380 -5.86509e-07
6385 -2.21818e-06
6390 5.57313e-07
6395 1.86049e-07
6400 -6.83202e-07
6405 -3.1179e-06
6410 -2.41396e-06
6415 2.10563e-07
6420 8.59135e-08
6425 -2.73767e-07
6430 -2.35007e-08
6435 2.2751e-07
6440 -1.46923e-06
6445 -4.87841e-07
6450 -1.80453e-06
6455 -7.10246e-07
6460 -1.29613e-06
6465 -2.13699e-07
6470 3.96318e-07
6475 -6.74722e-07
6480 -2.44048e-06
6485 -1.24191e-06
6490 -1.75394e-07
6495 4.71053e-07
6500 -2.15878e-06
6505 -1.87365e-06
6510 -7.37715e-07
6515 -2.01557e-06
6520 -7.23757e-07
6525 1.48986e-06
6530 -3.7098e-07
6535 -3.63432e-07
6540 -3.6395e-07
6545 -1.13389e-07
6550 6.89414e-07
6555 -1.64881e-06
6560 -1.62674e-08
6565 -2.59018e-06
6570 -2.12889e-06
6575 -1.07819e-06
6580 -3.32922e-10
6585 -1.802e-06
6590 -1.4272e-06
6595 -3.28548e-08
6600 4.52379e-07
6605 -6.42516e-07
6610 -7.25974e-07
6615 -2.97433e-07
6620 -3.0615e-07
6625 4.97199e-07
6630 -8.29898e-07
6635 7.97884e-07
6640 -9.65537e-07
6645 -8.41929e-07
6650 2.17055e-07
6655 -5.26713e-07
6660 -6.69827e-07
6665 -1.32484e-06
6670 -8.90122e-07
6675 -2.90132e-06
6680 -7.4955e-07
6685 -1.51815e-07
6690 -1.17406e-06
6695 5.75193e-07
6700 -8.97923e-07
6705 2.45985e-07
6710 7.30443e-07
6715 -5.65686e-11
6720 -2.19714e-06
6725 -6.82185e-08
6730 -1.64794e-06
6735 4.87339e-07
6740 -1.53242e-06
6745 -5.05764e-07
6750 7.72515e-07
6755 -1.65878e-06
6760 -3.78662e-07
6765 1.24087e-06
6770 -2.17436e-06
6775 -1.42554e-06
6780 -6.0556e-07
6785 -3.72468e-07
6790 -1.55252e-06
6795 -7.72918e-07
6800 -1.76523e-06
6805 -2.22033e-06
6810 -5.14406e-07
6815 -9.16679e-07
6820 -4.3709e-08
6825 -1.45305e-06
6830 -8.85252e-07
6835 -8.86421e-07
6840 -1.16001e-06
6845 -1.31993e-07
6850 2.02655e-07
6855 -1.02342e-06
6860 -2.13788e-06
6865 -3.89214e-07
6870 3.6315e-07
6875 -7.27249e-07
6880 -2.23788e-06
6885 -1.47607e-06
6890 -8.1913e-07
6895 -1.05198e-06
6900 -2.32095e-06
6905 -2.05589e-07
6910 -1.23517e-06
6915 -1.93591e-06
6920 -1.18464e-06
6925 -1.0604e-06
6930 -9.44843e-07
6935 6.30736e-08
6940 -1.20902e-06
6945 -3.88483e-07
6950 1.48499e-09
6955 -1.65771e-06
6960 -1.83224e-06
6965 -4.17798e-07
6970 -1.36419e-06
6975 -2.54988e-07
6980 -8.02453e-07
6985 -2.32837e-06
6990 -1.83774e-06
6995 -9.06353e-07
7000 -1.92511e-06
7005 3.033e-07
7010 -7.83245e-07
7015 -5.72782e-07
7020 9.26222e-08
7025 -7.70743e-07
7030 -2.88608e-07
7035 -2.89348e-07
7040 4.67889e-07
7045 -3.57443e-06
7050 -1.00641e-06
7055 -1.32016e-06
7060 -3.00627e-06
7065 -2.46423e-06
7070 -3.99077e-07
7075 -1.26695e-06
7080 -4.39303e-07
7085 -1.4457e-06
7090 -9.02249e-07
7095 -1.37604e-06
7100 -9.64682e-07
7105 -1.44109e-06
7110 -8.72699e-07
7115 -2.11932e-06
7120 -1.56922e-06
7125 -1.76867e-06
7130 -1.51849e-06
7135 -5.89304e-07
7140 8.17292e-07
7145 9.13846e-10
7150 8.01673e-07
7155 -2.87751e-07
7160 -1.16388e-06
7165 5.88403e-07
7170 -1.6897e-06
7175 -8.21936e-07
7180 1.07523e-06
7185 -1.50108e-06
7190 -2.04016e-06
7195 -9.31514e-07
7200 1.21808e-07
7205 -1.20075e-06
7210 -3.06032e-07
7215 4.60184e-07
7220 -1.32246e-06
7225 2.42259e-09
7230 -1.03023e-07
7235 -6.40315e-07
7240 4.96949e-07
7245 -2.28325e-06
7250 -1.11322e-06
7255 -6.67241e-07
7260 -1.32682e-06
7265 -2.0729e-06
7270 -9.02222e-07
7275 -1.47179e-06
7280 -1.31684e-06
7285 -2.94525e-06
7290 -2.22145e-06
7295 -1.72783e-06
7300 -6.79811e-07
7305 -1.92655e-06
7310 -1.20524e-06
7315 -1.63524e-06
7320 -2.78453e-07
7325 1.71706e-07
7330 4.94671e-07
7335 -3.0172e-06
7340 -1.61966e-06
7345 -6.81647e-07
7350 9.21564e-07
7355 6.62704e-07
7360 4.02783e-07
7365 -2.46525e-06
7370 -2.95119e-07
7375 -2.03716e-06
7380 -1.88764e-06
7385 -8.24759e-07
7390 -8.48465e-07
7395 -1.36912e-06
7400 -7.30191e-07
7405 -1.26379e-06
7410 -1.12192e-06
7415 -2.76034e-06
7420 3.90346e-07
7425 -1.55335e-06
7430 -9.06999e-07
7435 2.28349e-09
7440 4.60937e-07
7445 -8.4486e-07
7450 -9.25553e-07
7455 4.29771e-07
7460 1.64319e-06
7465 -2.29365e-06
7470 -7.16766e-07
7475 -1.26537e-06
7480 -2.02174e-06
7485 -1.04148e-06
7490 9.86198e-07
7495 -2.81511e-06
7500 -9.44061e-07
7505 -1.73033e-07
7510 -2.24229e-06
7515 -3.59007e-07
7520 -5.04756e-06
7525 -2.22064e-06
7530 5.47517e-07
7535 -1.76248e-06
7540 -1.09933e-06
7545 1.1718e-07
7550 8.21861e-07
7555 6.23486e-07
7560 2.92312e-06
7565 5.90488e-08
7570 4.49641e-06
7575 2.63195e-06
7580 4.9534e-06
7585 8.28361e-06
7590 9.07471e-06
7595 1.60339e-05
7600 2.12961e-05
7605 3.01166e-05
7610 3.78895e-05
7615 5.12425e-05
7620 6.67579e-05
7625 8.25979e-05
7630 0.000106684
7635 0.000128278
7640 0.000153066
7645 0.000179238
7650 0.000206093
7655 0.000230753
7660 0.000254659
7665 0.000276615
7670 0.000301631
7675 0.000319078
7680 0.000337589
7685 0.000353905
7690 0.000366621
7695 0.000382902
7700 0.000388904
7705 0.000403114
7710 0.000411931
7715 0.000422893
7720 0.000439118
7725 0.000454282
7730 0.000471061
7735 0.000492097
7740 0.00051747
7745 0.000547958
7750 0.00058206
7755 0.000614852
7760 0.000657402
7765 0.000703593
7770 0.000758263
7775 0.000814018
7780 0.000878722
7785 0.000953053
7790 0.00103731
7795 0.00113671
7800 0.00124758
7805 0.00137076
7810 0.00152117
7815 0.00169315
7820 0.00188564
7825 0.00211324
7830 0.00237198
7835 0.0026615
7840 0.00300461
7845 0.00337402
7850 0.00380871
7855 0.00430308
7860 0.00482995
7865 0.005438
7870 0.00609066
7875 0.00677467
7880 0.00752156
7885 0.00827496
7890 0.00905048
7895 0.00984647
7900 0.0106192
7905 0.0114073
7910 0.0121684
7915 0.0129172
7920 0.0136998
7925 0.0144356
7930 0.0151982
7935 0.0159923
7940 0.0168294
7945 0.0177084
7950 0.018665
7955 0.0197188
7960 0.0209245
7965 0.0222521
7970 0.0237622
7975 0.0254971
7980 0.0274189
7985 0.029623
7990 0.0321197
7995 0.0349066
8000 0.0381362
8005 0.0414859
8010 0.0453017
8015 0.0494366
8020 0.0538549
8025 0.0585478
8030 0.0634993
8035 0.0685925
8040 0.0739397
8045 0.0791008
8050 0.0841834
8055 0.0892919
8060 0.0939486
8065 0.098448
8070 0.102628
8075 0.106391
8080 0.109794
8085 0.113023
8090 0.115682
8095 0.117986
8100 0.119892
8105 0.121255
8110 0.122201
8115 0.122757
8120 0.123135
8125 0.123185
8130 0.123175
8135 0.123102
8140 0.122973
8145 0.122961
8150 0.123057
8155 0.123042
8160 0.122976
8165 0.122905
8170 0.122684
8175 0.122248
8180 0.121629
8185 0.120748
8190 0.119569
8195 0.118118
8200 0.116673
8205 0.115071
8210 0.113477
8215 0.111818
8220 0.110419
8225 0.109087
8230 0.10795
8235 0.107008
8240 0.106376
8245 0.105876
8250 0.105548
8255 0.105383
8260 0.105334
8265 0.105202
8270 0.105131
8275 0.104955
8280 0.104559
8285 0.104051
8290 0.103641
8295 0.103047
8300 0.102565
8305 0.102165
8310 0.101937
8315 0.102016
8325 0.103158
8330 0.104053
8335 0.105243
8340 0.10637
8345 0.107492
8350 0.108364
8355 0.108943
8360 0.108946
8365 0.108596
8370 0.107775
8375 0.106736
8380 0.105477
8385 0.104346
8390 0.103172
8395 0.102479
8400 0.102019
8405 0.101818
8410 0.101784
8415 0.101896
8420 0.101762
8425 0.101301
8430 0.10029
8435 0.0986028
8440 0.0962021
8445 0.0933379
8450 0.0900378
8455 0.0865705
8460 0.0831562
8465 0.0801855
8470 0.0777712
8475 0.0762262
8480 0.0753667
8485 0.0756478
8490 0.0769421
8495 0.0792753
8500 0.082583
8505 0.0865804
8510 0.0911603
8515 0.0958628
8520 0.100287
8525 0.103921
8530 0.10589
8535 0.106491
8540 0.105253
8545 0.102463
8550 0.0984047
8555 0.0937758
8560 0.088982
8565 0.0845246
8570 0.0806931
8575 0.0776276
8580 0.0753863
8585 0.0743773
8590 0.0741129
8595 0.0747773
8600 0.0762917
8605 0.0786478
8610 0.0816779
8615 0.0852166
8620 0.0889705
8625 0.092848
8630 0.0968635
8635 0.100398
8640 0.103474
8645 0.106359
8650 0.108232
8655 0.109948
8660 0.111037
8665 0.111657
8670 0.112371
8675 0.113004
8680 0.113811
8685 0.11467
8690 0.115574
8695 0.11679
8700 0.117535
8705 0.118272
8710 0.118269
8715 0.117336
8720 0.11602
8725 0.113888
8730 0.110425
8735 0.106939
8740 0.102576
8745 0.0982389
8750 0.0932152
8755 0.0893601
8760 0.0859221
8765 0.082596
8770 0.079684
8775 0.0772332
8780 0.0753986
8785 0.0735345
8790 0.0721253
8795 0.0706584
8800 0.0689301
8805 0.0674079
8810 0.0657304
8815 0.0638716
8820 0.061948
8825 0.0599521
8830 0.0576496
8835 0.0554039
8840 0.0536547
8845 0.0520048
8850 0.0507044
8855 0.0497731
8860 0.0490881
8865 0.048903
8870 0.0491912
8875 0.0500363
8880 0.0512943
8885 0.0529119
8890 0.054988
8895 0.0574638
8900 0.0599095
8905 0.0621676
8910 0.0642639
8915 0.0659226
8920 0.0669906
8925 0.0672517
8930 0.066768
8935 0.0656475
8940 0.0639642
8945 0.0619583
8950 0.0597415
8955 0.0575028
8960 0.0555328
8965 0.0540133
8970 0.0528158
8975 0.052141
8980 0.0520428
8985 0.0525101
8990 0.0535944
8995 0.0554076
9000 0.0575514
9005 0.0606542
9010 0.0643749
9015 0.068727
9020 0.0736414
9025 0.0786516
9030 0.0838576
9035 0.0891062
9040 0.0938563
9045 0.0986271
9050 0.102731
9055 0.10586
9060 0.108267
9065 0.110051
9070 0.111083
9075 0.111829
9080 0.112217
9085 0.112431
9090 0.112694
9095 0.112989
9100 0.11348
9105 0.114171
9110 0.114944
9115 0.115924
9120 0.116927
9125 0.117998
9130 0.118894
9135 0.119802
9140 0.120613
9145 0.121321
9150 0.121792
9155 0.122181
9160 0.122397
9165 0.122588
9170 0.122726
9175 0.122878
9180 0.123014
9185 0.123135
9190 0.123359
9195 0.12342
9200 0.123535
9205 0.123532
9210 0.12331
9215 0.12296
9220 0.122419
9225 0.121686
9230 0.120723
9235 0.119497
9240 0.118103
9245 0.116562
9250 0.115207
9255 0.113796
9260 0.112431
9265 0.111329
9270 0.110255
9275 0.10952
9280 0.109075
9285 0.108949
9290 0.109127
9295 0.109551
9300 0.110189
9305 0.111137
9310 0.112251
9315 0.113483
9320 0.114807
9325 0.116107
9330 0.11744
9335 0.118837
9340 0.120025
9345 0.121231
9350 0.122143
9355 0.123033
9360 0.123791
9365 0.124516
9370 0.125129
9375 0.125647
9380 0.126132
9385 0.126541
9390 0.127053
9395 0.12744
9400 0.127809
9405 0.128156
9410 0.128479
9415 0.128783
9420 0.129
9425 0.129105
9430 0.129325
9435 0.12937
9440 0.129476
9445 0.129614
9450 0.129757
9455 0.129985
9460 0.130303
9465 0.130622
9470 0.131091
9475 0.131523
9480 0.131995
9485 0.132563
9490 0.133053
9495 0.133525
9500 0.133917
9505 0.134118
9510 0.134194
9515 0.134104
9520 0.133975
9525 0.133612
9530 0.133138
9535 0.132697
9540 0.132245
9545 0.131781
9550 0.131469
9555 0.131276
9560 0.131265
9565 0.131493
9570 0.13188
9575 0.132498
9580 0.133342
9585 0.134419
9590 0.135636
9595 0.136958
9600 0.138258
9605 0.139548
9610 0.140819
9615 0.141981
9620 0.143022
9625 0.143959
9630 0.144597
9635 0.145055
9640 0.145456
9645 0.145675
9650 0.145867
9655 0.146032
9660 0.146219
9665 0.146395
9670 0.146693
9675 0.147029
9680 0.147568
9685 0.148102
9690 0.148663
9695 0.14929
9700 0.149899
9705 0.150419
9710 0.150948
9715 0.151305
9720 0.151524
9725 0.151718
9730 0.151783
9735 0.151742
9740 0.151677
9745 0.151608
9750 0.151554
9755 0.151635
9760 0.15186
9765 0.152226
9770 0.152733
9775 0.153401
9780 0.154251
9785 0.155148
9790 0.156173
9795 0.157151
9800 0.158128
9805 0.159048
9810 0.159778
9815 0.160243
9820 0.160584
9825 0.160488
9830 0.160308
9835 0.15986
9840 0.159178
9845 0.158374
9850 0.157598
9855 0.156846
9860 0.156226
9865 0.155588
9870 0.155285
9875 0.155266
9880 0.15537
9885 0.155812
9890 0.156509
9895 0.157378
9900 0.15846
9905 0.159644
9910 0.160883
9915 0.162126
9920 0.16328
9925 0.164294
9930 0.165201
9935 0.165923
9940 0.166318
9945 0.166606
9950 0.166667
9955 0.16661
9960 0.166506
9965 0.166308
9970 0.166049
9975 0.165986
9980 0.16593
9985 0.165976
9990 0.1662
9995 0.166498
10000 0.167019
10005 0.16743
10010 0.167855
10015 0.168341
10020 0.168826
10025 0.169235
10030 0.169655
10035 0.169807
10040 0.170001
10045 0.170015
10050 0.169905
10055 0.169754
10060 0.169487
10065 0.169157
10070 0.168944
10075 0.168751
10080 0.1686
10085 0.168552
10090 0.168603
10095 0.168638
10100 0.168852
10105 0.169001
10110 0.169228
10115 0.169375
10120 0.169372
10125 0.169266
10130 0.168952
10135 0.168405
10140 0.167654
10145 0.166751
10150 0.165479
10155 0.164077
10160 0.16246
10165 0.160827
10170 0.159249
10175 0.157684
10180 0.156108
10185 0.154725
10190 0.153382
10195 0.152426
10200 0.151712
10205 0.151167
10210 0.150902
10215 0.150863
10220 0.151019
10225 0.151339
10230 0.151779
10235 0.152242
10250 0.15378
10255 0.154208
10260 0.154406
10265 0.154577
10270 0.154566
10275 0.154477
10280 0.154229
10285 0.154006
10290 0.153695
10295 0.153391
10300 0.153102
10305 0.15292
10310 0.152778
10315 0.152712
10320 0.152778
10325 0.152921
10330 0.153209
10335 0.153507
10340 0.154038
10345 0.154407
10350 0.154959
10355 0.155512
10360 0.155955
10365 0.156555
10370 0.15699
10375 0.157467
10380 0.158054
10385 0.158487
10390 0.159091
10395 0.159657
10400 0.160295
10405 0.160984
10410 0.161931
10415 0.162802
10420 0.163823
10425 0.1649
10430 0.1659
10435 0.166926
10440 0.167965
10445 0.168737
10450 0.169278
10455 0.169445
10460 0.169237
10465 0.168613
10470 0.167469
10475 0.165751
10480 0.163575
10485 0.161102
10490 0.15811
10495 0.155056
10500 0.151631
10505 0.147964
10510 0.14428
10515 0.141132
10520 0.138041
10525 0.135208
10530 0.132555
10535 0.130277
10540 0.128411
10545 0.127061
10550 0.126179
10555 0.125625
10560 0.125496
10565 0.125853
10570 0.126508
10575 0.127549
10580 0.128902
10585 0.130547
10590 0.132407
10595 0.134485
10600 0.136859
10605 0.139148
10610 0.141393
10615 0.143683
10620 0.145851
10625 0.147813
10630 0.149851
10635 0.151706
10640 0.153094
10645 0.154276
10650 0.155202
10655 0.155819
10660 0.15617
10665 0.156169
10670 0.155811
10675 0.155208
10680 0.154218
10685 0.152873
10690 0.151246
10695 0.149147
10700 0.146787
10705 0.144275
10710 0.141547
10715 0.138708
10720 0.135422
10725 0.13209
10730 0.128777
10735 0.125562
10740 0.122481
10745 0.119445
10750 0.116652
10755 0.113941
10760 0.111447
10765 0.10954
10770 0.107906
10775 0.106531
10780 0.105558
10785 0.104955
10790 0.104759
10795 0.104968
10800 0.105561
10805 0.106502
10810 0.107884
10815 0.10967
10820 0.111852
10825 0.114434
10830 0.117246
10835 0.120268
10840 0.123728
10845 0.127365
10850 0.131255
10855 0.135369
10860 0.139314
10865 0.143224
10870 0.147024
10875 0.15084
10880 0.154383
10885 0.157816
10890 0.160846
10895 0.163494
10900 0.165818
10905 0.167837
10910 0.169588
10915 0.171057
10920 0.172133
10925 0.172994
10930 0.173427
10935 0.173656
10940 0.173674
10945 0.173341
10950 0.172662
10955 0.171853
10960 0.170658
10965 0.169345
10970 0.167737
10975 0.165763
10980 0.163611
10985 0.161348
10990 0.159114
10995 0.156656
11000 0.154246
11005 0.151932
11010 0.149639
11015 0.147534
11020 0.145732
11025 0.14422
11030 0.14292
11035 0.141914
11040 0.14122
11045 0.140986
11050 0.14102
11055 0.141529
11060 0.142455
11065 0.143669
11070 0.145309
11075 0.147248
11080 0.149483
11085 0.151901
11090 0.154477
11095 0.157089
11100 0.159938
11105 0.162826
11110 0.165437
11115 0.167742
11120 0.169904
11125 0.171715
11130 0.173153
11135 0.174288
11140 0.175038
11145 0.175397
11150 0.175377
11155 0.17511
11160 0.174606
11165 0.174056
11170 0.173217
11175 0.172465
11180 0.171766
11185 0.171113
11190 0.170646
11195 0.170293
11200 0.170079
11205 0.170108
11210 0.170257
11215 0.17054
11220 0.170995
11225 0.171498
11230 0.172116
11235 0.172746
11240 0.17328
11245 0.173749
11250 0.174117
11255 0.174356
11260 0.174457
11265 0.174322
11270 0.174067
11275 0.173714
11280 0.173186
11285 0.172565
11290 0.171845
11295 0.171053
11300 0.170316
11305 0.169612
11310 0.16898
11315 0.168515
11320 0.168105
11325 0.167931
11330 0.167824
11335 0.167918
11340 0.168218
11345 0.168585
11350 0.169099
11355 0.169665
11360 0.170364
11365 0.170954
11370 0.171627
11375 0.172095
11380 0.172495
11385 0.172701
11390 0.172794
11395 0.17266
11400 0.172335
11405 0.171753
11410 0.171064
11415 0.170175
11420 0.169104
11425 0.167856
11430 0.166776
11435 0.16563
11440 0.164527
11445 0.163505
11450 0.162593
11455 0.16182
11460 0.161299
11465 0.160965
11470 0.16094
11475 0.161172
11480 0.161617
11485 0.162389
11490 0.163408
11495 0.164608
11500 0.165981
11505 0.167567
11510 0.169216
11515 0.17115
11520 0.172996
11525 0.174816
11530 0.176574
11535 0.178245
11540 0.179776
11545 0.181209
11550 0.182452
11555 0.183366
11560 0.184126
11565 0.184607
11570 0.184978
11575 0.185085
11580 0.185057
11585 0.184854
11590 0.184561
11595 0.184268
11600 0.183903
11605 0.183551
11610 0.18322
11615 0.183008
11620 0.182831
11625 0.182728
11630 0.182774
11635 0.182858
11640 0.183066
11645 0.183304
11650 0.18359
11655 0.183957
11660 0.184123
11665 0.184521
11670 0.184741
11675 0.184922
11680 0.184999
11685 0.185078
11690 0.184901
11695 0.184775
11700 0.184494
11705 0.184104
11710 0.183697
11715 0.183209
11720 0.1828
11725 0.182321
11730 0.181883
11735 0.18151
11740 0.181154
11745 0.180945
11750 0.180868
11755 0.180914
11760 0.181008
11765 0.181253
11770 0.181629
11775 0.182054
11780 0.182589
11785 0.183176
11790 0.183755
11795 0.184351
11800 0.184893
11805 0.185349
11810 0.185622
11815 0.185719
11820 0.185728
11825 0.185471
11830 0.184988
11835 0.184331
11840 0.183415
11845 0.182387
11850 0.181166
11855 0.179779
11860 0.178191
11865 0.176573
11870 0.175047
11875 0.173508
11880 0.172099
11885 0.170729
11890 0.169482
11895 0.168391
11900 0.167548
11905 0.166999
11910 0.16662
11915 0.166532
11920 0.166741
11925 0.167232
11930 0.168073
11935 0.169088
11940 0.170327
11945 0.171833
11950 0.173565
11955 0.175542
11960 0.177674
11965 0.179958
11970 0.182091
11975 0.184297
11980 0.186517
11985 0.188635
11990 0.190855
11995 0.192707
12000 0.194597
12005 0.196051
12010 0.197196
12015 0.198249
12020 0.198926
12025 0.199469
12030 0.199695
12035 0.199729
12040 0.199665
12045 0.199418
12050 0.199091
12055 0.198651
12060 0.198172
12065 0.197756
12070 0.197357
12075 0.196888
12080 0.19656
12085 0.196303
12090 0.196032
12095 0.196025
12100 0.195883
12105 0.195966
12110 0.196375
12115 0.196179
12120 0.196276
12125 0.196537
12130 0.196669
12135 0.196854
12140 0.196931
12145 0.197028
12150 0.197057
12155 0.196899
12160 0.196892
12165 0.19651
12170 0.196387
12175 0.196147
12180 0.195752
12185 0.195402
12190 0.194997
12195 0.194657
12200 0.194274
12205 0.193924
12210 0.193608
12215 0.193316
12220 0.193142
12225 0.192999
12230 0.192952
12235 0.192844
12240 0.192856
12245 0.192954
12250 0.193055
12255 0.19314
12260 0.193222
12265 0.193271
12270 0.193253
12275 0.193168
12280 0.192914
12285 0.192673
12290 0.192219
12295 0.191658
12300 0.190906
12305 0.190032
12310 0.188919
12315 0.187742
12320 0.18646
12325 0.185068
12330 0.183574
12335 0.182038
12340 0.180299
12345 0.178769
12350 0.177211
12355 0.175717
12360 0.174282
12365 0.172957
12370 0.171615
12375 0.170595
12380 0.169685
12385 0.168972
12390 0.168452
12395 0.168075
12400 0.167914
12405 0.167957
12410 0.168213
12415 0.168606
12420 0.169279
12425 0.170012
12430 0.170962
12435 0.172057
12440 0.173244
12445 0.17455
12450 0.175916
12455 0.177325
12460 0.178866
12465 0.180348
12470 0.181815
12475 0.183218
12480 0.184568
12485 0.185919
12490 0.187114
12495 0.188294
12500 0.189289
12505 0.190199
12510 0.190923
12515 0.191557
12520 0.19224
12525 0.192769
12530 0.193193
12535 0.193547
12540 0.193865
12545 0.194051
12550 0.194281
12555 0.19444
12560 0.194674
12565 0.194861
12570 0.195022
12575 0.195179
12580 0.195329
12585 0.195504
12590 0.195769
12595 0.195891
12600 0.196062
12605 0.1962
12610 0.196368
12615 0.196518
12620 0.196647
12625 0.196729
12630 0.196803
12635 0.19678
12640 0.196865
12645 0.196829
12650 0.196799
12655 0.196751
12660 0.196665
12665 0.196629
12670 0.196574
12675 0.196516
12680 0.196457
12685 0.196455
12690 0.196458
12695 0.196482
12700 0.19658
12705 0.196705
12710 0.196755
12715 0.196934
12720 0.196966
12725 0.19704
12730 0.197105
12735 0.196975
12740 0.196833
12745 0.196628
12750 0.196159
12755 0.195511
12760 0.194743
12765 0.193766
12770 0.192531
12775 0.191015
12780 0.189214
12785 0.187311
12790 0.185166
12795 0.182916
12800 0.180349
12805 0.177713
12810 0.174831
12815 0.171937
12820 0.169218
12825 0.166333
12830 0.163555
12835 0.160836
12840 0.158141
12845 0.155583
12850 0.15337
12855 0.15138
12860 0.149524
12865 0.147897
12870 0.146467
12875 0.145398
12880 0.144597
12885 0.144069
12890 0.143838
12895 0.143903
12900 0.144192
12905 0.144861
12910 0.14579
12915 0.146851
12920 0.148267
12925 0.149846
12930 0.151798
12935 0.153804
12940 0.156026
12945 0.158256
12950 0.16062
12955 0.162887
12960 0.165203
12965 0.167417
12970 0.169706
12975 0.171599
12980 0.173225
12985 0.174495
12990 0.175503
12995 0.176247
13000 0.176559
13005 0.176712
13010 0.176556
13015 0.175984
13020 0.175316
13025 0.17437
13030 0.173115
13035 0.17186
13040 0.170423
13045 0.169169
13050 0.167902
13055 0.166703
13060 0.165626
13065 0.164627
13070 0.163962
13075 0.163527
13080 0.163349
13085 0.163442
13090 0.163786
13095 0.164446
13100 0.16551
13105 0.166701
13110 0.168229
13115 0.169935
13120 0.171951
13125 0.174176
13130 0.17655
13135 0.178884
13140 0.181205
13145 0.183479
13150 0.185625
13155 0.187589
13160 0.189266
13165 0.190468
13170 0.19122
13175 0.191541
13180 0.191314
13185 0.190502
13190 0.189188
13195 0.187261
13200 0.185033
13205 0.18238
13210 0.179432
13215 0.176217
13220 0.172545
13225 0.168811
13230 0.165356
13235 0.161919
13240 0.158542
13245 0.155394
13250 0.152453
13255 0.149624
13260 0.147283
13265 0.145393
13270 0.143774
13275 0.142501
13280 0.141572
13285 0.141063
13290 0.14101
13295 0.14133
13300 0.142112
13305 0.143263
13310 0.144879
13315 0.147036
13320 0.149576
13325 0.152436
13330 0.155688
13335 0.159236
13340 0.163093
13345 0.167615
13350 0.172329
13355 0.176874
13360 0.181527
13365 0.186195
13370 0.190631
13375 0.195053
13380 0.19903
13385 0.202422
13390 0.205015
13395 0.206914
13400 0.208105
13405 0.208377
13410 0.207764
13415 0.206268
13420 0.204169
13425 0.20131
13430 0.197891
13435 0.193795
13440 0.189518
13445 0.184656
13450 0.18018
13455 0.175615
13460 0.17133
13465 0.16695
13470 0.1627
13475 0.158546
13480 0.154998
13485 0.151856
13490 0.149011
13495 0.146511
13500 0.144382
13505 0.142421
13510 0.140913
13515 0.139769
13520 0.138945
13525 0.138437
13530 0.138138
13535 0.138148
13540 0.138526
13545 0.13908
13550 0.139863
13555 0.140935
13560 0.142069
13565 0.143446
13570 0.144931
13575 0.14634
13580 0.147886
13585 0.149465
13590 0.151109
13595 0.152659
13600 0.15412
13605 0.155594
13610 0.156912
13615 0.158034
13620 0.159076
13625 0.160022
13630 0.160682
13635 0.161116
13640 0.161409
13645 0.161519
13650 0.161545
13655 0.161478
13660 0.161343
13665 0.161112
13670 0.160739
13675 0.160354
13680 0.159968
13685 0.159572
13690 0.159247
13695 0.158978
13700 0.158655
13705 0.158519
13710 0.158294
13715 0.158263
13720 0.15822
13725 0.158255
13730 0.158399
13735 0.158642
13740 0.158871
13745 0.159282
13750 0.15969
13755 0.160201
13760 0.160711
13765 0.161337
13770 0.161906
13775 0.162611
13780 0.163186
13785 0.163881
13790 0.164516
13795 0.165228
13800 0.165846
13805 0.16652
13810 0.16711
13815 0.16779
13820 0.168372
13825 0.169075
13830 0.169655
13835 0.17028
13840 0.17068
13845 0.171221
13850 0.171483
13855 0.171793
13860 0.172076
13865 0.172107
13870 0.172078
13875 0.171853
13880 0.171259
13885 0.170461
13890 0.169272
13895 0.167833
13900 0.166118
13905 0.164184
13910 0.161496
13915 0.158053
13920 0.153828
13925 0.149507
13930 0.144937
13935 0.140129
13940 0.135008
13945 0.129369
13950 0.122614
13955 0.115864
13960 0.109315
13965 0.102905
13970 0.0969418
13975 0.0912528
13980 0.0853837
13985 0.0800966
13990 0.0749907
13995 0.0698712
14000 0.0646551
14005 0.0598579
14010 0.0551918
14015 0.0510239
14020 0.0476182
14025 0.0445697
14030 0.0417498
14035 0.0389111
14040 0.036158
14045 0.0335818
14050 0.03129
14055 0.0293047
14060 0.0273532
14065 0.0256557
14070 0.0241269
14075 0.0226256
14080 0.0212294
14085 0.0199885
14090 0.0188169
14095 0.017794
14100 0.0167474
14105 0.0157438
14110 0.0149071
14115 0.0141802
14120 0.0134947
14125 0.0128003
14130 0.0121457
14135 0.0115096
14140 0.0109035
14145 0.0103658
14150 0.00987879
14155 0.00940057
14160 0.0089538
14165 0.00856939
14170 0.00813832
14175 0.00776259
14180 0.00742565
14185 0.00709001
14190 0.0067446
14195 0.00644192
14200 0.00610909
14205 0.00585364
14210 0.00561502
14215 0.00535961
14220 0.00514659
14225 0.00491686
14230 0.00471069
14235 0.00448022
14240 0.0043334
14245 0.00415123
14250 0.00395674
14255 0.00380756
14260 0.00362042
14265 0.0034973
14270 0.00333788
14275 0.00322262
14280 0.00310796
14285 0.00297314
14290 0.00283778
14295 0.00274129
14300 0.00260934
14305 0.00254509
14310 0.00243012
14315 0.00233688
14320 0.00224336
14325 0.00214996
14330 0.00206536
14335 0.00199233
14340 0.0019303
14345 0.00183814
14350 0.00175186
14355 0.00173553
14360 0.00165835
14365 0.00157549
14370 0.00149848
14375 0.00144992
14380 0.00140331
14385 0.00133219
14390 0.00127254
14395 0.00120528
14400 0.00119833
14405 0.00114617
14410 0.00107876
14415 0.00103592
14420 0.00100523
14425 0.000955545
14430 0.000909335
14435 0.000875122
14440 0.000888722
14445 0.000802642
14450 0.000763899
14455 0.000736032
14460 0.000711492
14465 0.000693921
14470 0.00068161
14475 0.000672737
14480 0.0005827
14485 0.000574291
14490 0.000548439
14495 0.00054552
14500 0.000510521
14505 0.000506853
14510 0.000494088
14515 0.000470557
14520 0.000455627
14525 0.000447712
14530 0.000420619
14535 0.000392564
14540 0.000398627
14545 0.000361698
14550 0.00036431
14555 0.000346621
14560 0.000339508
14565 0.000345334
14570 0.000352566
14575 0.000338523
14580 0.000315319
14585 0.000297777
14590 0.000289628
14595 0.00027938
14600 0.000254428
14605 0.000234695
14610 0.000209495
14615 0.000200624
14620 0.000178828
14625 0.000180428
14630 0.000174025
14635 0.000164386
14640 0.000176402
14645 0.00018609
14650 0.000123203
14655 0.000121472
14660 0.000123595
14665 0.000108802
14670 0.000113777
14675 0.000105274
14680 8.66516e-05
14685 7.18265e-05
14690 6.63652e-05
14695 4.38206e-05
14700 6.5766e-05
14705 6.51223e-05
14710 5.17889e-05
14715 8.89904e-05
14720 4.79592e-05
14725 3.44991e-05
14730 2.49032e-05
14735 3.15292e-05
14740 2.10712e-05
14745 3.25895e-05
14750 2.49954e-05
14755 4.89766e-05
14760 3.55311e-05
14765 3.09863e-05
14770 5.04388e-05
14775 1.55841e-05
14780 4.93404e-05
14785 -9.73214e-06
14790 1.56559e-05
14795 3.1299e-05
14800 3.33391e-05
14805 1.96525e-05
14810 4.5197e-05
14815 5.46316e-07
14820 2.02474e-05
14825 1.18198e-05
14830 2.16691e-05
14835 2.36315e-05
14840 -4.73068e-05
14845 3.02201e-05
14850 2.57712e-05
14855 1.58912e-05
14860 1.99173e-05
14865 2.59309e-05
14870 2.79783e-05
14875 5.79381e-05
14880 -1.62089e-06
14885 9.89535e-09
14890 2.21078e-05
14895 7.43054e-05
14900 3.6211e-05
14905 2.01686e-06
14910 1.41496e-05
14915 2.82838e-05
14920 2.83471e-05
14925 3.851e-05
14930 6.08837e-06
14935 -4.47088e-05
14940 1.63094e-05
14945 2.65095e-05
14950 2.05008e-06
14955 3.06839e-05
14960 -6.21228e-09
14965 -2.4629e-05
14970 2.55779e-08
14975 1.44306e-05
14980 2.08111e-06
14985 3.924e-05
14990 4.13902e-06
14995 2.08348e-06
15000 1.44316e-05
15005 1.23505e-05
15010 4.03865e-06
15015 3.54327e-05
15020 1.24917e-05
15025 -5.01379e-05
15030 1.44532e-05
15035 2.11435e-06
15040 2.3105e-05
15045 -3.36613e-05
15050 8.11986e-06
15055 2.11646e-06
15060 1.26754e-05
15065 1.05875e-05
15070 -1.47998e-05
15075 5.09248e-05
15080 2.64887e-08
15085 3.78881e-06
15090 1.92137e-05
15095 8.5622e-06
15100 2.34922e-05
15105 1.71335e-05
15110 -2.14893e-06
15115 -4.29906e-06
15120 -2.15014e-05
15125 3.01902e-05
15130 1.44221e-05
15135 2.81085e-05
15140 2.59904e-05
15145 1.95383e-05
15150 1.95438e-05
15155 8.69742e-06
15160 2.17897e-05
15165 4.39111e-06
15170 2.31862e-05
15175 3.85037e-05
15180 4.36819e-06
15185 -2.21136e-06
15190 -2.63839e-05
15195 9.4137e-09
15200 1.3226e-05
15205 1.21901e-05
15210 -7.68462e-06
15215 -1.55344e-05
15220 -3.54576e-05
15225 8.77648e-05
15230 2.89349e-05
15235 1.33898e-05
15240 2.23502e-05
15245 1.34519e-05
15250 3.13801e-05
15255 -5.78032e-06
15260 3.46666e-05
15265 -4.72634e-05
15270 -9.00037e-06
15275 1.58093e-05
15280 -2.27835e-06
15285 -9.0359e-06
15290 3.63161e-05
15295 2.04714e-05
15300 2.27862e-05
15305 1.3691e-05
15310 2.0568e-05
15315 -6.8486e-06
15320 -2.22698e-05
15325 4.59469e-06
15330 -4.59573e-06
15335 1.83872e-05
15340 -8.06371e-05
15345 4.84633e-05
15350 2.77343e-05
15355 1.39106e-05
15360 4.22258e-05
15365 1.86008e-05
15370 -2.34246e-06
15375 1.39772e-05
15380 -1.86674e-05
15385 -2.34406e-06
15390 -2.3446e-06
15395 9.38052e-06
15400 2.81749e-05
15405 1.67221e-05
15410 -2.34731e-06
15415 9.44652e-06
15420 1.65507e-05
15425 2.60367e-05
15430 -1.18341e-05
15435 2.62443e-05
15440 -7.1379e-06
15445 4.76029e-06
15450 1.1959e-05
15455 3.34808e-05
15460 9.58471e-06
15465 9.58807e-06
15470 2.41141e-06
15475 -4.8245e-06
15480 -1.20655e-05
15485 -1.21698e-09
15490 -2.41479e-06
15495 -4.83126e-06
15500 4.86012e-06
15505 -4.86123e-06
15510 -7.30707e-06
15515 -1.46174e-05
15520 7.41903e-06
15525 3.18576e-05
15530 0.000110195
15535 2.17012e-05
15540 3.19606e-05
15545 1.72491e-05
15550 1.68175e-05
15555 -2.5744e-08
15560 -4.20629e-05
15565 -5.44897e-05
15570 -3.07782e-06
15575 -3.10577e-06
15580 1.24531e-05
15585 -9.97559e-06
15590 7.497e-06
15595 3.68118e-05
15600 -1.5028e-05
15605 2.50725e-05
15610 -1.50371e-05
15615 3.1885e-05
15620 1.76404e-05
15625 1.93393e-05
15630 2.18589e-05
15635 1.51691e-05
15640 -3.80027e-05
15645 2.28905e-05
15650 2.03533e-05
15655 -7.63475e-06
15660 1.66641e-08
15665 1.53609e-05
15670 1.54203e-05
15675 0.000101454
15680 -1.80057e-05
15685 -2.3469e-08
15690 -3.60878e-05
15695 2.19994e-05
15700 -7.73776e-06
15705 3.88924e-05
15710 2.33641e-05
15715 1.82079e-05
15720 3.38714e-05
15725 2.08563e-05
15730 1.85118e-08
15735 7.86347e-06
15740 2.21121e-05
15745 2.36316e-05
15750 -1.56856e-06
15755 -1.84432e-05
15760 -2.10648e-05
15765 3.00507e-05
15770 1.85155e-05
15775 -3.18055e-05
15780 -2.64671e-06
15785 -2.64752e-06
15790 5.35187e-06
15795 2.66848e-05
15800 -8.03275e-06
15805 2.67823e-05
15810 1.34496e-05
15815 3.83419e-05
15820 2.4232e-05
15825 8.09767e-06
15830 1.68351e-05
15835 1.3521e-05
15840 -5.42079e-06
15845 1.08442e-05
15850 8.16274e-06
15855 5.45235e-06
15860 2.18146e-05
15865 3.27575e-05
15870 2.45947e-05
15875 9.46958e-09
15880 1.37165e-05
15885 -2.71624e-06
15890 2.23172e-05
15895 8.29125e-06
15900 6.3489e-05
15905 5.80446e-05
15910 -4.15497e-05
15915 1.66589e-05
15920 4.18837e-05
15925 1.39474e-05
15930 2.23179e-05
15935 4.75143e-05
15940 1.96074e-05
15945 4.48479e-05
15950 -1.12158e-05
15955 5.65157e-06
15960 2.25582e-05
15965 5.43614e-09
15970 2.84259e-06
15975 2.84355e-06
15980 5.95953e-05
15985 9.66346e-05
15990 -4.84452e-05
15995 5.72272e-06
16000 2.87629e-06
16000 0
