        1938.            0.
        1939.            0.
        1940.  1.000230E-10
        1950.   2.295280E-8
        1960.   3.818570E-8
        1970.   1.712130E-9
        1980.   9.045590E-8
        1990.   6.054170E-8
        2000.   1.454260E-8
        2010.   4.181840E-9
        2020.  1.000230E-10
        2030.  1.000230E-10
        2040.   6.281130E-9
        2050.   2.762460E-9
        2060.  1.000230E-10
        2070.   1.536430E-8
        2080.   1.817130E-8
        2090.   3.590190E-8
        2100.   4.119810E-8
        2110.   2.048760E-8
        2120.   7.329260E-8
        2130.   4.493630E-8
        2140.   4.533850E-8
        2150.   4.434210E-8
        2160.   3.153910E-8
        2170.   5.591060E-8
        2180.   4.278280E-8
        2190.   4.091370E-8
        2200.   8.091060E-8
        2210.   7.805840E-8
        2220.   4.170030E-8
        2230.   4.125380E-8
        2240.   7.080030E-8
        2250.   2.519590E-8
        2260.   7.767580E-8
        2270.   5.995920E-8
        2280.   5.333090E-8
        2290.   5.439570E-8
        2300.   6.541240E-8
        2310.   5.036840E-8
        2320.   6.855660E-8
        2330.   6.010420E-8
        2340.   7.355120E-8
        2350.   4.582450E-8
        2360.   4.435230E-8
        2370.   3.204330E-8
        2380.   6.577530E-8
        2390.   6.572920E-8
        2400.   6.474560E-8
        2410.   6.108450E-8
        2420.   5.481870E-8
        2430.   4.979560E-8
        2440.   7.013650E-8
        2450.   7.564550E-8
        2460.   7.238010E-8
        2470.   5.244800E-8
        2480.   5.676940E-8
        2490.   9.562520E-8
        2500.   4.964070E-8
        2510.   6.365330E-8
        2520.   4.969750E-8
        2530.   5.978050E-8
        2540.   8.848140E-8
        2550.   5.267520E-8
        2560.   2.568490E-8
        2570.   5.904810E-8
        2580.   5.201830E-8
        2590.   8.912000E-8
        2600.   5.937200E-8
        2610.   5.187430E-8
        2620.   8.649300E-8
        2630.   6.684050E-8
        2640.   8.235290E-8
        2650.   7.017300E-8
        2660.   3.997300E-8
        2670.   7.475280E-8
        2680.   7.377310E-8
        2690.   5.114650E-8
        2700.   1.817740E-8
        2710.   3.122480E-8
        2720.   4.636600E-8
        2730.   4.996020E-8
        2740.   6.743450E-8
        2750.   7.676430E-8
        2760.   5.419970E-8
        2770.   6.782470E-8
        2780.   5.729270E-8
        2790.   6.433760E-8
        2800.   4.949440E-8
        2810.   5.278250E-8
        2820.   8.416760E-8
        2830.   7.321610E-8
        2840.   7.181000E-8
        2850.   4.579200E-8
        2860.   6.889830E-8
        2870.   4.049290E-8
        2880.   7.946570E-8
        2890.   5.798390E-8
        2900.   1.239110E-8
        2910.   6.690430E-8
        2920.   2.490810E-8
        2930.   6.382590E-8
        2940.   6.794610E-8
        2950.   1.557400E-8
        2960.   1.019350E-7
        2970.   9.672120E-8
        2980.   1.122650E-8
        2990.   7.985130E-8
        3000.   6.025490E-8
        3010.   4.838870E-8
        3020.   4.003390E-8
        3030.   5.705090E-8
        3040.   2.455160E-8
        3050.   5.582040E-8
        3060.   7.387240E-8
        3070.   8.323210E-8
        3080.   2.826950E-8
        3090.   4.660420E-8
        3100.   1.082670E-7
        3110.   8.026910E-8
        3120.   3.458130E-8
        3130.   5.886770E-8
        3140.   5.951410E-8
        3150.   6.551200E-8
        3160.   8.964560E-8
        3170.   5.057040E-8
        3180.   1.132660E-8
        3190.   8.963010E-8
        3200.   6.372620E-8
        3210.   5.546200E-8
        3220.  1.000230E-10
        3230.   7.370010E-8
        3240.  1.000230E-10
        3250.   1.130110E-7
        3260.   3.025750E-8
        3270.   8.021210E-8
        3280.   9.964550E-8
        3290.   5.579290E-8
        3300.   5.678050E-8
        3310.   8.073640E-8
        3320.   9.213980E-8
        3330.   4.129910E-8
        3340.   1.342530E-7
        3350.  1.000230E-10
        3360.   3.792470E-8
        3370.   1.368570E-7
        3380.   1.941780E-7
        3390.   2.533540E-8
        3400.   6.764970E-8
        3410.   1.579490E-7
        3420.   5.845270E-8
        3430.   1.652030E-7
        3440.   9.770350E-8
        3450.   2.049900E-7
        3460.   9.132460E-8
        3470.   7.831920E-8
        3480.   9.882710E-8
        3490.   1.681940E-8
        3500.   2.383690E-7
        3510.   6.664500E-9
        3520.   4.844220E-8
        3530.   4.489470E-8
        3540.   1.102360E-7
        3550.   1.198090E-7
        3560.   4.290670E-8
        3570.   2.220060E-7
        3580.   1.551380E-7
        3590.   7.115590E-8
        3600.  1.000230E-10
        3610.   1.159530E-7
        3620.   1.571250E-7
        3630.   5.526920E-8
        3640.   1.153230E-7
        3650.   1.127080E-7
        3660.   3.677770E-8
        3670.   1.102280E-7
        3680.   5.940280E-8
        3690.   1.542830E-7
        3700.   9.244540E-8
        3710.   1.108600E-7
        3720.   2.793320E-8
        3730.   8.577010E-8
        3740.   1.630940E-7
        3750.   2.067570E-7
        3760.   1.280680E-7
        3770.   2.060560E-7
        3780.   9.819650E-8
        3790.   1.764980E-7
        3800.   1.619750E-7
        3810.   1.242810E-8
        3820.  1.000230E-10
        3830.   6.995150E-8
        3840.   1.890800E-7
        3850.   2.423510E-8
        3860.  1.000230E-10
        3870.   1.710150E-7
        3880.   1.652940E-7
        3890.  1.000230E-10
        3900.   5.073880E-8
        3910.   5.358920E-8
        3920.  1.000230E-10
        3930.  1.000230E-10
        3940.   1.037750E-8
        3950.  1.000230E-10
        3960.  1.000230E-10
        3970.  1.000230E-10
        3980.   2.337400E-8
        3990.   5.406300E-8
        4000.   8.762090E-8
        4010.   7.045760E-8
        4020.   7.553620E-8
        4030.   7.477740E-8
        4040.   8.603100E-8
        4050.   7.941770E-8
        4060.   8.609070E-8
        4070.   1.203470E-7
        4080.   7.956740E-8
        4090.   6.982380E-8
        4100.   8.688390E-8
        4110.   8.313850E-8
        4120.   8.323330E-8
        4130.   1.039910E-7
        4140.   1.002860E-7
        4150.   9.856980E-8
        4160.   5.614870E-8
        4170.   9.217690E-8
        4180.   5.491400E-8
        4190.   1.137050E-7
        4200.   1.131500E-7
        4210.   9.237250E-8
        4220.   7.976440E-8
        4230.   6.527210E-8
        4240.   6.814830E-8
        4250.   7.968130E-8
        4260.   1.096970E-7
        4270.   1.184730E-7
        4280.   9.316610E-8
        4290.   8.422370E-8
        4300.   8.636290E-8
        4310.   1.066780E-7
        4320.   6.311260E-8
        4330.   9.327050E-8
        4340.   7.043570E-8
        4350.   7.930070E-8
        4360.   1.082300E-7
        4370.   8.320400E-8
        4380.   7.236940E-8
        4390.   1.060680E-7
        4400.   8.731560E-8
        4410.   8.288730E-8
        4420.   7.858620E-8
        4430.   9.828840E-8
        4440.   7.050680E-8
        4450.   8.514320E-8
        4460.   7.964860E-8
        4470.   8.170240E-8
        4480.   6.067820E-8
        4490.   9.217320E-8
        4500.   7.347300E-8
        4510.   7.950840E-8
        4520.   8.856990E-8
        4530.   8.283810E-8
        4540.   7.435220E-8
        4550.   8.961170E-8
        4560.   8.479710E-8
        4570.   1.042950E-7
        4580.   8.291360E-8
        4590.   6.844500E-8
        4600.   9.118490E-8
        4610.   1.043870E-7
        4620.   8.759940E-8
        4630.   7.122690E-8
        4640.   7.244460E-8
        4650.   7.114770E-8
        4660.   7.728120E-8
        4670.   7.848870E-8
        4680.   7.810630E-8
        4690.   8.377890E-8
        4700.   8.523810E-8
        4710.   1.114990E-7
        4720.   6.262750E-8
        4730.   9.141860E-8
        4740.   5.047920E-8
        4750.   8.569750E-8
        4760.   8.083540E-8
        4770.   1.207950E-7
        4780.   6.150630E-8
        4790.   8.502700E-8
        4800.   8.321570E-8
        4810.   9.816170E-8
        4820.   1.067370E-7
        4830.   6.305460E-8
        4840.   9.540790E-8
        4850.   1.001140E-7
        4860.   1.041250E-7
        4870.   6.965300E-8
        4880.   1.206800E-7
        4890.   9.127350E-8
        4900.   9.488220E-8
        4910.   1.111540E-7
        4920.   1.028550E-7
        4930.   8.928960E-8
        4940.   9.442550E-8
        4950.   8.762070E-8
        4960.   9.968160E-8
        4970.   8.752920E-8
        4980.   9.477850E-8
        4990.   1.101490E-7
        5000.   9.262930E-8
        5010.   9.672320E-8
        5020.   8.723560E-8
        5030.   7.470380E-8
        5040.   9.919090E-8
        5050.   8.829660E-8
        5060.   7.415180E-8
        5070.   9.392840E-8
        5080.   1.209540E-7
        5090.   8.320360E-8
        5100.   1.246140E-7
        5110.   1.314110E-7
        5120.   1.008680E-7
        5130.   9.160490E-8
        5140.   1.059360E-7
        5150.   9.894120E-8
        5160.   1.091310E-7
        5170.   8.337180E-8
        5180.   1.204450E-7
        5190.   8.726840E-8
        5200.   1.096100E-7
        5210.   8.167180E-8
        5220.   1.246680E-7
        5230.   1.014140E-7
        5240.   1.259300E-7
        5250.   8.375850E-8
        5260.   1.047010E-7
        5270.   1.146290E-7
        5280.   9.795190E-8
        5290.   1.269660E-7
        5300.   1.362530E-7
        5310.   1.289630E-7
        5320.   9.152020E-8
        5330.   8.833730E-8
        5340.   9.280430E-8
        5350.   1.184470E-7
        5360.   1.257840E-7
        5370.   8.595440E-8
        5380.   1.016650E-7
        5390.   1.304030E-7
        5400.   1.099320E-7
        5410.   1.072000E-7
        5420.   9.796410E-8
        5430.   7.969080E-8
        5440.   1.104240E-7
        5450.   9.768660E-8
        5460.   9.960470E-8
        5470.   7.443550E-8
        5480.   1.301150E-7
        5490.   1.115360E-7
        5500.   1.057710E-7
        5510.   1.000820E-7
        5520.   7.197890E-8
        5530.   8.369510E-8
        5540.   1.101330E-7
        5550.   1.192750E-7
        5560.   9.579010E-8
        5570.   9.834700E-8
        5580.   9.364810E-8
        5590.   1.053350E-7
        5600.   1.049420E-7
        5610.   8.884010E-8
        5620.   9.618070E-8
        5630.   8.973900E-8
        5640.   9.131470E-8
        5650.   1.069980E-7
        5660.   8.767100E-8
        5670.   9.205870E-8
        5680.   8.172630E-8
        5690.   7.707240E-8
        5700.   7.395870E-8
        5710.   6.260460E-8
        5720.   8.754960E-8
        5730.   6.972570E-8
        5740.   7.470540E-8
        5750.   1.049060E-7
        5760.   8.057530E-8
        5770.   8.669760E-8
        5780.   8.031410E-8
        5790.   6.151820E-8
        5800.   7.090110E-8
        5810.   8.437350E-8
        5820.   1.016430E-7
        5830.   5.727460E-8
        5840.   6.397460E-8
        5850.   6.451000E-8
        5860.   7.580210E-8
        5870.   7.701520E-8
        5880.   6.474940E-8
        5890.   7.599420E-8
        5900.   5.446770E-8
        5910.   1.236700E-7
        5920.   3.091300E-8
        5930.   9.531210E-8
        5940.   8.148340E-8
        5950.   9.998000E-8
        5960.   7.523930E-8
        5970.   9.120950E-8
        5980.   5.274460E-8
        5990.   1.143050E-7
        6000.   5.918880E-8
        6010.   9.986260E-8
        6020.   7.156520E-8
        6030.   1.127030E-7
        6040.   1.201010E-7
        6050.   1.175030E-7
        6060.   8.893390E-8
        6070.   5.990360E-8
        6080.   8.221780E-8
        6090.   7.762500E-8
        6100.   9.449130E-8
        6110.   6.075880E-8
        6120.   6.465780E-8
        6130.   8.841240E-8
        6140.   8.961900E-8
        6150.   9.252180E-8
        6160.   9.261070E-8
        6170.   9.108400E-8
        6180.   1.110070E-7
        6190.   7.820350E-8
        6200.   7.547930E-8
        6210.   1.176670E-7
        6220.   1.528260E-7
        6230.   1.298190E-7
        6240.   9.033700E-8
        6250.   1.104410E-7
        6260.   7.176330E-8
        6270.   1.087150E-7
        6280.   9.940540E-8
        6290.   9.855350E-8
        6300.   1.125380E-7
        6310.   1.085930E-7
        6320.   7.863670E-8
        6330.   1.039580E-7
        6340.   9.289880E-8
        6350.   1.264210E-7
        6360.   8.360900E-8
        6370.   1.150770E-7
        6380.   1.227100E-7
        6390.   1.027130E-7
        6400.   9.874310E-8
        6410.   1.073170E-7
        6420.   1.180060E-7
        6430.   1.022530E-7
        6440.   1.022410E-7
        6450.   1.298910E-7
        6460.   1.033070E-7
        6470.   1.067300E-7
        6480.   7.209160E-8
        6490.   1.229140E-7
        6500.   8.653960E-8
        6510.   1.014140E-7
        6520.   9.619490E-8
        6530.   1.181290E-7
        6540.   9.500030E-8
        6550.   9.824670E-8
        6560.   8.749520E-8
        6570.   1.198290E-7
        6580.   1.097480E-7
        6590.   9.470610E-8
        6600.   1.146830E-7
        6610.   9.738790E-8
        6620.   9.172150E-8
        6630.   8.210830E-8
        6640.   1.175350E-7
        6650.   1.216870E-7
        6660.   1.287430E-7
        6670.   1.283470E-7
        6680.   1.029420E-7
        6690.   1.166550E-7
        6700.   1.045600E-7
        6710.   1.047770E-7
        6720.   1.341040E-7
        6730.   1.252870E-7
        6740.   1.314060E-7
        6750.   1.184530E-7
        6760.   9.498650E-8
        6770.   1.252360E-7
        6780.   1.171480E-7
        6790.   9.305680E-8
        6800.   1.501040E-7
        6810.   1.416460E-7
        6820.   1.144400E-7
        6830.   1.243230E-7
        6840.   1.039590E-7
        6850.   1.239040E-7
        6860.   1.180530E-7
        6870.   1.217300E-7
        6880.   8.243300E-8
        6890.   9.891360E-8
        6900.   1.169110E-7
        6910.   1.103480E-7
        6920.   1.060960E-7
        6930.   1.163990E-7
        6940.   1.110840E-7
        6950.   6.232010E-8
        6960.   8.619060E-8
        6970.   6.542430E-8
        6980.   9.373440E-8
        6990.   1.041120E-7
        7000.   1.269740E-7
        7010.   1.010500E-7
        7020.   9.444450E-8
        7030.   1.045250E-7
        7040.   9.535430E-8
        7050.   9.242850E-8
        7060.   1.340200E-7
        7070.   1.818660E-7
        7080.   1.506040E-7
        7090.   1.634670E-7
        7100.   1.766310E-7
        7110.   2.449890E-7
        7120.   2.286470E-7
        7130.   2.826320E-7
        7140.   3.119530E-7
        7150.   3.337160E-7
        7160.   3.271210E-7
        7170.   3.511170E-7
        7180.   3.521140E-7
        7190.   3.969270E-7
        7200.   3.855800E-7
        7210.   3.894010E-7
        7220.   3.654600E-7
        7230.   3.429740E-7
        7240.   3.467570E-7
        7250.   2.828790E-7
        7260.   3.465590E-7
        7270.   3.389400E-7
        7280.   3.904550E-7
        7290.   4.037400E-7
        7300.   4.898120E-7
        7310.   6.046830E-7
        7320.   7.385240E-7
        7330.   8.455790E-7
        7340.   8.990320E-7
        7350.   9.686840E-7
        7360.   9.056290E-7
        7370.   8.932650E-7
        7380.   7.771990E-7
        7390.   7.074210E-7
        7400.   5.980960E-7
        7410.   5.707000E-7
        7420.   5.510830E-7
        7430.   5.014720E-7
        7440.   5.509950E-7
        7450.   5.567620E-7
        7460.   5.861890E-7
        7470.   6.707520E-7
        7480.   7.406550E-7
        7490.   8.000690E-7
        7500.   8.793000E-7
        7510.   8.767280E-7
        7520.   9.703430E-7
        7530.   1.002210E-6
        7540.   1.003290E-6
        7550.   1.110800E-6
        7560.   1.176270E-6
        7570.   1.159390E-6
        7580.   1.148230E-6
        7590.   1.093140E-6
        7600.   9.463770E-7
        7610.   7.938570E-7
        7620.   8.037260E-7
        7630.   6.756810E-7
        7640.   6.789550E-7
        7650.   6.941110E-7
        7660.   7.642700E-7
        7670.   1.051400E-6
        7680.   1.274780E-6
        7690.   1.506760E-6
        7700.   1.568120E-6
        7710.   1.728520E-6
        7720.   1.773570E-6
        7730.   2.165870E-6
        7740.   2.520370E-6
        7750.   2.853460E-6
        7760.   2.813380E-6
        7770.   2.513580E-6
        7780.   1.879910E-6
        7790.   1.242000E-6
        7800.   7.542630E-7
        7810.   4.455870E-7
        7820.   3.232620E-7
        7830.   1.999660E-7
        7840.   1.932050E-7
        7850.   1.883530E-7
        7860.   1.418670E-7
        7870.   1.782000E-7
        7880.   1.516560E-7
        7890.   1.282650E-7
        7900.   1.235650E-7
        7910.   1.407770E-7
        7920.   1.936570E-7
        7930.   1.074260E-7
        7940.   1.828970E-7
        7950.   1.626180E-7
        7960.   1.854420E-7
        7970.   1.584020E-7
        7980.   1.411140E-7
        7990.   9.685540E-8
        8000.   1.597400E-7
        8010.   1.518550E-7
        8020.   1.668250E-7
        8030.   1.514850E-7
        8040.   1.679310E-7
        8050.   1.711940E-7
        8060.   2.131970E-7
        8070.   1.720780E-7
        8080.   8.207580E-8
        8090.   1.462980E-7
        8100.   1.420740E-7
        8110.   1.387540E-7
        8120.   8.753340E-8
        8130.   1.052850E-7
        8140.   6.824180E-8
        8150.   1.345950E-7
        8160.   7.502710E-8
        8170.   6.667010E-8
        8180.   1.548200E-7
        8190.   1.272400E-7
        8200.   1.541240E-7
        8210.   1.546990E-7
        8220.   1.866910E-7
        8230.   2.170490E-7
        8240.   1.945900E-7
        8250.   7.143470E-8
        8260.   1.413570E-7
        8270.   6.436640E-8
        8280.   1.339870E-7
        8290.   1.164050E-7
        8300.   1.261820E-7
        8310.   8.945690E-8
        8320.   1.039570E-7
        8330.   2.150680E-7
        8340.   1.391830E-7
        8350.   1.325070E-7
        8360.   8.657950E-8
        8370.   1.964340E-7
        8380.   1.583690E-7
        8390.   9.505760E-8
        8400.   1.226200E-7
        8410.   9.036950E-8
        8420.   1.078640E-7
        8430.   1.670290E-7
        8440.   1.051860E-7
        8450.   1.774430E-7
        8460.   1.057160E-7
        8470.   7.565650E-8
        8480.   1.771110E-7
        8490.   1.016250E-7
        8500.   1.862150E-5
        8510.   1.556090E-5
        8520.   3.500340E-5
        8530.   3.108240E-5
        8540.   2.875290E-5
        8550.   3.726940E-5
        8560.   4.884360E-5
        8570.   5.528920E-5
        8580.   6.300040E-5
        8590.   6.881240E-5
        8600.   8.488580E-5
        8816.      0.017227
        8818.      0.021446
        8820.      0.037634
        8822.      0.043442
        8824.      0.040158
        8826.      0.051179
        8828.      0.065844
        8830.      0.093761
        8832.      0.095805
        8834.      0.140189
        8836.      0.175425
        8838.      0.225238
        8840.      0.288541
        8842.      0.354038
        8844.      0.432392
        8846.      0.505894
        8848.      0.584854
        8850.      0.645732
        8852.      0.720427
        8854.      0.754284
        8856.      0.801499
        8858.      0.829599
        8860.      0.848019
        8862.      0.857027
        8864.      0.858868
        8866.      0.875861
        8868.      0.864142
        8870.      0.874594
        8872.      0.876825
        8874.      0.876888
        8876.      0.884012
        8878.      0.880084
        8880.        0.8809
        8882.      0.891758
        8884.      0.891448
        8886.      0.897015
        8888.      0.885087
        8890.      0.895935
        8892.      0.892186
        8894.      0.892875
        8896.      0.896764
        8898.      0.899596
        8900.      0.893851
        8902.      0.891344
        8904.      0.898156
        8906.      0.900187
        8908.      0.903931
        8910.        0.8962
        8912.      0.893518
        8914.      0.893444
        8916.      0.899679
        8918.      0.883337
        8920.      0.893967
        8922.      0.873037
        8924.      0.858583
        8926.      0.827591
        8928.       0.78715
        8930.      0.743323
        8932.      0.684926
        8934.      0.614439
        8936.       0.53776
        8938.      0.460572
        8940.      0.389263
        8942.      0.309587
        8944.       0.25874
        8946.      0.194267
        8948.       0.16267
        8950.      0.113386
        8952.      0.101538
        8954.      0.079413
        8956.      0.059902
        8958.      0.054733
        8960.      0.044722
        8962.      0.036894
        8964.      0.040532
        8966.      0.021667
        8968.      0.020372
        8970.      0.017844
        8972.      0.016689
        8974.      0.016823
        8976.      0.014755
        8978.      0.011593
        8980.      0.015292
        8982.      0.017336
        8984.      0.014231
        8986.      0.006086
        8988.       0.01237
        9170.   5.516530E-5
        9180.   3.539080E-5
        9190.   2.528560E-5
        9200.   1.880890E-5
        9210.   1.624780E-5
        9220.   1.335530E-5
        9230.   1.015700E-5
        9240.   8.209680E-6
        9250.   6.179380E-6
        9260.   4.868320E-6
        9270.   5.740290E-6
        9280.   4.060670E-7
        9290.   9.445060E-7
        9300.   2.303680E-6
        9310.   2.085630E-6
        9320.   9.570750E-7
        9330.   3.495300E-6
        9340.   1.480830E-6
        9350.   2.389410E-6
        9360.  1.000230E-10
        9370.   5.101970E-7
        9380.   8.670560E-7
        9390.   1.730470E-6
        9400.   8.354310E-7
        9410.   1.769750E-6
        9420.  1.000230E-10
        9430.   2.634520E-7
        9440.   3.046480E-7
        9450.   6.195330E-8
        9460.   9.443000E-7
        9470.   1.987150E-6
        9480.   5.555540E-7
        9490.   1.364480E-7
        9500.   7.079350E-7
        9510.   6.485420E-7
        9520.   1.619820E-7
        9530.   1.297280E-6
        9540.   5.588040E-7
        9550.   4.178860E-7
        9560.   6.135510E-7
        9570.  1.000230E-10
        9580.   4.255330E-7
        9590.   5.317800E-7
        9600.   4.013510E-7
        9610.   2.008360E-7
        9620.   6.870550E-7
        9630.  1.000230E-10
        9640.   8.753320E-7
        9650.  1.000230E-10
        9660.   1.647060E-6
        9670.   8.016710E-7
        9680.   6.887890E-7
        9690.   9.953370E-7
        9700.   4.655130E-7
        9710.  1.000230E-10
        9720.   4.826770E-8
        9730.   6.194820E-7
        9740.   4.485680E-7
        9750.   8.161650E-7
        9760.  1.000230E-10
        9770.  1.000230E-10
        9780.   6.408760E-7
        9790.   1.517210E-7
        9800.   2.467260E-7
        9810.   5.928860E-7
        9820.  1.000230E-10
        9830.   2.333470E-6
        9840.   5.509400E-7
        9850.   5.144320E-7
        9860.   2.409730E-7
        9870.   2.670610E-7
        9880.   4.123230E-7
        9890.   1.607150E-6
        9900.  1.000230E-10
        9910.   2.477500E-7
        9920.  1.000230E-10
        9930.  1.000230E-10
        9940.   3.007480E-8
        9950.   5.182970E-8
        9960.   3.476130E-7
        9970.   1.030020E-6
        9980.  1.000230E-10
        9990.   4.018800E-7
       10000.  1.000230E-10
       10010.   4.884920E-7
       10020.  1.000230E-10
       10030.   1.399400E-6
       10040.  1.000230E-10
       10050.   2.477130E-7
       10060.   6.478790E-8
       10070.   6.370200E-7
       10080.  1.000230E-10
       10090.  1.000230E-10
       10100.   5.878870E-7
       10110.   7.512800E-7
       10120.   8.792010E-8
       10130.   3.983230E-7
       10140.   2.699750E-7
       10150.   3.837250E-7
       10160.   6.386520E-7
       10170.   1.067170E-6
       10180.   3.934470E-7
       10190.   1.370070E-7
       10200.   4.321550E-7
       10210.   4.980440E-7
       10220.  1.000230E-10
       10230.  1.000230E-10
       10240.  1.000230E-10
       10250.   7.501770E-7
       10260.   3.736950E-7
       10270.   7.436630E-7
       10280.   7.202230E-7
       10290.   2.206670E-7
       10300.   1.572230E-7
       10310.  1.000230E-10
       10320.   4.146390E-7
       10330.   9.404850E-7
       10340.  1.000230E-10
       10350.   1.138790E-6
       10360.  1.000230E-10
       10370.  1.000230E-10
       10380.  1.000230E-10
       10390.   7.191680E-7
       10400.   9.085530E-8
       10410.   8.430880E-7
       10420.   9.814020E-8
       10430.   2.020730E-7
       10440.   8.624020E-7
       10450.   2.119350E-7
       10460.   7.060390E-7
       10470.  1.000230E-10
       10480.  1.000230E-10
       10490.   7.749850E-7
       10500.   3.287850E-7
       10510.   1.976490E-7
       10520.  1.000230E-10
       10530.  1.000230E-10
       10540.  1.000230E-10
       10550.   3.324480E-7
       10560.   2.050970E-7
       10570.   1.158120E-7
       10580.   2.741710E-8
       10590.  1.000230E-10
       10600.   1.092930E-6
       10610.  1.000230E-10
       10620.   6.487990E-7
       10630.  1.000230E-10
       10640.   2.513810E-7
       10650.  1.000230E-10
       10660.   3.754600E-7
       10670.   5.825440E-7
       10680.   9.631220E-8
       10690.  1.000230E-10
       10700.   1.471640E-7
       10710.   6.476180E-8
       10720.  1.000230E-10
       10730.   1.515090E-7
       10740.   2.845860E-7
       10750.   9.562640E-8
       10760.   1.913330E-7
       10770.  1.000230E-10
       10780.   1.022210E-7
       10790.   1.982560E-7
       10800.  1.000230E-10
       10810.  1.000230E-10
       10820.   3.436920E-7
       10830.  1.000230E-10
       10840.   4.739630E-8
       10850.  1.000230E-10
       10860.   2.380020E-7
       10870.  1.000230E-10
       10880.   1.291470E-8
       10890.  1.000230E-10
       10900.   9.978840E-8
       10910.  1.000230E-10
       10920.  1.000230E-10
       10930.  1.000230E-10
       10940.   6.438670E-7
       10950.   2.747650E-8
       10960.  1.000230E-10
       10970.   2.142380E-7
       10980.  1.000230E-10
       10990.   6.682580E-7
       11000.  1.000230E-10
       11001.            0.
       11002.            0.
