        1938.            0.
        1939.            0.
        1940.   5.267720E-8
        1950.   6.365450E-8
        1960.   3.491470E-8
        1970.  1.000230E-10
        1980.   2.101710E-8
        1990.   2.166380E-8
        2000.   6.785260E-9
        2010.   2.655890E-8
        2020.   4.031480E-8
        2030.   5.576590E-8
        2040.   4.871610E-8
        2050.   3.720120E-8
        2060.   4.919820E-8
        2070.   2.863840E-8
        2080.   3.305600E-9
        2090.   1.986190E-8
        2100.   3.907600E-8
        2110.   3.802470E-8
        2120.   2.215960E-8
        2130.   7.890010E-9
        2140.   1.978710E-8
        2150.   5.690240E-8
        2160.   7.213570E-8
        2170.   7.122430E-8
        2180.   1.854010E-8
        2190.   3.649280E-8
        2200.   3.670670E-8
        2210.   5.462030E-9
        2220.   3.569100E-8
        2230.   4.670540E-8
        2240.   6.456220E-8
        2250.   4.588210E-8
        2260.   3.805720E-8
        2270.   3.554850E-8
        2280.   5.835460E-8
        2290.   1.315110E-8
        2300.   2.362110E-8
        2310.   3.999130E-8
        2320.   1.641650E-8
        2330.   1.514310E-8
        2340.   3.773860E-8
        2350.   4.001440E-9
        2360.   1.794790E-8
        2370.   2.874620E-8
        2380.   3.928380E-8
        2390.   1.782400E-8
        2400.   2.390030E-8
        2410.   3.126030E-8
        2420.   3.108260E-8
        2430.   2.279690E-8
        2440.   1.618980E-8
        2450.   5.625100E-8
        2460.   6.830310E-8
        2470.   5.506220E-8
        2480.   4.496350E-8
        2490.   2.160570E-8
        2500.   2.652540E-8
        2510.   6.091250E-8
        2520.   6.873880E-8
        2530.   4.253640E-8
        2540.   2.785020E-8
        2550.   6.393570E-8
        2560.   3.295840E-8
        2570.   5.408220E-8
        2580.   5.424280E-8
        2590.   1.954680E-8
        2600.   6.186180E-8
        2610.   2.746870E-8
        2620.   3.157710E-8
        2630.   4.813940E-8
        2640.   4.320730E-8
        2650.   4.684320E-8
        2660.   1.996370E-8
        2670.   1.580320E-8
        2680.   4.133630E-8
        2690.   3.969310E-8
        2700.   5.550100E-8
        2710.   6.240210E-8
        2720.   3.149470E-8
        2730.   3.576980E-8
        2740.   4.203420E-8
        2750.   6.304070E-8
        2760.   3.180570E-8
        2770.   5.416090E-8
        2780.   6.791970E-8
        2790.   2.308270E-8
        2800.   4.959750E-8
        2810.   5.185730E-8
        2820.   3.620780E-8
        2830.   2.472870E-8
        2840.   2.405300E-8
        2850.   2.895900E-8
        2860.   4.622110E-8
        2870.   7.263590E-8
        2880.   5.617530E-8
        2890.   6.907390E-8
        2900.   6.953380E-8
        2910.   1.057230E-7
        2920.   1.017450E-7
        2930.   1.475830E-7
        2940.   2.021870E-7
        2950.   2.300740E-7
        2960.   3.443850E-7
        2970.   5.035170E-7
        2980.   6.477990E-7
        2990.   7.988370E-7
        3000.   9.942530E-7
        3010.   1.150070E-6
        3020.   1.308360E-6
        3030.   1.367280E-6
        3040.   1.498090E-6
        3050.   1.482800E-6
        3060.   1.625040E-6
        3070.   1.626320E-6
        3080.   1.723920E-6
        3090.   1.769360E-6
        3100.   1.778360E-6
        3110.   1.715690E-6
        3120.   1.573100E-6
        3130.   1.380530E-6
        3140.   1.221050E-6
        3150.   1.033670E-6
        3160.   9.855640E-7
        3170.   8.637580E-7
        3180.   9.189700E-7
        3190.   8.921710E-7
        3200.   9.012930E-7
        3210.   9.101330E-7
        3220.   9.116690E-7
        3230.   8.303360E-7
        3240.   7.701900E-7
        3250.   7.969450E-7
        3260.   7.431540E-7
        3270.   6.427820E-7
        3280.   5.589860E-7
        3290.   5.593300E-7
        3300.   5.018270E-7
        3310.   4.788360E-7
        3320.   4.811660E-7
        3330.   4.169930E-7
        3340.   4.142730E-7
        3350.   3.388480E-7
        3360.   3.510940E-7
        3370.   3.258010E-7
        3380.   2.808010E-7
        3390.   2.437660E-7
        3400.   2.371260E-7
        3410.   2.774380E-7
        3420.   1.859560E-7
        3430.   2.513900E-7
        3440.   1.917800E-7
        3450.   1.326240E-7
        3460.   2.204230E-7
        3470.   1.668200E-7
        3480.   1.882630E-7
        3490.   1.513200E-7
        3500.   1.499270E-7
        3510.   1.459420E-7
        3520.   1.702390E-7
        3530.   9.699290E-8
        3540.   9.788930E-8
        3550.   1.597320E-7
        3560.   1.931800E-7
        3570.   2.053320E-7
        3580.   1.326220E-7
        3590.   1.874550E-7
        3600.   2.659210E-7
        3610.   2.317000E-7
        3620.   2.126940E-7
        3630.   2.867440E-7
        3640.   3.568490E-7
        3650.   3.268280E-7
        3660.   3.845260E-7
        3670.   4.223420E-7
        3680.   3.889070E-7
        3690.   3.940620E-7
        3700.   3.948630E-7
        3710.   3.791460E-7
        3720.   4.524900E-7
        3730.   4.522480E-7
        3740.   3.294420E-7
        3750.   3.631470E-7
        3760.   3.863180E-7
        3770.   3.855990E-7
        3780.   3.855440E-7
        3790.   3.986670E-7
        3800.   3.782140E-7
        3810.   3.656210E-7
        3820.   3.591860E-7
        3830.   4.720640E-7
        3840.   4.828430E-7
        3850.   3.276510E-7
        3860.   4.392820E-7
        3870.   4.092010E-7
        3880.   3.427990E-7
        3890.   3.844470E-7
        3900.   4.613450E-7
        3910.   3.977870E-7
        3920.   3.097050E-7
        3930.   3.418260E-7
        3940.   3.124890E-7
        3950.   3.802980E-7
        3960.   3.988380E-7
        3970.   4.057860E-7
        3980.   3.444330E-7
        3990.   4.156000E-7
        4000.   4.765870E-7
        4010.   5.203560E-7
        4020.   4.687950E-7
        4030.   4.484540E-7
        4040.   5.083720E-7
        4050.   5.096420E-7
        4060.   5.107460E-7
        4070.   4.816070E-7
        4080.   4.757310E-7
        4090.   4.961850E-7
        4100.   5.178850E-7
        4110.   5.127220E-7
        4120.   5.114110E-7
        4130.   5.211210E-7
        4140.   4.700390E-7
        4150.   5.260940E-7
        4160.   4.838570E-7
        4170.   4.832420E-7
        4180.   5.352850E-7
        4190.   5.261610E-7
        4200.   5.222070E-7
        4210.   5.330490E-7
        4220.   5.570310E-7
        4230.   5.282210E-7
        4240.   4.128580E-7
        4250.   4.075510E-7
        4260.   3.857140E-7
        4270.   3.784250E-7
        4280.   3.490610E-7
        4290.   3.503970E-7
        4300.   3.110210E-7
        4310.   2.629090E-7
        4320.   3.374020E-7
        4330.   3.507090E-7
        4340.   4.607910E-7
        4350.   4.450940E-7
        4360.   4.686000E-7
        4370.   5.770370E-7
        4380.   6.348040E-7
        4390.   6.849860E-7
        4400.   6.808530E-7
        4410.   7.061780E-7
        4420.   6.404320E-7
        4430.   6.500440E-7
        4440.   5.878950E-7
        4450.   5.819880E-7
        4460.   6.309660E-7
        4470.   6.424680E-7
        4480.   6.196810E-7
        4490.   6.172820E-7
        4500.   6.374380E-7
        4510.   6.001620E-7
        4520.   6.261080E-7
        4530.   6.312770E-7
        4540.   6.754980E-7
        4550.   7.452050E-7
        4560.   7.510990E-7
        4570.   6.926800E-7
        4580.   6.987040E-7
        4590.   6.553250E-7
        4600.   6.653480E-7
        4610.   6.908910E-7
        4620.   6.445530E-7
        4630.   6.457230E-7
        4640.   6.187880E-7
        4650.   5.810700E-7
        4660.   5.814270E-7
        4670.   5.899740E-7
        4680.   5.380630E-7
        4690.   6.026460E-7
        4700.   5.522240E-7
        4710.   5.536840E-7
        4720.   4.886050E-7
        4730.   4.430360E-7
        4740.   4.589370E-7
        4750.   4.355890E-7
        4760.   4.609810E-7
        4770.   4.671600E-7
        4780.   4.957830E-7
        4790.   4.782270E-7
        4800.   4.872480E-7
        4810.   5.430450E-7
        4820.   5.572270E-7
        4830.   5.187430E-7
        4840.   5.075390E-7
        4850.   4.766580E-7
        4860.   4.291710E-7
        4870.   3.904760E-7
        4880.   3.076970E-7
        4890.   3.614100E-7
        4900.   3.639940E-7
        4910.   3.531190E-7
        4920.   4.274250E-7
        4930.   4.574180E-7
        4940.   5.456600E-7
        4950.   5.937010E-7
        4960.   6.476560E-7
        4970.   6.422390E-7
        4980.   6.086790E-7
        4990.   6.331550E-7
        5000.   7.033670E-7
        5010.   7.579820E-7
        5020.   8.245100E-7
        5030.   8.863760E-7
        5040.   9.221060E-7
        5050.   9.300620E-7
        5060.   8.539100E-7
        5070.   7.216990E-7
        5080.   7.034960E-7
        5090.   6.393300E-7
        5100.   6.119020E-7
        5110.   6.929620E-7
        5120.   7.520380E-7
        5130.   7.692470E-7
        5140.   8.207310E-7
        5150.   9.166680E-7
        5160.   8.867520E-7
        5170.   9.053700E-7
        5180.   7.535720E-7
        5190.   6.313240E-7
        5200.   5.298540E-7
        5210.   4.539760E-7
        5220.   3.191770E-7
        5230.   3.075570E-7
        5240.   2.749400E-7
        5250.   2.090620E-7
        5260.   2.759920E-7
        5270.   2.121550E-7
        5280.   2.392210E-7
        5290.   2.730230E-7
        5300.   2.912060E-7
        5310.   4.137830E-7
        5320.   4.927750E-7
        5330.   6.649590E-7
        5340.   8.080330E-7
        5350.   1.065570E-6
        5360.   1.163140E-6
        5370.   1.235230E-6
        5380.   1.193870E-6
        5390.   1.107690E-6
        5400.   1.065070E-6
        5410.   1.081220E-6
        5420.   1.008350E-6
        5430.   1.065440E-6
        5440.   1.062830E-6
        5450.   1.032920E-6
        5460.   1.021850E-6
        5470.   9.512700E-7
        5480.   8.104060E-7
        5490.   7.145160E-7
        5500.   7.249050E-7
        5510.   6.897450E-7
        5520.   7.432570E-7
        5530.   8.193190E-7
        5540.   9.605750E-7
        5550.   1.071440E-6
        5560.   1.106450E-6
        5570.   1.049290E-6
        5580.   9.471700E-7
        5590.   8.035940E-7
        5600.   6.686690E-7
        5610.   6.142650E-7
        5620.   5.790080E-7
        5630.   6.886890E-7
        5640.   7.780780E-7
        5650.   8.509640E-7
        5660.   9.236410E-7
        5670.   8.002640E-7
        5680.   6.829550E-7
        5690.   5.087600E-7
        5700.   4.401570E-7
        5710.   3.616600E-7
        5720.   3.245730E-7
        5730.   4.810420E-7
        5740.   4.526930E-7
        5750.   3.968630E-7
        5760.   3.452900E-7
        5770.   2.206040E-7
        5780.   1.864060E-7
        5790.   8.963550E-8
        5800.   4.753310E-8
        5810.   1.230230E-7
        5820.   9.599930E-8
        5830.   7.316610E-8
        5840.   7.980180E-8
        5850.   4.747210E-8
        5860.   7.669890E-8
        5870.   6.233970E-8
        5880.   5.315070E-8
        5890.   7.531060E-8
        5900.   6.943430E-8
        5910.   2.206060E-8
        5920.   8.371510E-8
        5930.   7.806080E-8
        5940.   4.039120E-8
        5950.   5.488330E-8
        5960.   8.570510E-8
        5970.   7.902330E-8
        5980.   1.023400E-7
        5990.   6.460810E-8
        6000.   8.698880E-8
        6010.   8.117550E-8
        6020.   7.691410E-8
        6030.   1.357030E-7
        6040.   1.525930E-7
        6050.   1.618820E-7
        6060.   1.805240E-7
        6070.   2.048600E-7
        6080.   2.022240E-7
        6090.   2.126710E-7
        6100.   2.275750E-7
        6110.   2.809070E-7
        6120.   2.688000E-7
        6130.   2.763190E-7
        6140.   3.288570E-7
        6150.   3.647810E-7
        6160.   4.024530E-7
        6170.   3.925980E-7
        6180.   3.736740E-7
        6190.   4.498730E-7
        6200.   4.276230E-7
        6210.   4.349010E-7
        6220.   4.863900E-7
        6230.   5.189230E-7
        6240.   5.119580E-7
        6250.   6.082400E-7
        6260.   6.582820E-7
        6270.   6.958810E-7
        6280.   7.994510E-7
        6290.   9.240740E-7
        6300.   9.789330E-7
        6310.   1.092510E-6
        6320.   1.263890E-6
        6330.   1.405030E-6
        6340.   1.699790E-6
        6350.   1.900500E-6
        6360.   2.245630E-6
        6370.   2.614620E-6
        6380.   3.165020E-6
        6390.   3.772400E-6
        6400.   4.550040E-6
        6410.   5.600860E-6
        6420.   7.073890E-6
        6430.   8.779430E-6
        6440.   1.106500E-5
        6450.   1.414930E-5
        6460.   1.834300E-5
        6470.   2.409300E-5
        6480.   3.171420E-5
        6490.   4.223300E-5
        6500.   4.900000E-5
        6510.   6.200000E-5
        6520.   8.000000E-5
        6530.   1.090000E-4
        6540.   1.620000E-4
        6550.   2.300000E-4
        6560.   3.400000E-4
        6570.   5.120000E-4
        6580.   7.660000E-4
        6590.      0.001187
        6600.       0.00192
        6610.      0.003175
        6620.      0.005395
        6630.      0.009503
        6640.       0.01745
        6650.      0.033254
        6660.      0.065623
        6670.      0.131159
        6680.      0.254566
        6690.       0.44468
        6700.        0.6614
        6710.      0.825692
        6720.      0.901652
        6730.      0.917412
        6740.      0.913478
        6750.       0.90753
        6760.      0.905613
        6770.      0.905816
        6780.      0.907076
        6790.      0.908514
        6800.        0.9097
        6810.      0.913778
        6820.      0.918214
        6830.      0.925036
        6840.      0.932241
        6850.        0.9392
        6860.      0.945954
        6870.      0.950149
        6880.      0.953364
        6890.      0.953414
        6900.      0.953203
        6910.      0.950797
        6920.      0.948304
        6930.      0.945936
        6940.      0.943767
        6950.      0.942462
        6960.      0.940922
        6970.       0.94052
        6980.      0.939195
        6990.      0.938152
        7000.      0.938588
        7010.      0.937709
        7020.      0.932462
        7030.      0.908126
        7040.      0.844195
        7050.      0.722338
        7060.       0.55269
        7070.      0.376696
        7080.       0.23486
        7090.      0.139363
        7100.      0.081399
        7110.      0.047915
        7120.      0.029031
        7130.      0.018071
        7140.      0.011453
        7150.      0.007461
        7160.      0.004993
        7170.      0.003404
        7180.      0.002371
        7190.      0.001682
        7200.      0.001222
        7210.   8.990000E-4
        7220.   6.690000E-4
        7230.   5.000000E-4
        7240.   3.870000E-4
        7250.   2.970000E-4
        7260.   2.340000E-4
        7270.   1.760000E-4
        7280.   1.420000E-4
        7290.   1.200000E-4
        7300.   1.010000E-4
        7310.   7.922810E-5
        7320.   6.492100E-5
        7330.   5.507940E-5
        7340.   4.610590E-5
        7350.   3.935640E-5
        7360.   3.350650E-5
        7370.   2.907540E-5
        7380.   2.541330E-5
        7390.   2.194640E-5
        7400.   1.920950E-5
        7410.   1.657160E-5
        7420.   1.395660E-5
        7430.   1.117480E-5
        7440.   8.479300E-6
        7450.   5.997330E-6
        7460.   3.959270E-6
        7470.   2.399830E-6
        7480.   1.461350E-6
        7490.   8.840520E-7
        7500.   5.035970E-7
        7510.   3.519910E-7
        7520.   2.091460E-7
        7530.   1.398250E-7
        7540.   1.339030E-7
        7550.   1.039440E-7
        7560.   1.181940E-7
        7570.   1.235730E-7
        7580.   8.383320E-8
        7590.   1.088130E-7
        7600.   8.944770E-8
        7610.   1.624490E-7
        7620.   1.093020E-7
        7630.   1.280020E-7
        7640.   9.460930E-8
        7650.   8.474460E-8
        7660.   1.229100E-7
        7670.   6.479630E-8
        7680.   7.599660E-8
        7690.   1.350900E-7
        7700.   1.122800E-7
        7710.   1.550390E-7
        7720.   8.265210E-8
        7730.   7.124320E-8
        7740.   6.847370E-8
        7750.   1.098630E-7
        7760.   1.082100E-7
        7770.   1.034130E-7
        7780.   1.103270E-7
        7790.   1.148300E-7
        7800.   1.476850E-7
        7810.   1.227110E-7
        7820.   1.376360E-7
        7830.   9.176540E-8
        7840.   1.342010E-7
        7850.   1.157800E-7
        7860.   8.180840E-8
        7870.   1.016350E-7
        7880.   9.881500E-8
        7890.   9.869770E-8
        7900.   1.221910E-7
        7910.   1.133610E-7
        7920.   1.470850E-7
        7930.   5.276160E-8
        7940.   1.161910E-7
        7950.   1.025260E-7
        7960.   8.006630E-8
        7970.   1.384110E-7
        7980.   9.236940E-8
        7990.   9.925520E-8
        8000.   3.637090E-8
        8010.   5.966200E-8
        8020.   7.420930E-8
        8030.   9.057300E-8
        8040.   8.365120E-8
        8050.   7.978990E-8
        8060.   5.794820E-8
        8070.   5.263260E-8
        8080.   4.710850E-8
        8090.   7.986730E-8
        8100.   6.169840E-8
        8110.   1.211900E-7
        8120.   1.104710E-7
        8130.   8.308600E-8
        8140.   1.183620E-7
        8150.   9.889840E-8
        8160.   7.290670E-8
        8170.   1.668950E-7
        8180.   1.415380E-7
        8190.   2.227060E-7
        8200.   2.251340E-7
        8210.   3.009010E-7
        8220.   4.198570E-7
        8230.   5.522170E-7
        8240.   6.966470E-7
        8250.   1.047460E-6
        8260.   1.448120E-6
        8270.   2.140190E-6
        8280.   3.101030E-6
        8290.   4.181840E-6
        8300.   5.105920E-6
        8310.   5.620320E-6
        8320.   5.918320E-6
        8330.   5.991630E-6
        8340.   5.759840E-6
        8350.   5.362290E-6
        8360.   4.765230E-6
        8370.   4.328280E-6
        8380.   3.783580E-6
        8390.   3.371440E-6
        8400.   3.046120E-6
        8410.   3.051130E-6
        8420.   3.092250E-6
        8430.   3.331650E-6
        8440.   3.360750E-6
        8450.   3.829440E-6
        8460.   4.162570E-6
        8470.   4.645480E-6
        8480.   4.551490E-6
        8490.   3.948300E-6
        8500.  1.000230E-10
        8510.   5.212750E-6
        8520.  1.000230E-10
        8530.   1.181390E-6
        8540.   1.327810E-6
        8550.   6.512580E-6
        8560.  1.000230E-10
        8570.  1.000230E-10
        8580.   2.080480E-6
        8590.   1.481740E-6
        8600.  1.000230E-10
        8610.  1.000230E-10
        8620.   2.551400E-7
        8630.  1.000230E-10
        8640.  1.000230E-10
        8650.  1.000230E-10
        8660.  1.000230E-10
        8670.  1.000230E-10
        8680.   6.362150E-8
        8690.   3.481810E-6
        8700.   3.299120E-6
        8710.   4.898100E-7
        8720.   2.444820E-6
        8730.   7.802920E-7
        8740.  1.000230E-10
        8750.   2.798440E-6
        8760.  1.000230E-10
        8770.   2.497570E-6
        8780.   3.519050E-6
        8790.   2.338370E-6
        8800.  1.000230E-10
        8810.   1.764180E-6
        8820.   4.011470E-7
        8830.   2.024720E-6
        8840.   7.172880E-7
        8850.   1.240560E-6
        8860.  1.000230E-10
        8870.   3.413610E-6
        8880.   1.124640E-6
        8890.  1.000230E-10
        8900.   2.126720E-6
        8910.  1.000230E-10
        8920.   1.312460E-6
        8930.   7.738070E-7
        8940.  1.000230E-10
        8950.  1.000230E-10
        8960.  1.000230E-10
        8970.   1.419630E-6
        8980.  1.000230E-10
        8990.  1.000230E-10
        9000.  1.000230E-10
        9010.   8.993260E-8
        9020.   1.711860E-6
        9030.   4.148160E-7
        9040.   6.554370E-7
        9050.   1.843570E-6
        9060.  1.000230E-10
        9070.  1.000230E-10
        9080.   1.884330E-6
        9090.  1.000230E-10
        9100.  1.000230E-10
        9110.   9.788580E-7
        9120.   1.640810E-6
        9130.  1.000230E-10
        9140.  1.000230E-10
        9150.   5.289540E-7
        9160.   9.562540E-7
        9170.   6.675290E-7
        9180.  1.000230E-10
        9190.  1.000230E-10
        9200.  1.000230E-10
        9210.  1.000230E-10
        9220.  1.000230E-10
        9230.  1.000230E-10
        9240.  1.000230E-10
        9250.  1.000230E-10
        9260.  1.000230E-10
        9270.   7.151380E-7
        9280.   3.816960E-7
        9290.   2.086760E-7
        9300.  1.000230E-10
        9310.   7.238410E-8
        9320.  1.000230E-10
        9330.  1.000230E-10
        9340.   6.344580E-7
        9350.  1.000230E-10
        9360.  1.000230E-10
        9370.  1.000230E-10
        9380.  1.000230E-10
        9390.   7.188340E-8
        9400.   4.746460E-7
        9410.  1.000230E-10
        9420.   5.979170E-7
        9430.   8.751870E-8
        9440.  1.000230E-10
        9450.   3.703550E-7
        9460.   4.274430E-7
        9470.  1.000230E-10
        9480.  1.000230E-10
        9490.   2.764100E-8
        9500.  1.000230E-10
        9510.   4.659580E-7
        9520.   1.533500E-7
        9530.  1.000230E-10
        9540.  1.000230E-10
        9550.  1.000230E-10
        9560.  1.000230E-10
        9570.  1.000230E-10
        9580.  1.000230E-10
        9590.  1.000230E-10
        9600.  1.000230E-10
        9610.   1.329110E-7
        9620.   1.449670E-7
        9630.   6.784100E-8
        9640.   6.036080E-7
        9650.  1.000230E-10
        9660.  1.000230E-10
        9670.   7.825260E-7
        9680.  1.000230E-10
        9690.  1.000230E-10
        9700.   5.329720E-7
        9710.  1.000230E-10
        9720.   6.437570E-7
        9730.  1.000230E-10
        9740.   4.253490E-7
        9750.   5.749450E-8
        9760.  1.000230E-10
        9770.  1.000230E-10
        9780.   2.510990E-7
        9790.  1.000230E-10
        9800.  1.000230E-10
        9810.  1.000230E-10
        9820.   2.667590E-7
        9830.  1.000230E-10
        9840.   7.303060E-7
        9850.   8.221990E-8
        9860.   2.104790E-8
        9870.  1.000230E-10
        9880.  1.000230E-10
        9890.  1.000230E-10
        9900.   7.142510E-8
        9910.  1.000230E-10
        9920.   1.376860E-7
        9930.  1.000230E-10
        9940.  1.000230E-10
        9950.   2.297430E-7
        9960.   1.884720E-7
        9970.  1.000230E-10
        9980.  1.000230E-10
        9990.  1.000230E-10
       10000.  1.000230E-10
       10010.  1.000230E-10
       10020.  1.000230E-10
       10030.  1.000230E-10
       10040.   8.498710E-8
       10050.  1.000230E-10
       10060.  1.000230E-10
       10070.  1.000230E-10
       10080.  1.000230E-10
       10090.  1.000230E-10
       10100.   7.211490E-8
       10110.  1.000230E-10
       10120.  1.000230E-10
       10130.  1.000230E-10
       10140.  1.000230E-10
       10150.  1.000230E-10
       10160.  1.000230E-10
       10170.  1.000230E-10
       10180.  1.000230E-10
       10190.  1.000230E-10
       10200.  1.000230E-10
       10210.  1.000230E-10
       10220.  1.000230E-10
       10230.  1.000230E-10
       10240.  1.000230E-10
       10250.  1.000230E-10
       10260.  1.000230E-10
       10270.  1.000230E-10
       10280.  1.000230E-10
       10290.   3.202190E-7
       10300.   3.159320E-7
       10310.  1.000230E-10
       10320.  1.000230E-10
       10330.   5.719560E-8
       10340.  1.000230E-10
       10350.  1.000230E-10
       10360.  1.000230E-10
       10370.  1.000230E-10
       10380.   1.616890E-7
       10390.   2.757970E-7
       10400.  1.000230E-10
       10410.   1.710480E-7
       10420.   1.182080E-7
       10430.  1.000230E-10
       10440.  1.000230E-10
       10450.  1.000230E-10
       10460.   1.806670E-7
       10470.   1.488860E-7
       10480.  1.000230E-10
       10490.  1.000230E-10
       10500.  1.000230E-10
       10510.  1.000230E-10
       10520.   2.915450E-7
       10530.  1.000230E-10
       10540.  1.000230E-10
       10550.  1.000230E-10
       10560.  1.000230E-10
       10570.  1.000230E-10
       10580.   1.085980E-7
       10590.   2.029230E-7
       10600.   3.403610E-8
       10610.  1.000230E-10
       10620.  1.000230E-10
       10630.  1.000230E-10
       10640.  1.000230E-10
       10650.  1.000230E-10
       10660.  1.000230E-10
       10670.  1.000230E-10
       10680.  1.000230E-10
       10690.  1.000230E-10
       10700.  1.000230E-10
       10710.  1.000230E-10
       10720.  1.000230E-10
       10730.   2.075140E-7
       10740.  1.000230E-10
       10750.  1.000230E-10
       10760.   7.002600E-8
       10770.   2.898190E-8
       10780.  1.000230E-10
       10790.  1.000230E-10
       10800.   1.146820E-7
       10810.  1.000230E-10
       10820.   6.613420E-8
       10830.  1.000230E-10
       10840.  1.000230E-10
       10850.   9.436920E-8
       10860.  1.000230E-10
       10870.  1.000230E-10
       10880.  1.000230E-10
       10890.  1.000230E-10
       10900.  1.000230E-10
       10910.  1.000230E-10
       10920.   1.302420E-7
       10930.  1.000230E-10
       10940.  1.000230E-10
       10950.  1.000230E-10
       10960.  1.000230E-10
       10970.   6.006630E-8
       10980.  1.000230E-10
       10990.  1.000230E-10
       11000.  1.000230E-10
       11001.            0.
       11002.            0.
