        1938.            0.
        1939.            0.
        1940.   7.924120E-7
        1950.   8.796790E-7
        1960.   8.158570E-7
        1970.   6.357700E-7
        1980.   8.919490E-7
        1990.   7.695910E-7
        2000.   7.968850E-7
        2010.   7.619420E-7
        2020.   9.413890E-7
        2030.   6.819760E-7
        2040.   8.161600E-7
        2050.   8.352010E-7
        2060.   6.464010E-7
        2070.   7.088660E-7
        2080.   5.779320E-7
        2090.   6.417680E-7
        2100.   5.469650E-7
        2110.   6.850750E-7
        2120.   5.038280E-7
        2130.   5.480850E-7
        2140.   6.445870E-7
        2150.   4.193680E-7
        2160.   5.395440E-7
        2170.   6.408210E-7
        2180.   5.460610E-7
        2190.   5.044740E-7
        2200.   5.283890E-7
        2210.   4.687800E-7
        2220.   6.031510E-7
        2230.   4.854630E-7
        2240.   6.695000E-7
        2250.   5.670100E-7
        2260.   4.799900E-7
        2270.   3.941120E-7
        2280.   6.361300E-7
        2290.   4.925200E-7
        2300.   4.844890E-7
        2310.   7.179720E-7
        2320.   5.466030E-7
        2330.   3.767970E-7
        2340.   4.146260E-7
        2350.   3.218430E-7
        2360.   5.251060E-7
        2370.   3.319880E-7
        2380.   2.640710E-7
        2390.   4.055730E-7
        2400.   4.756550E-7
        2410.   3.616760E-7
        2420.   5.868660E-7
        2430.   6.038290E-7
        2440.   3.969590E-7
        2450.   4.654790E-7
        2460.   5.128540E-7
        2470.   5.803060E-7
        2480.   4.196830E-7
        2490.   3.719670E-7
        2500.   5.922850E-7
        2510.   4.977220E-7
        2520.   5.345660E-7
        2530.   5.579830E-7
        2540.   4.173160E-7
        2550.   6.639280E-7
        2560.   5.112180E-7
        2570.   3.030830E-7
        2580.   6.540680E-7
        2590.   6.158800E-7
        2600.   7.056540E-7
        2610.   5.022810E-7
        2620.   4.871400E-7
        2630.   6.283980E-7
        2640.   4.217240E-7
        2650.   6.404530E-7
        2660.   5.216680E-7
        2670.   7.237810E-7
        2680.   5.329390E-7
        2690.   6.366430E-7
        2700.   6.358430E-7
        2710.   6.534050E-7
        2720.   6.509790E-7
        2730.   8.919260E-7
        2740.   7.883700E-7
        2750.   7.465740E-7
        2760.   9.447090E-7
        2770.   7.010580E-7
        2780.   7.383550E-7
        2790.   8.115260E-7
        2800.   8.374830E-7
        2810.   8.161970E-7
        2820.   7.079080E-7
        2830.   8.170870E-7
        2840.   8.085410E-7
        2850.   9.269520E-7
        2860.   8.695810E-7
        2870.   7.219930E-7
        2880.   7.948840E-7
        2890.   7.778000E-7
        2900.   9.224190E-7
        2910.   6.678610E-7
        2920.   9.531210E-7
        2930.   6.621850E-7
        2940.   4.502370E-7
        2950.   8.439320E-7
        2960.   7.254770E-7
        2970.   7.009240E-7
        2980.   5.577700E-7
        2990.   7.799830E-7
        3000.   9.498540E-7
        3010.   7.225840E-7
        3020.   6.894200E-7
        3030.   6.968000E-7
        3040.   3.857340E-7
        3050.   5.489260E-7
        3060.   4.787390E-7
        3070.   6.818480E-7
        3080.   7.448920E-7
        3090.   6.257660E-7
        3100.   6.674800E-7
        3110.   4.932010E-7
        3120.   6.696440E-7
        3130.   3.209760E-7
        3140.   4.197450E-7
        3150.   3.969970E-7
        3160.   5.444040E-7
        3170.   5.068200E-7
        3180.   7.416820E-7
        3190.   2.226870E-7
        3200.   4.155190E-7
        3210.   5.400070E-7
        3220.   5.478540E-7
        3230.   3.024460E-7
        3240.   4.044150E-7
        3250.   4.852070E-7
        3260.   3.508720E-7
        3270.   4.233210E-7
        3280.   4.213820E-7
        3290.   5.009980E-7
        3300.   4.411540E-7
        3310.   5.088040E-7
        3320.   4.939190E-7
        3330.   3.392900E-7
        3340.   4.051070E-7
        3350.   5.373490E-7
        3360.   4.223160E-7
        3370.   4.619290E-7
        3380.   4.166640E-7
        3390.   2.651200E-7
        3400.   2.441010E-7
        3410.   6.765280E-7
        3420.   2.680890E-7
        3430.   2.784210E-7
        3440.   1.553660E-7
        3450.   4.912200E-7
        3460.   6.120150E-7
        3470.   2.830030E-7
        3480.   3.694770E-7
        3490.   4.603030E-7
        3500.   5.385930E-7
        3510.   5.968100E-7
        3520.   2.783250E-7
        3530.   1.624250E-7
        3540.   5.440960E-7
        3550.   5.883400E-7
        3560.   6.588410E-7
        3570.   3.604650E-7
        3580.   4.877330E-7
        3590.   6.349750E-7
        3600.   1.366700E-7
        3610.   3.823190E-7
        3620.   3.652860E-7
        3630.   7.022310E-7
        3640.   6.043130E-7
        3650.   4.348800E-7
        3660.   1.887950E-7
        3670.   6.839230E-7
        3680.   2.233080E-7
        3690.   2.011020E-7
        3700.   7.413340E-7
        3710.   1.406340E-7
        3720.   2.288540E-7
        3730.   4.006780E-7
        3740.   4.218350E-7
        3750.   5.916280E-7
        3760.   4.876060E-7
        3770.   7.534770E-7
        3780.   9.588590E-7
        3790.   7.514450E-7
        3800.   6.141610E-7
        3810.   8.117120E-7
        3820.   6.172900E-7
        3830.   9.092360E-7
        3840.   5.612790E-7
        3850.   4.582910E-7
        3860.   7.127700E-7
        3870.   5.103400E-7
        3880.   7.273980E-7
        3890.   8.238780E-7
        3900.   2.849200E-7
        3910.   7.476560E-7
        3920.   2.605410E-7
        3930.   5.097250E-7
        3940.   1.069870E-6
        3950.   4.362340E-7
        3960.   1.762060E-7
        3970.   7.119910E-7
        3980.   6.519010E-7
        3990.   3.117030E-7
        4000.   1.851730E-7
        4010.   7.650930E-7
        4020.   2.744620E-7
        4030.   4.388970E-7
        4040.   3.505750E-7
        4050.   2.951880E-7
        4060.   4.321190E-7
        4070.   3.620460E-7
        4080.   2.237040E-7
        4090.   4.884330E-7
        4100.   6.520970E-7
        4110.   6.638630E-7
        4120.   7.205170E-7
        4130.   6.034380E-7
        4140.   6.497390E-7
        4150.   4.398710E-7
        4160.   8.080540E-7
        4170.   4.006090E-7
        4180.   6.176210E-7
        4190.   5.187640E-7
        4200.   5.147280E-7
        4210.   3.128980E-7
        4220.   7.162230E-7
        4230.   3.834180E-7
        4240.   5.534790E-7
        4250.   5.490890E-7
        4260.   8.695150E-7
        4270.   5.403740E-7
        4280.   5.444800E-7
        4290.   3.091410E-7
        4300.   4.514910E-7
        4310.   6.003960E-7
        4320.   4.722140E-7
        4330.   7.923700E-7
        4340.   6.588720E-7
        4350.   6.668250E-7
        4360.   5.628240E-7
        4370.   1.867790E-7
        4380.   6.354260E-7
        4390.   5.380990E-7
        4400.   7.432160E-7
        4410.   5.185800E-7
        4420.   7.491400E-7
        4430.   4.825010E-7
        4440.   6.742870E-7
        4450.   5.344040E-7
        4460.   7.289170E-7
        4470.   8.196320E-7
        4480.   5.819480E-7
        4490.   1.458960E-7
        4500.   6.576960E-7
        4510.   5.752330E-7
        4520.   3.804260E-7
        4530.   5.721880E-7
        4540.   3.232190E-7
        4550.   4.215030E-7
        4560.   5.261180E-7
        4570.   5.297660E-7
        4580.   5.944520E-7
        4590.   2.932510E-7
        4600.   4.161660E-7
        4610.   3.091750E-7
        4620.   4.810570E-7
        4630.   3.806300E-7
        4640.   6.836920E-7
        4650.   4.417660E-7
        4660.   4.636880E-7
        4670.   2.657500E-7
        4680.   1.932180E-7
        4690.   4.272450E-7
        4700.   3.181210E-7
        4710.   2.395420E-7
        4720.   3.277340E-7
        4730.  1.000230E-10
        4740.   2.404050E-7
        4750.   2.401170E-7
        4760.   3.882040E-7
        4770.   1.040660E-7
        4780.   1.928750E-7
        4790.   1.846750E-7
        4800.   1.153390E-7
        4810.   1.654890E-7
        4820.   1.979960E-7
        4830.   1.883770E-7
        4840.   6.391780E-7
        4850.   2.584930E-7
        4860.   2.267520E-7
        4870.   1.620500E-7
        4880.   4.779490E-7
        4890.   2.324460E-7
        4900.   1.074900E-7
        4910.   6.876580E-8
        4920.   2.728760E-7
        4930.   2.261690E-7
        4940.   3.075200E-7
        4950.   1.122350E-7
        4960.   4.581710E-7
        4970.   1.131150E-7
        4980.   2.301720E-7
        4990.   4.358930E-7
        5000.   2.738980E-7
        5010.   1.074530E-7
        5020.   8.761410E-8
        5030.   2.950040E-8
        5040.   2.354500E-7
        5050.   4.190250E-7
        5060.   1.186610E-7
        5070.   1.982400E-7
        5080.   2.674050E-7
        5090.  1.000230E-10
        5100.   1.707320E-7
        5110.   3.483680E-7
        5120.  1.000230E-10
        5130.   3.004650E-7
        5140.   3.205070E-7
        5150.  1.000230E-10
        5160.   2.318620E-7
        5170.   3.420170E-7
        5180.   2.998700E-7
        5190.   3.306660E-7
        5200.   4.015150E-7
        5210.   4.133040E-7
        5220.   2.808150E-7
        5230.   5.874340E-8
        5240.   1.795010E-7
        5250.   1.078950E-7
        5260.   3.488230E-7
        5270.   1.966930E-7
        5280.   7.382200E-8
        5290.   1.446850E-7
        5300.  1.000230E-10
        5310.   2.740840E-7
        5320.   2.946670E-7
        5330.   4.810440E-7
        5340.   1.895470E-7
        5350.   2.192920E-7
        5360.   3.856930E-7
        5370.   1.728560E-7
        5380.   2.301950E-7
        5390.   4.063640E-7
        5400.   3.197390E-7
        5410.   3.037000E-7
        5420.   1.814040E-7
        5430.   2.398930E-7
        5440.   6.129320E-7
        5450.   2.224000E-7
        5460.   2.981940E-7
        5470.   3.311170E-7
        5480.   3.314080E-7
        5490.   3.455310E-7
        5500.   1.460250E-7
        5510.   3.152640E-7
        5520.   3.737110E-8
        5530.   2.403120E-7
        5540.   3.880650E-7
        5550.   1.342300E-7
        5560.   2.038620E-7
        5570.   8.466070E-8
        5580.   4.140090E-7
        5590.   4.732320E-7
        5600.   2.018410E-7
        5610.   3.583410E-7
        5620.   4.549490E-7
        5630.   3.039810E-7
        5640.   1.532520E-7
        5650.   3.331940E-7
        5660.   1.797480E-7
        5670.   3.741630E-7
        5680.   4.319570E-7
        5690.   2.182370E-7
        5700.   1.219330E-7
        5710.   4.355310E-7
        5720.   2.190930E-7
        5730.  1.000230E-10
        5740.   1.995810E-7
        5750.   1.697570E-7
        5760.   5.540520E-7
        5770.   2.445680E-7
        5780.   4.607740E-7
        5790.   2.116360E-7
        5800.   2.320590E-7
        5810.   1.210970E-7
        5820.   4.794210E-7
        5830.   2.399990E-7
        5840.   2.799040E-7
        5850.   1.857750E-7
        5860.   8.431790E-8
        5870.   2.770770E-7
        5880.   3.695590E-7
        5890.   2.032710E-7
        5900.   1.129890E-7
        5910.   4.206150E-7
        5920.   4.664440E-7
        5930.   4.720890E-7
        5940.   1.476210E-7
        5950.   1.112710E-7
        5960.   4.536750E-7
        5970.   3.006330E-7
        5980.   3.944530E-7
        5990.   1.979720E-7
        6000.   2.148620E-7
        6010.   4.164190E-7
        6020.   4.142400E-7
        6030.   3.668930E-7
        6040.   2.840620E-7
        6050.   3.069680E-7
        6060.   7.893930E-8
        6070.   5.580220E-7
        6080.   3.696430E-7
        6090.   6.373980E-7
        6100.   2.917040E-7
        6110.   1.433010E-7
        6120.   1.286280E-7
        6130.   2.264900E-7
        6140.   4.371650E-7
        6150.   4.068100E-8
        6160.   4.477900E-7
        6170.   2.664490E-7
        6180.   4.428170E-7
        6190.   4.485030E-7
        6200.   3.557700E-7
        6210.   1.981140E-7
        6220.   4.888410E-7
        6230.   2.210490E-7
        6240.   2.615400E-7
        6250.   1.551980E-7
        6260.   1.331630E-7
        6270.   2.936660E-7
        6280.   2.798730E-7
        6290.   5.287360E-8
        6300.   6.098750E-7
        6310.   2.024340E-7
        6320.   5.717170E-7
        6330.   3.197980E-7
        6340.   4.306380E-7
        6350.   1.945190E-7
        6360.  1.000230E-10
        6370.   4.271460E-7
        6380.   3.339230E-7
        6390.   9.354200E-8
        6400.   7.780460E-8
        6410.   2.555870E-7
        6420.   3.207140E-7
        6430.   3.507780E-8
        6440.   2.855960E-7
        6450.   3.457830E-7
        6460.   2.457830E-7
        6470.   3.239220E-8
        6480.   8.959480E-8
        6490.   4.325170E-7
        6500.   1.878250E-7
        6510.   1.451250E-7
        6520.   1.123000E-7
        6530.   2.648850E-7
        6540.  1.000230E-10
        6550.   1.772710E-7
        6560.   2.785080E-7
        6570.   6.606730E-8
        6580.   4.861380E-7
        6590.   2.549370E-7
        6600.   2.842340E-7
        6610.   3.945920E-7
        6620.   2.441750E-7
        6630.   1.601260E-7
        6640.   3.310990E-7
        6650.   2.850430E-7
        6660.   1.792370E-7
        6670.   2.141310E-7
        6680.   6.820510E-8
        6690.   2.039900E-7
        6700.   2.736700E-7
        6710.   1.224940E-7
        6720.   1.819450E-7
        6730.   1.194700E-7
        6740.   4.397530E-7
        6750.   2.799730E-7
        6760.   3.854120E-7
        6770.   2.729760E-7
        6780.   1.973170E-7
        6790.   3.466000E-7
        6800.   9.945690E-8
        6810.   4.453990E-7
        6820.   3.278480E-7
        6830.   3.339060E-7
        6840.   5.613150E-7
        6850.   3.963460E-7
        6860.   5.282570E-7
        6870.   4.467980E-7
        6880.   4.275760E-7
        6890.   5.962830E-7
        6900.   9.346350E-7
        6910.   1.081140E-6
        6920.   1.031470E-6
        6930.   1.476380E-6
        6940.   1.869360E-6
        6950.   1.868810E-6
        6960.   3.068230E-6
        6970.   3.956040E-6
        6980.   5.335230E-6
        6990.   7.837780E-6
        7000.   1.013330E-5
        7010.   1.391250E-5
        7020.   1.997250E-5
        7030.   2.888250E-5
        7040.   4.500000E-5
        7050.   3.900000E-5
        7060.   9.500000E-5
        7070.   1.300000E-4
        7080.   2.040000E-4
        7090.   3.070000E-4
        7100.   4.500000E-4
        7110.   6.840000E-4
        7120.      0.001088
        7130.      0.001791
        7140.      0.002878
        7150.      0.004652
        7160.      0.007459
        7170.      0.012077
        7180.      0.020303
        7190.      0.035515
        7200.      0.061866
        7210.      0.103681
        7220.      0.170355
        7230.      0.278505
        7240.      0.429321
        7250.      0.595817
        7260.      0.734021
        7270.      0.826993
        7280.      0.882138
        7290.      0.907868
        7300.      0.913208
        7310.      0.907095
        7320.       0.90411
        7330.      0.905472
        7340.      0.907335
        7350.       0.90556
        7360.      0.901469
        7370.      0.898772
        7380.      0.901052
        7390.      0.906874
        7400.      0.913698
        7410.      0.917965
        7420.       0.92089
        7430.      0.923664
        7440.      0.928628
        7450.       0.93669
        7460.      0.943549
        7470.      0.951762
        7480.      0.955677
        7490.       0.95931
        7500.      0.961661
        7510.      0.963725
        7520.      0.966603
        7530.      0.967124
        7540.      0.968115
        7550.       0.96802
        7560.      0.967435
        7570.      0.966574
        7580.      0.965508
        7590.      0.964753
        7600.      0.964129
        7610.       0.96354
        7620.      0.962119
        7630.      0.959933
        7640.      0.957083
        7650.      0.952284
        7660.      0.948625
        7670.      0.944163
        7680.      0.941586
        7690.      0.940725
        7700.      0.939831
        7710.      0.939144
        7720.      0.937193
        7730.      0.935328
        7740.      0.934603
        7750.      0.933664
        7760.       0.93399
        7770.      0.932655
        7780.      0.930212
        7790.      0.928117
        7800.      0.925151
        7810.      0.926937
        7820.      0.926063
        7830.      0.926695
        7840.      0.926558
        7850.      0.924786
        7860.      0.922625
        7870.      0.920572
        7880.      0.919699
        7890.      0.916011
        7900.      0.912563
        7910.      0.908714
        7920.        0.9024
        7930.      0.900615
        7940.       0.90034
        7950.      0.898818
        7960.       0.89594
        7970.      0.892716
        7980.      0.895323
        7990.      0.894564
        8000.      0.883093
        8010.       0.85265
        8020.       0.80553
        8030.      0.708514
        8040.      0.527049
        8050.      0.301321
        8060.      0.134622
        8070.         0.058
        8080.      0.026262
        8090.       0.01216
        8100.      0.005564
        8110.      0.002666
        8120.       0.00134
        8130.   6.940000E-4
        8140.   3.830000E-4
        8150.   2.360000E-4
        8160.   1.450000E-4
        8170.   6.700000E-5
        8180.   4.800000E-5
        8220.   2.130940E-5
        8230.   1.524720E-5
        8240.   1.134820E-5
        8250.   8.652830E-6
        8260.   6.293660E-6
        8270.   5.239270E-6
        8280.   4.519610E-6
        8290.   3.778660E-6
        8300.   3.116330E-6
        8310.   2.638580E-6
        8320.   2.205660E-6
        8330.   1.719340E-6
        8340.   2.004730E-6
        8350.   1.756470E-6
        8360.   1.806870E-6
        8370.   1.499350E-6
        8380.   1.484440E-6
        8390.   1.338580E-6
        8400.   1.204120E-6
        8410.   1.080590E-6
        8420.   7.853990E-7
        8430.   7.426850E-7
        8440.   1.095600E-6
        8450.   8.824560E-7
        8460.   8.088220E-7
        8470.   8.900930E-7
        8480.   9.234170E-7
        8490.   7.980240E-7
        8500.   1.369080E-5
        8510.  1.000230E-10
        8520.   9.935990E-6
        8530.   1.934590E-5
        8540.   4.100310E-5
        8550.   3.726750E-5
        8560.  1.000230E-10
        8570.  1.000230E-10
        8580.  1.000230E-10
        8590.   2.791430E-5
        8600.  1.000230E-10
        8610.  1.000230E-10
        8620.   2.091090E-5
        8630.   1.787210E-5
        8640.   3.588710E-6
        8650.   1.579770E-5
        8660.   4.277950E-7
        8670.   1.065630E-5
        8680.   7.974440E-6
        8690.   4.622700E-5
        8700.   5.883270E-6
        8710.   2.746520E-5
        8720.   2.341560E-5
        8730.  1.000230E-10
        8740.   2.581740E-5
        8750.   1.184300E-5
        8760.   4.589100E-6
        8770.   1.349760E-5
        8780.  1.000230E-10
        8790.   5.552210E-6
        8800.   5.828140E-6
        8810.   3.760960E-5
        8820.  1.000230E-10
        8830.   1.162420E-5
        8840.   8.593720E-6
        8850.   5.659750E-6
        8860.  1.000230E-10
        8870.  1.000230E-10
        8880.   1.631110E-5
        8890.  1.000230E-10
        8900.   1.490730E-5
        8910.  1.000230E-10
        8920.  1.000230E-10
        8930.   2.172940E-5
        8940.   5.969130E-6
        8950.  1.000230E-10
        8960.   2.220900E-5
        8970.  1.000230E-10
        8980.   4.178230E-6
        8990.  1.000230E-10
        9000.  1.000230E-10
        9010.  1.000230E-10
        9020.   5.877170E-6
        9030.   1.423430E-5
        9040.  1.000230E-10
        9050.   9.922820E-6
        9060.  1.000230E-10
        9070.   6.870290E-6
        9080.   9.487160E-6
        9090.  1.000230E-10
        9100.   6.324110E-8
        9110.   1.042880E-5
        9120.  1.000230E-10
        9130.  1.000230E-10
        9140.  1.000230E-10
        9150.   6.278040E-6
        9160.  1.000230E-10
        9170.   1.883980E-6
        9180.  1.000230E-10
        9190.   4.961990E-6
        9200.   5.125230E-7
        9210.  1.000230E-10
        9220.   7.080730E-7
        9230.  1.000230E-10
        9240.   6.083160E-6
        9250.  1.000230E-10
        9260.  1.000230E-10
        9270.   2.384280E-6
        9280.   5.350790E-6
        9290.  1.000230E-10
        9300.   2.297200E-6
        9310.  1.000230E-10
        9320.   8.063400E-6
        9330.  1.000230E-10
        9340.   2.101100E-6
        9350.   3.160260E-6
        9360.   9.452810E-7
        9370.   1.602940E-6
        9380.  1.000230E-10
        9390.   4.105670E-6
        9400.   3.930890E-6
        9410.  1.000230E-10
        9420.   2.797480E-6
        9430.   2.205060E-6
        9440.   4.865110E-7
        9450.   7.174540E-7
        9460.   1.312700E-6
        9470.  1.000230E-10
        9480.   2.227680E-7
        9490.   8.043200E-7
        9500.  1.000230E-10
        9510.   1.173970E-6
        9520.  1.000230E-10
        9530.   5.857210E-6
        9540.   5.286060E-7
        9550.   3.347140E-7
        9560.  1.000230E-10
        9570.  1.000230E-10
        9580.  1.000230E-10
        9590.  1.000230E-10
        9600.  1.000230E-10
        9610.   4.116520E-6
        9620.  1.000230E-10
        9630.  1.000230E-10
        9640.  1.000230E-10
        9650.   2.662100E-6
        9660.   3.222760E-6
        9670.  1.000230E-10
        9680.   1.541600E-6
        9690.  1.000230E-10
        9700.  1.000230E-10
        9710.  1.000230E-10
        9720.   4.173530E-7
        9730.  1.000230E-10
        9740.   1.228390E-6
        9750.  1.000230E-10
        9760.   3.993980E-6
        9770.   7.929840E-9
        9780.  1.000230E-10
        9790.   8.203910E-7
        9800.   1.701270E-6
        9810.  1.000230E-10
        9820.   1.179010E-6
        9830.  1.000230E-10
        9840.  1.000230E-10
        9850.  1.000230E-10
        9860.   3.838080E-7
        9870.  1.000230E-10
        9880.   5.733630E-6
        9890.   1.797100E-6
        9900.  1.000230E-10
        9910.   2.640350E-6
        9920.  1.000230E-10
        9930.  1.000230E-10
        9940.   5.484170E-7
        9950.   9.666290E-7
        9960.  1.000230E-10
        9970.  1.000230E-10
        9980.  1.000230E-10
        9990.  1.000230E-10
       10000.  1.000230E-10
       10010.  1.000230E-10
       10020.  1.000230E-10
       10030.   1.406930E-7
       10040.   5.132790E-6
       10050.  1.000230E-10
       10060.  1.000230E-10
       10070.   2.773800E-7
       10080.  1.000230E-10
       10090.  1.000230E-10
       10100.   2.297070E-6
       10110.  1.000230E-10
       10120.   3.099550E-6
       10130.  1.000230E-10
       10140.  1.000230E-10
       10150.  1.000230E-10
       10160.  1.000230E-10
       10170.  1.000230E-10
       10180.  1.000230E-10
       10190.  1.000230E-10
       10200.  1.000230E-10
       10210.  1.000230E-10
       10220.  1.000230E-10
       10230.  1.000230E-10
       10240.  1.000230E-10
       10250.  1.000230E-10
       10260.  1.000230E-10
       10270.   1.928350E-7
       10280.  1.000230E-10
       10290.  1.000230E-10
       10300.  1.000230E-10
       10310.  1.000230E-10
       10320.  1.000230E-10
       10330.  1.000230E-10
       10340.   4.236470E-6
       10350.  1.000230E-10
       10360.  1.000230E-10
       10370.  1.000230E-10
       10380.   7.451630E-7
       10390.   1.996140E-6
       10400.  1.000230E-10
       10410.   4.166140E-6
       10420.   3.424090E-6
       10430.  1.000230E-10
       10440.   4.922440E-8
       10450.   1.313100E-6
       10460.  1.000230E-10
       10470.   4.943790E-8
       10480.  1.000230E-10
       10490.   2.125350E-6
       10500.  1.000230E-10
       10510.  1.000230E-10
       10520.  1.000230E-10
       10530.  1.000230E-10
       10540.   2.405830E-6
       10550.   1.177910E-6
       10560.   2.192980E-7
       10570.   4.870640E-7
       10580.  1.000230E-10
       10590.  1.000230E-10
       10600.  1.000230E-10
       10610.  1.000230E-10
       10620.   2.674240E-6
       10630.  1.000230E-10
       10640.  1.000230E-10
       10650.  1.000230E-10
       10660.  1.000230E-10
       10670.   9.308650E-7
       10680.  1.000230E-10
       10690.  1.000230E-10
       10700.  1.000230E-10
       10710.  1.000230E-10
       10720.  1.000230E-10
       10730.   4.596210E-8
       10740.  1.000230E-10
       10750.  1.000230E-10
       10760.  1.000230E-10
       10770.  1.000230E-10
       10780.  1.000230E-10
       10790.  1.000230E-10
       10800.  1.000230E-10
       10810.  1.000230E-10
       10820.  1.000230E-10
       10830.  1.000230E-10
       10840.  1.000230E-10
       10850.   2.316640E-6
       10860.  1.000230E-10
       10870.   1.458150E-7
       10880.  1.000230E-10
       10890.   1.930800E-6
       10900.  1.000230E-10
       10910.   4.980570E-7
       10920.  1.000230E-10
       10930.   5.497050E-6
       10940.   2.613190E-6
       10950.   6.325400E-7
       10960.  1.000230E-10
       10970.  1.000230E-10
       10980.   4.854110E-6
       10990.  1.000230E-10
       11000.   1.852460E-6
       11001.            0.
       11002.            0.
