        1938.            0.
        1939.            0.
        1940.   6.999400E-8
        1950.   2.706190E-8
        1960.   5.821470E-8
        1970.   4.004320E-8
        1980.   5.387780E-8
        1990.   4.190980E-8
        2000.   4.468640E-8
        2010.   2.311240E-8
        2020.   1.293830E-8
        2030.   4.362880E-8
        2040.   1.821980E-8
        2050.   5.912310E-8
        2060.   5.132120E-8
        2070.   3.382360E-8
        2080.   4.112340E-8
        2090.   3.781160E-8
        2100.   3.251710E-8
        2110.   5.408880E-8
        2120.   4.653630E-8
        2130.   4.877570E-8
        2140.   6.492780E-8
        2150.   4.487210E-8
        2160.   2.742550E-8
        2170.   2.311330E-8
        2180.   3.747820E-8
        2190.   3.425940E-8
        2200.   3.639700E-8
        2210.   3.093210E-8
        2220.   6.524200E-8
        2230.   2.798870E-8
        2240.   4.546510E-8
        2250.   4.213700E-8
        2260.   3.967750E-8
        2270.   5.170440E-8
        2280.   4.722620E-8
        2290.   5.264880E-8
        2300.   5.680900E-8
        2310.   1.470800E-8
        2320.   2.456900E-8
        2330.   3.607470E-8
        2340.   1.915970E-8
        2350.   3.515640E-8
        2360.   3.201630E-8
        2370.   5.927210E-8
        2380.   3.189530E-8
        2390.   4.446310E-8
        2400.   3.504600E-8
        2410.   3.977410E-8
        2420.   3.117150E-8
        2430.   4.364040E-8
        2440.   4.601110E-8
        2450.   4.302690E-8
        2460.   4.166690E-8
        2470.   3.427240E-8
        2480.   2.048310E-8
        2490.   2.878420E-8
        2500.   4.982920E-8
        2510.   5.424510E-8
        2520.   2.237790E-8
        2530.   2.759530E-8
        2540.   4.870080E-8
        2550.   3.901070E-8
        2560.   6.669540E-8
        2570.   2.667300E-8
        2580.   3.792130E-8
        2590.   4.180640E-8
        2600.   2.778700E-8
        2610.   4.198750E-8
        2620.   5.606160E-8
        2630.   2.733160E-8
        2640.   5.607780E-8
        2650.   3.150090E-8
        2660.   3.803950E-8
        2670.   6.660890E-8
        2680.   6.519150E-8
        2690.   3.223250E-8
        2700.   2.754410E-8
        2710.   4.135330E-8
        2720.   3.329650E-8
        2730.   3.395660E-8
        2740.   3.155970E-8
        2750.   5.632780E-8
        2760.   3.908670E-8
        2770.   5.202060E-8
        2780.   3.324240E-8
        2790.   7.520140E-8
        2800.   6.036920E-8
        2810.   3.051120E-8
        2820.   5.325310E-8
        2830.   9.162500E-8
        2840.   4.084820E-8
        2850.   4.656340E-8
        2860.   3.755710E-8
        2870.   5.998530E-8
        2880.   5.093820E-8
        2890.   7.633000E-8
        2900.   4.864810E-8
        2910.   7.512870E-8
        2920.   4.661900E-8
        2930.   7.817070E-8
        2940.   3.849120E-8
        2950.   8.011040E-8
        2960.   5.701330E-8
        2970.   7.301920E-8
        2980.   5.762840E-8
        2990.   3.439300E-8
        3000.   3.339080E-8
        3010.   4.040170E-8
        3020.   6.241080E-8
        3030.   6.778030E-8
        3040.   7.592800E-8
        3050.   6.623880E-8
        3060.   7.170660E-8
        3070.   6.795610E-8
        3080.   6.007130E-8
        3090.   5.561790E-8
        3100.   4.664960E-8
        3110.   5.844890E-8
        3120.   5.321010E-8
        3130.   6.708940E-8
        3140.   6.149990E-8
        3150.   7.666430E-8
        3160.   8.619460E-8
        3170.   5.374700E-8
        3180.   5.319000E-8
        3190.   5.665190E-8
        3200.   6.225530E-8
        3210.   7.267070E-8
        3220.   5.086730E-8
        3230.   5.382670E-8
        3240.   4.472050E-8
        3250.   6.395730E-8
        3260.   7.053160E-8
        3270.   7.512540E-8
        3280.   4.546150E-8
        3290.   6.960740E-8
        3300.   6.149140E-8
        3310.   4.853620E-8
        3320.   5.085530E-8
        3330.   4.872290E-8
        3340.   1.003280E-7
        3350.   7.195750E-8
        3360.   6.523690E-8
        3370.   7.262600E-8
        3380.   3.268230E-8
        3390.   5.104260E-8
        3400.   7.916840E-8
        3410.   1.003250E-7
        3420.   5.922110E-8
        3430.   8.098360E-8
        3440.   8.081760E-8
        3450.   4.323410E-8
        3460.   2.538750E-8
        3470.   4.989040E-8
        3480.   1.327910E-8
        3490.   7.132020E-8
        3500.   7.369820E-8
        3510.   4.839150E-8
        3520.   4.909540E-8
        3530.   4.721330E-8
        3540.   3.787720E-8
        3550.   5.304470E-8
        3560.   7.952310E-8
        3570.   8.727590E-8
        3580.   9.064860E-8
        3590.   1.148140E-7
        3600.   6.409130E-8
        3610.   1.067770E-7
        3620.   6.005300E-8
        3630.   1.042970E-7
        3640.   3.502560E-8
        3650.   6.757920E-8
        3660.   1.117290E-7
        3670.   7.805220E-8
        3680.   7.965690E-8
        3690.   9.535910E-8
        3700.   6.234710E-8
        3710.   8.666640E-8
        3720.   1.254130E-7
        3730.   9.239890E-8
        3740.   2.734250E-8
        3750.   1.294310E-7
        3760.   5.276240E-8
        3770.   6.485750E-8
        3780.   5.141120E-8
        3790.   1.015540E-7
        3800.  1.000230E-10
        3810.   9.029970E-8
        3820.   5.113760E-8
        3830.   5.171310E-8
        3840.   8.095430E-8
        3850.   3.855930E-8
        3860.   5.698070E-8
        3870.   4.474240E-8
        3880.   1.005220E-7
        3890.   1.268620E-8
        3900.  1.000230E-10
        3910.   1.771530E-7
        3920.   4.099890E-8
        3930.   1.023730E-7
        3940.   7.187450E-8
        3950.   3.504600E-8
        3960.   6.498220E-8
        3970.   5.565990E-8
        3980.   5.213610E-9
        3990.   5.396970E-8
        4000.   2.024370E-8
        4010.   6.552730E-9
        4020.   1.194330E-8
        4030.   1.961210E-8
        4040.   1.522470E-8
        4050.   1.455630E-8
        4060.  1.000230E-10
        4070.   1.317500E-9
        4080.   1.633190E-8
        4090.   6.265160E-9
        4100.   9.894910E-9
        4110.   7.809700E-9
        4120.   2.534920E-8
        4130.   3.559970E-8
        4140.   2.451600E-8
        4150.   2.111480E-8
        4160.   2.596330E-8
        4170.   9.067850E-9
        4180.  1.000230E-10
        4190.   4.372160E-9
        4200.   2.575480E-8
        4210.  1.000230E-10
        4220.   2.416900E-8
        4230.   1.941830E-8
        4240.   2.249430E-8
        4250.   4.733290E-8
        4260.   3.632910E-8
        4270.   1.586730E-8
        4280.   6.914680E-8
        4290.   5.438860E-8
        4300.   5.316830E-8
        4310.   7.119620E-8
        4320.   2.819580E-8
        4330.   6.814910E-8
        4340.   1.151100E-7
        4350.   8.897230E-8
        4360.   1.171490E-7
        4370.   1.309750E-7
        4380.   1.086530E-7
        4390.   1.011770E-7
        4400.   5.796690E-8
        4410.   9.592510E-8
        4420.   8.599060E-8
        4430.   9.486460E-8
        4440.   1.022380E-7
        4450.   1.091400E-7
        4460.   6.597280E-8
        4470.   9.726570E-8
        4480.   9.853260E-8
        4490.   9.034350E-8
        4500.   1.096070E-7
        4510.   7.312870E-8
        4520.   7.238920E-8
        4530.   9.072650E-8
        4540.   8.217340E-8
        4550.   1.013040E-7
        4560.   1.551960E-7
        4570.   1.251190E-7
        4580.   1.113340E-7
        4590.   8.823690E-8
        4600.   9.784840E-8
        4610.   1.205240E-7
        4620.   6.573120E-8
        4630.   8.456250E-8
        4640.   1.168540E-7
        4650.   1.072780E-7
        4660.   6.661030E-8
        4670.   1.061100E-7
        4680.   9.010920E-8
        4690.   7.043100E-8
        4700.   3.912140E-8
        4710.   5.445630E-8
        4720.   5.359830E-8
        4730.   8.034360E-8
        4740.   6.062880E-8
        4750.   4.385290E-8
        4760.   9.882000E-8
        4770.   6.120480E-8
        4780.   6.569680E-8
        4790.   9.226310E-8
        4800.   7.536320E-8
        4810.   4.344810E-8
        4820.   7.501500E-8
        4830.   8.282990E-8
        4840.   4.562690E-8
        4850.   5.952120E-8
        4860.   5.670270E-8
        4870.   6.407650E-8
        4880.   9.046070E-8
        4890.   1.071090E-7
        4900.   9.917880E-8
        4910.   1.159750E-7
        4920.   7.966670E-8
        4930.   9.002420E-8
        4940.   5.857890E-8
        4950.   4.242560E-8
        4960.   3.386750E-8
        4970.   7.594040E-8
        4980.   6.194240E-8
        4990.   7.738050E-8
        5000.   1.325580E-7
        5010.   6.206380E-8
        5020.   7.111760E-8
        5030.   7.768890E-8
        5040.   1.032540E-7
        5050.   1.059750E-7
        5060.   9.871180E-8
        5070.   9.206940E-8
        5080.   8.795730E-8
        5090.   9.108630E-8
        5100.   7.989360E-8
        5110.   6.194940E-8
        5120.   6.330850E-8
        5130.   5.965610E-8
        5140.   9.124670E-8
        5150.   8.657670E-8
        5160.   1.160030E-7
        5170.   1.011870E-7
        5180.   1.501400E-7
        5190.   1.285770E-7
        5200.   1.214760E-7
        5210.   1.030980E-7
        5220.   9.466730E-8
        5230.   6.725970E-8
        5240.   7.587640E-8
        5250.   5.455920E-8
        5260.   5.349620E-8
        5270.   8.245720E-8
        5280.   7.402580E-8
        5290.   6.132890E-8
        5300.   5.705540E-8
        5310.   1.082930E-7
        5320.   1.086810E-7
        5330.   1.394050E-7
        5340.   1.279190E-7
        5350.   1.360050E-7
        5360.   1.411750E-7
        5370.   1.047070E-7
        5380.   8.706890E-8
        5390.   9.691240E-8
        5400.   9.745020E-8
        5410.   8.066410E-8
        5420.   7.281540E-8
        5430.   5.915060E-8
        5440.   5.435520E-8
        5450.   6.861310E-8
        5460.   9.613710E-8
        5470.   1.079520E-7
        5480.   1.209300E-7
        5490.   1.488330E-7
        5500.   1.660500E-7
        5510.   1.729830E-7
        5520.   1.882160E-7
        5530.   1.813930E-7
        5540.   1.807110E-7
        5550.   1.182750E-7
        5560.   1.351410E-7
        5570.   1.102510E-7
        5580.   1.249370E-7
        5590.   1.264070E-7
        5600.   1.037300E-7
        5610.   1.022450E-7
        5620.   1.386530E-7
        5630.   1.006900E-7
        5640.   1.631150E-7
        5650.   1.499220E-7
        5660.   1.719870E-7
        5670.   1.690870E-7
        5680.   1.603620E-7
        5690.   1.904080E-7
        5700.   1.779360E-7
        5710.   1.492340E-7
        5720.   1.487800E-7
        5730.   1.756990E-7
        5740.   1.920410E-7
        5750.   1.363810E-7
        5760.   1.616100E-7
        5770.   1.696930E-7
        5780.   1.069570E-7
        5790.   1.137070E-7
        5800.   8.174180E-8
        5810.   9.682910E-8
        5820.   7.704690E-8
        5830.   1.009580E-7
        5840.   1.351140E-7
        5850.   1.751790E-7
        5860.   1.679110E-7
        5870.   1.559810E-7
        5880.   1.534630E-7
        5890.   1.507190E-7
        5900.   1.793650E-7
        5910.   1.195280E-7
        5920.   1.435660E-7
        5930.   1.764520E-7
        5940.   1.488850E-7
        5950.   1.356820E-7
        5960.   1.248060E-7
        5970.   9.324620E-8
        5980.   1.451080E-7
        5990.   1.379100E-7
        6000.   1.589960E-7
        6010.   1.957570E-7
        6020.   2.338490E-7
        6030.   2.244510E-7
        6040.   2.113230E-7
        6050.   2.108360E-7
        6060.   2.068970E-7
        6070.   2.231250E-7
        6080.   2.029680E-7
        6090.   1.739200E-7
        6100.   1.393660E-7
        6110.   1.343070E-7
        6120.   1.081660E-7
        6130.   1.065980E-7
        6140.   9.940380E-8
        6150.   8.242100E-8
        6160.   1.138760E-7
        6170.   1.078740E-7
        6180.   1.248460E-7
        6190.   1.475420E-7
        6200.   1.470550E-7
        6210.   1.447860E-7
        6220.   1.695730E-7
        6230.   1.773630E-7
        6240.   2.036340E-7
        6250.   2.009200E-7
        6260.   1.412810E-7
        6270.   1.038000E-7
        6280.   1.134510E-7
        6290.   8.915460E-8
        6300.   7.865750E-8
        6310.   9.022750E-8
        6320.   7.525720E-8
        6330.   6.812740E-8
        6340.   1.116010E-7
        6350.   1.113030E-7
        6360.   7.470350E-8
        6370.   7.548080E-8
        6380.   9.438170E-8
        6390.   8.271910E-8
        6400.   1.253370E-7
        6410.   1.573430E-7
        6420.   1.640050E-7
        6430.   1.964310E-7
        6440.   2.033640E-7
        6450.   2.098080E-7
        6460.   1.887670E-7
        6470.   1.191330E-7
        6480.   1.565960E-7
        6490.   1.366090E-7
        6500.   8.424300E-8
        6510.   8.181010E-8
        6520.   9.215520E-8
        6530.   9.071810E-8
        6540.   9.643150E-8
        6550.   7.385110E-8
        6560.   7.869730E-8
        6570.   8.415660E-8
        6580.   6.870320E-8
        6590.   1.403770E-7
        6600.   1.011290E-7
        6610.   1.675510E-7
        6620.   1.354460E-7
        6630.   2.294290E-7
        6640.   1.794320E-7
        6650.   1.401460E-7
        6660.   1.761620E-7
        6670.   1.384300E-7
        6680.   1.084320E-7
        6690.   9.429420E-8
        6700.   7.180840E-8
        6710.   9.363910E-8
        6720.   5.631950E-8
        6730.   9.200950E-8
        6740.   6.393930E-8
        6750.   9.068700E-8
        6760.   1.380890E-7
        6770.   4.367640E-7
        6780.   1.194230E-6
        6790.   2.320650E-6
        6800.   3.429750E-6
        6810.   4.155840E-6
        6820.   4.025680E-6
        6830.   3.269600E-6
        6840.   2.184970E-6
        6850.   1.263100E-6
        6860.   5.889630E-7
        6870.   3.039900E-7
        6880.   2.826170E-7
        6890.   3.308870E-7
        6900.   2.759550E-7
        6910.   2.979400E-7
        6920.   2.522000E-7
        6930.   2.817570E-7
        6940.   3.004630E-7
        6950.   3.147210E-7
        6960.   3.377430E-7
        6970.   4.743610E-7
        6980.   5.336580E-7
        6990.   5.685270E-7
        7000.   6.436800E-7
        7010.   5.630540E-7
        7020.   5.167970E-7
        7030.   4.460690E-7
        7040.   3.871560E-7
        7050.   3.167080E-7
        7060.   2.845850E-7
        7070.   2.520310E-7
        7080.   2.312980E-7
        7090.   2.134880E-7
        7100.   2.330530E-7
        7110.   2.499450E-7
        7120.   2.469090E-7
        7130.   2.800390E-7
        7140.   3.057690E-7
        7150.   3.290510E-7
        7160.   3.752770E-7
        7170.   4.497240E-7
        7180.   5.150420E-7
        7190.   5.423020E-7
        7200.   6.307480E-7
        7210.   6.645550E-7
        7220.   6.477320E-7
        7230.   6.168320E-7
        7240.   5.857520E-7
        7250.   5.254450E-7
        7260.   4.208680E-7
        7270.   4.328770E-7
        7280.   3.613290E-7
        7290.   3.363870E-7
        7300.   2.942270E-7
        7310.   2.659950E-7
        7320.   2.786280E-7
        7330.   2.520950E-7
        7340.   2.469450E-7
        7350.   2.846010E-7
        7360.   2.986250E-7
        7370.   3.341130E-7
        7380.   3.856470E-7
        7390.   4.246720E-7
        7400.   5.360290E-7
        7410.   5.521740E-7
        7420.   5.734110E-7
        7430.   5.321090E-7
        7440.   5.042110E-7
        7450.   4.273510E-7
        7460.   4.056280E-7
        7470.   3.744730E-7
        7480.   3.477190E-7
        7490.   3.244680E-7
        7500.   2.911760E-7
        7510.   2.663540E-7
        7520.   2.808590E-7
        7530.   2.480020E-7
        7540.   2.080030E-7
        7550.   2.000450E-7
        7560.   2.451400E-7
        7570.   2.390330E-7
        7580.   3.215500E-7
        7590.   4.151200E-7
        7600.   4.682390E-7
        7610.   5.936250E-7
        7620.   6.455560E-7
        7630.   6.722050E-7
        7640.   7.077320E-7
        7650.   6.152890E-7
        7660.   5.475100E-7
        7670.   5.311050E-7
        7680.   4.204380E-7
        7690.   3.901390E-7
        7700.   3.866140E-7
        7710.   3.093860E-7
        7720.   3.333330E-7
        7730.   3.265270E-7
        7740.   3.209610E-7
        7750.   3.985440E-7
        7760.   4.372230E-7
        7770.   4.869260E-7
        7780.   5.982820E-7
        7790.   6.724610E-7
        7800.   7.653390E-7
        7810.   7.684000E-7
        7820.   7.976420E-7
        7830.   7.290060E-7
        7840.   7.481020E-7
        7850.   6.896640E-7
        7860.   6.000770E-7
        7870.   5.349490E-7
        7880.   4.579210E-7
        7890.   3.842190E-7
        7900.   3.053740E-7
        7910.   3.253520E-7
        7920.   2.845000E-7
        7930.   2.923180E-7
        7940.   3.624170E-7
        7950.   3.644940E-7
        7960.   4.160590E-7
        7970.   4.233410E-7
        7980.   4.735000E-7
        7990.   5.832180E-7
        8000.   6.520050E-7
        8010.   8.052370E-7
        8020.   9.597630E-7
        8030.   1.112170E-6
        8040.   1.110620E-6
        8050.   1.099460E-6
        8060.   9.223570E-7
        8070.   8.228500E-7
        8080.   7.513030E-7
        8090.   6.301850E-7
        8100.   5.337590E-7
        8110.   5.187130E-7
        8120.   5.860680E-7
        8130.   6.310560E-7
        8140.   6.709600E-7
        8150.   6.622040E-7
        8160.   7.063400E-7
        8170.   7.609970E-7
        8180.   8.262850E-7
        8190.   8.851280E-7
        8200.   9.937970E-7
        8210.   1.060110E-6
        8220.   1.060470E-6
        8230.   1.003050E-6
        8240.   1.046440E-6
        8250.   1.199520E-6
        8260.   1.472110E-6
        8270.   1.787960E-6
        8280.   2.097150E-6
        8290.   2.270510E-6
        8300.   2.122910E-6
        8310.   1.966340E-6
        8320.   1.682020E-6
        8330.   1.471460E-6
        8340.   1.241470E-6
        8350.   1.061000E-6
        8360.   8.347490E-7
        8370.   6.111990E-7
        8380.   4.392550E-7
        8390.   4.564460E-7
        8400.   2.993300E-7
        8410.   2.814940E-7
        8420.   1.248580E-7
        8430.   1.306140E-7
        8440.   9.754680E-8
        8450.   1.160460E-7
        8460.   6.888900E-8
        8470.   9.608490E-8
        8480.   1.124100E-7
        8490.   7.191540E-8
        8500.   2.801500E-6
        8510.  1.000230E-10
        8520.   4.507810E-6
        8530.   4.330160E-6
        8540.   3.962650E-7
        8550.  1.000230E-10
        8560.  1.000230E-10
        8570.   3.024830E-6
        8580.  1.000230E-10
        8590.   1.668260E-6
        8600.  1.000230E-10
        8610.   5.512910E-6
        8620.   2.125150E-6
        8630.  1.000230E-10
        8640.   2.623860E-6
        8650.  1.000230E-10
        8660.  1.000230E-10
        8670.   3.095940E-6
        8680.   2.413690E-6
        8690.  1.000230E-10
        8700.   2.462290E-6
        8710.   1.029840E-6
        8720.   4.415560E-7
        8730.   2.331360E-6
        8740.   1.276970E-6
        8750.   4.086310E-6
        8760.   3.581230E-6
        8770.   1.629680E-6
        8780.  1.000230E-10
        8790.   3.173570E-7
        8800.   3.446500E-6
        8810.   3.868130E-7
        8820.   1.028120E-6
        8830.   5.585820E-7
        8840.  1.000230E-10
        8850.  1.000230E-10
        8860.   7.157810E-7
        8870.   1.275620E-6
        8880.  1.000230E-10
        8890.   1.258550E-6
        8900.   1.047880E-6
        8910.   2.246820E-6
        8920.  1.000230E-10
        8930.  1.000230E-10
        8940.  1.000230E-10
        8950.  1.000230E-10
        8960.   2.331600E-6
        8970.   3.537320E-7
        8980.  1.000230E-10
        8990.  1.000230E-10
        9000.  1.000230E-10
        9010.   9.259000E-8
        9020.   1.658030E-7
        9030.   9.293880E-7
        9040.   2.182340E-6
        9050.   2.219890E-6
        9060.   2.463340E-6
        9070.   4.452380E-6
        9080.   5.189240E-6
        9090.   7.431310E-6
        9100.   1.005210E-5
        9110.   1.250440E-5
        9120.   1.537730E-5
        9130.   1.762490E-5
        9140.   2.084180E-5
        9150.   2.494490E-5
        9160.   2.980830E-5
        9170.   3.292370E-5
        9180.   3.830490E-5
        9190.   4.244980E-5
        9200.   4.763170E-5
        9210.   5.270040E-5
        9220.   5.858760E-5
        9230.   6.419320E-5
        9240.   7.105010E-5
        9250.   8.135180E-5
        9260.   1.036330E-4
        9468.      0.026079
        9469.      0.036284
        9470.      0.027046
        9471.      0.054512
        9472.      0.022522
        9473.      0.056624
        9474.      0.045453
        9475.      0.066986
        9476.       0.09536
        9477.      0.122532
        9478.      0.152114
        9479.      0.214391
        9480.      0.252565
        9481.      0.317999
        9482.      0.407357
        9483.      0.479096
        9484.      0.570318
        9485.      0.648019
        9486.      0.713372
        9487.       0.75776
        9488.      0.810919
        9489.      0.857284
        9490.      0.863361
        9491.      0.883862
        9492.      0.901476
        9493.      0.898127
        9494.      0.891124
        9495.      0.886799
        9496.      0.900679
        9497.      0.892537
        9498.      0.894615
        9499.      0.889517
        9500.      0.880472
        9501.      0.883512
        9502.      0.877565
        9503.      0.879077
        9504.      0.864941
        9505.      0.860649
        9506.      0.864543
        9507.      0.868396
        9508.      0.872028
        9509.      0.880583
        9510.      0.857322
        9511.       0.87606
        9512.      0.879548
        9513.      0.862287
        9514.      0.877505
        9515.      0.884513
        9516.      0.884527
        9517.      0.873072
        9518.      0.907084
        9519.      0.889321
        9520.      0.878687
        9521.      0.896951
        9522.      0.887138
        9523.      0.880463
        9524.        0.8868
        9525.      0.903002
        9526.      0.883994
        9527.      0.871735
        9528.      0.885739
        9529.      0.882834
        9530.      0.880144
        9531.      0.876202
        9532.      0.883247
        9533.      0.882824
        9534.      0.876437
        9535.      0.883952
        9536.      0.870882
        9537.      0.889791
        9538.      0.870218
        9539.      0.891234
        9540.      0.878705
        9541.      0.871187
        9542.      0.861052
        9543.      0.881813
        9544.      0.867275
        9545.      0.860694
        9546.      0.876714
        9547.      0.876804
        9548.      0.881953
        9549.      0.865444
        9550.      0.888714
        9551.        0.8767
        9552.      0.875246
        9553.      0.876166
        9554.      0.876064
        9555.      0.870285
        9556.      0.857221
        9557.      0.866108
        9558.      0.864233
        9559.      0.843814
        9560.      0.841116
        9561.      0.851134
        9562.      0.842347
        9563.       0.83748
        9564.       0.83438
        9565.      0.841338
        9566.       0.82727
        9567.      0.826292
        9568.      0.823371
        9569.      0.839949
        9570.       0.84568
        9571.      0.839856
        9572.      0.826154
        9573.      0.809989
        9574.      0.754452
        9575.      0.697629
        9576.      0.640226
        9577.      0.565145
        9578.      0.482254
        9579.      0.368985
        9580.      0.298689
        9581.      0.263022
        9582.      0.206187
        9583.        0.1373
        9584.      0.090879
        9585.      0.081119
        9586.      0.054009
        9587.      0.040381
        9588.      0.033295
        9589.       0.02643
        9590.      0.028671
        9591.      0.026063
        9592.       0.03074
        9800.   3.285370E-5
        9810.   2.749780E-5
        9820.   2.374860E-5
        9830.   2.031590E-5
        9840.   1.829190E-5
        9850.   1.568650E-5
        9860.   1.328090E-5
        9870.   1.164160E-5
        9880.   9.181470E-6
        9890.   8.022650E-6
        9900.   6.608130E-6
        9910.   5.456520E-6
        9920.   4.640030E-6
        9930.   3.226500E-6
        9940.   3.303760E-6
        9950.   2.086080E-6
        9960.   2.096530E-6
        9970.   1.020590E-6
        9980.   4.878380E-7
        9990.   3.858610E-7
       10000.   5.482410E-7
       10010.   2.122640E-7
       10020.  1.000230E-10
       10030.   7.311050E-7
       10040.  1.000230E-10
       10050.   1.729990E-7
       10060.   1.412030E-7
       10070.   9.265870E-8
       10080.  1.000230E-10
       10090.   5.312380E-8
       10100.  1.000230E-10
       10110.   2.564360E-7
       10120.  1.000230E-10
       10130.  1.000230E-10
       10140.  1.000230E-10
       10150.  1.000230E-10
       10160.  1.000230E-10
       10170.  1.000230E-10
       10180.  1.000230E-10
       10190.  1.000230E-10
       10200.   1.350350E-7
       10210.  1.000230E-10
       10220.  1.000230E-10
       10230.  1.000230E-10
       10240.  1.000230E-10
       10250.   2.378250E-7
       10260.   1.525720E-8
       10270.   2.768470E-8
       10280.  1.000230E-10
       10290.   3.059480E-9
       10300.  1.000230E-10
       10310.   7.758380E-8
       10320.  1.000230E-10
       10330.   4.078470E-7
       10340.   1.799560E-7
       10350.   1.933310E-8
       10360.   9.672350E-8
       10370.  1.000230E-10
       10380.  1.000230E-10
       10390.  1.000230E-10
       10400.  1.000230E-10
       10410.   5.334680E-7
       10420.   1.152050E-7
       10430.   1.455250E-7
       10440.   5.587960E-9
       10450.  1.000230E-10
       10460.   1.980720E-7
       10470.   7.746100E-8
       10480.  1.000230E-10
       10490.   1.067910E-7
       10500.   2.252530E-7
       10510.   3.465080E-7
       10520.  1.000230E-10
       10530.  1.000230E-10
       10540.   5.191730E-8
       10550.  1.000230E-10
       10560.   2.483110E-8
       10570.   1.133660E-7
       10580.   1.001220E-7
       10590.  1.000230E-10
       10600.   2.595060E-7
       10610.   1.906540E-7
       10620.  1.000230E-10
       10630.   8.178860E-8
       10640.   2.747890E-8
       10650.  1.000230E-10
       10660.  1.000230E-10
       10670.   6.328080E-8
       10680.  1.000230E-10
       10690.  1.000230E-10
       10700.   7.281480E-8
       10710.   3.223410E-7
       10720.  1.000230E-10
       10730.  1.000230E-10
       10740.   9.900680E-8
       10750.   3.190820E-7
       10760.  1.000230E-10
       10770.  1.000230E-10
       10780.  1.000230E-10
       10790.   3.924320E-8
       10800.   4.356530E-8
       10810.  1.000230E-10
       10820.  1.000230E-10
       10830.  1.000230E-10
       10840.  1.000230E-10
       10850.  1.000230E-10
       10860.   3.404950E-9
       10870.   8.741420E-8
       10880.  3.916480E-10
       10890.  1.000230E-10
       10900.  1.000230E-10
       10910.   4.031360E-8
       10920.  1.000230E-10
       10930.  1.000230E-10
       10940.   8.127310E-8
       10950.   7.409720E-8
       10960.  1.000230E-10
       10970.  1.000230E-10
       10980.   6.407140E-8
       10990.  1.000230E-10
       11000.   1.286110E-7
       11001.            0.
       11002.            0.
