        1938.            0.
        1939.            0.
        1940.   7.754160E-7
        1950.   7.775580E-7
        1960.   7.696920E-7
        1970.   6.985060E-7
        1980.   6.464370E-7
        1990.   6.649820E-7
        2000.   6.427300E-7
        2010.   6.473050E-7
        2020.   5.654590E-7
        2030.   5.400440E-7
        2040.   5.225440E-7
        2050.   5.025370E-7
        2060.   4.655890E-7
        2070.   4.567690E-7
        2080.   4.238910E-7
        2090.   4.208140E-7
        2100.   4.080720E-7
        2110.   3.627830E-7
        2120.   3.533320E-7
        2130.   3.353810E-7
        2140.   3.042940E-7
        2150.   3.058200E-7
        2160.   2.789040E-7
        2170.   2.643440E-7
        2180.   2.699750E-7
        2190.   2.580220E-7
        2200.   2.670500E-7
        2210.   2.531750E-7
        2220.   2.479360E-7
        2230.   2.326970E-7
        2240.   2.212630E-7
        2250.   2.178410E-7
        2260.   2.328780E-7
        2270.   2.407330E-7
        2280.   2.229380E-7
        2290.   2.252810E-7
        2300.   2.217950E-7
        2310.   2.302970E-7
        2320.   2.123990E-7
        2330.   2.040110E-7
        2340.   2.525850E-7
        2350.   2.191900E-7
        2360.   2.233230E-7
        2370.   2.329690E-7
        2380.   2.270150E-7
        2390.   2.126170E-7
        2400.   2.083580E-7
        2410.   2.480590E-7
        2420.   2.284700E-7
        2430.   1.998090E-7
        2440.   2.380160E-7
        2450.   2.230190E-7
        2460.   2.667670E-7
        2470.   2.558920E-7
        2480.   2.443260E-7
        2490.   2.569280E-7
        2500.   2.235140E-7
        2510.   2.443880E-7
        2520.   2.419840E-7
        2530.   2.267030E-7
        2540.   2.228360E-7
        2550.   1.986280E-7
        2560.   2.261880E-7
        2570.   2.240640E-7
        2580.   2.252000E-7
        2590.   2.074330E-7
        2600.   2.498820E-7
        2610.   2.523230E-7
        2620.   2.276200E-7
        2630.   2.221600E-7
        2640.   1.965130E-7
        2650.   2.153890E-7
        2660.   2.340260E-7
        2670.   2.226110E-7
        2680.   2.299220E-7
        2690.   2.394790E-7
        2700.   2.065000E-7
        2710.   2.205250E-7
        2720.   2.208970E-7
        2730.   2.020720E-7
        2740.   2.598610E-7
        2750.   2.687260E-7
        2760.   2.378300E-7
        2770.   2.096730E-7
        2780.   2.492170E-7
        2790.   2.272310E-7
        2800.   2.659410E-7
        2810.   2.323240E-7
        2820.   2.803980E-7
        2830.   2.624690E-7
        2840.   2.632520E-7
        2850.   2.570280E-7
        2860.   2.669680E-7
        2870.   2.494860E-7
        2880.   2.425240E-7
        2890.   2.734590E-7
        2900.   2.257640E-7
        2910.   2.525210E-7
        2920.   2.865530E-7
        2930.   2.330590E-7
        2940.   2.082990E-7
        2950.   2.552600E-7
        2960.   2.543550E-7
        2970.   2.223570E-7
        2980.   2.463950E-7
        2990.   2.179900E-7
        3000.   2.605160E-7
        3010.   2.356040E-7
        3020.   2.046890E-7
        3030.   2.538150E-7
        3040.   2.235310E-7
        3050.   2.350620E-7
        3060.   2.326560E-7
        3070.   2.143460E-7
        3080.   2.309590E-7
        3090.   2.172440E-7
        3100.   2.530820E-7
        3110.   2.560220E-7
        3120.   2.750270E-7
        3130.   3.272530E-7
        3140.   3.294090E-7
        3150.   4.170230E-7
        3160.   4.702740E-7
        3170.   5.640870E-7
        3180.   7.227610E-7
        3190.   8.601180E-7
        3200.   9.696450E-7
        3210.   1.177410E-6
        3220.   1.350430E-6
        3230.   1.576930E-6
        3240.   1.810920E-6
        3250.   2.042210E-6
        3260.   2.382590E-6
        3270.   2.604580E-6
        3280.   2.962030E-6
        3290.   3.272590E-6
        3300.   3.673870E-6
        3310.   4.009540E-6
        3320.   4.320630E-6
        3330.   4.741330E-6
        3340.   5.065570E-6
        3350.   5.561910E-6
        3360.   5.957750E-6
        3370.   6.360500E-6
        3380.   6.744090E-6
        3390.   7.335500E-6
        3400.   7.703360E-6
        3410.   8.285510E-6
        3420.   8.710900E-6
        3430.   9.237380E-6
        3440.   9.927480E-6
        3450.   1.067020E-5
        3460.   1.115260E-5
        3470.   1.174780E-5
        3480.   1.259960E-5
        3490.   1.343390E-5
        3500.   1.422750E-5
        3510.   1.484950E-5
        3520.   1.576210E-5
        3530.   1.671380E-5
        3540.   1.781860E-5
        3550.   1.858330E-5
        3560.   1.995690E-5
        3570.   2.083340E-5
        3580.   2.221800E-5
        3590.   2.255370E-5
        3600.   2.403170E-5
        3610.   2.544190E-5
        3620.   2.649230E-5
        3630.   2.766020E-5
        3640.   2.872920E-5
        3650.   3.070990E-5
        3660.   3.224370E-5
        3670.   3.326410E-5
        3680.   3.448560E-5
        3690.   3.655600E-5
        3700.   3.694330E-5
        3710.   3.925380E-5
        3720.   4.025650E-5
        3730.   4.180650E-5
        3740.   4.258960E-5
        3750.   4.415590E-5
        3760.   4.544790E-5
        3770.   4.663980E-5
        3780.   4.736660E-5
        3790.   4.881840E-5
        3800.   4.976490E-5
        3810.   5.098250E-5
        3820.   5.232630E-5
        3830.   5.279310E-5
        3840.   5.341400E-5
        3850.   5.435060E-5
        3860.   5.505270E-5
        3870.   5.594220E-5
        3880.   5.667170E-5
        3890.   5.690270E-5
        3900.   5.741330E-5
        3910.   5.794750E-5
        3920.   5.907310E-5
        3930.   5.908670E-5
        3940.   5.967370E-5
        3950.   5.946360E-5
        3960.   5.997990E-5
        3970.   6.042960E-5
        3980.   6.053800E-5
        3990.   6.146420E-5
        4000.   6.262200E-5
        4010.   6.303530E-5
        4020.   6.342010E-5
        4030.   6.312860E-5
        4040.   6.275670E-5
        4050.   6.311290E-5
        4060.   6.327930E-5
        4070.   6.308610E-5
        4080.   6.358870E-5
        4090.   6.376230E-5
        4100.   6.354660E-5
        4110.   6.372790E-5
        4120.   6.381640E-5
        4130.   6.311620E-5
        4140.   6.298270E-5
        4150.   6.306450E-5
        4160.   6.317730E-5
        4170.   6.329480E-5
        4180.   6.290240E-5
        4190.   6.306800E-5
        4200.   6.299050E-5
        4210.   6.335410E-5
        4220.   6.239450E-5
        4230.   6.191210E-5
        4240.   6.225660E-5
        4250.   6.268660E-5
        4260.   6.165100E-5
        4270.   6.178240E-5
        4280.   6.238440E-5
        4290.   6.463730E-5
        4300.   7.214050E-5
        4310.   9.832600E-5
        4320.   1.717700E-4
        4330.   3.771720E-4
        4350.   6.430000E-4
        4360.      0.001744
        4370.      0.004354
        4380.      0.010075
        4390.      0.021496
        4400.      0.042266
        4410.      0.075011
        4420.      0.121994
        4430.      0.183139
        4440.      0.256252
        4450.      0.332196
        4460.      0.409114
        4470.      0.482379
        4480.       0.54876
        4490.      0.603465
        4500.      0.651033
        4510.      0.692768
        4520.       0.72667
        4530.      0.753413
        4540.       0.77694
        4550.      0.794768
        4560.      0.811039
        4570.      0.824773
        4580.      0.834767
        4590.      0.842309
        4600.      0.848517
        4610.      0.855849
        4620.      0.861159
        4630.      0.866017
        4640.      0.871115
        4650.      0.875195
        4660.       0.87859
        4670.      0.884144
        4680.      0.887081
        4690.      0.889198
        4700.      0.891107
        4710.      0.891422
        4720.      0.894759
        4730.      0.897496
        4740.       0.90066
        4750.      0.902023
        4760.      0.905628
        4770.      0.906863
        4780.      0.908165
        4790.      0.911066
        4800.      0.913549
        4810.      0.916474
        4820.      0.917807
        4830.      0.920389
        4840.       0.92219
        4850.      0.924677
        4860.      0.924885
        4870.       0.92469
        4880.      0.926421
        4890.      0.927612
        4900.      0.928724
        4910.      0.930522
        4920.      0.931605
        4930.      0.931588
        4940.      0.933989
        4950.      0.934516
        4960.      0.935821
        4970.      0.937933
        4980.      0.938415
        4990.      0.940141
        5000.      0.939311
        5010.      0.941215
        5020.      0.943014
        5030.      0.942894
        5040.      0.944092
        5050.      0.944971
        5060.      0.945779
        5070.      0.945945
        5080.       0.94626
        5090.      0.946548
        5100.      0.947123
        5110.       0.94732
        5120.      0.947316
        5130.       0.94987
        5140.       0.95008
        5150.      0.950677
        5160.      0.951949
        5170.      0.950947
        5180.      0.949553
        5190.      0.951147
        5200.      0.950028
        5210.      0.948856
        5220.      0.950979
        5230.      0.950931
        5240.      0.948147
        5250.      0.948361
        5260.      0.946809
        5270.      0.943747
        5280.      0.941805
        5290.      0.940494
        5300.      0.941158
        5310.      0.940134
        5320.      0.938357
        5330.       0.93756
        5340.      0.936016
        5350.      0.934728
        5360.      0.933574
        5370.      0.932345
        5380.      0.928737
        5390.      0.926662
        5400.       0.92273
        5410.      0.918438
        5420.      0.916263
        5430.      0.914911
        5440.      0.912183
        5450.      0.909814
        5460.      0.906969
        5470.      0.903067
        5480.       0.90112
        5490.      0.898552
        5500.      0.893271
        5510.      0.887616
        5520.      0.883563
        5530.      0.880633
        5540.      0.876082
        5550.       0.87211
        5560.      0.867436
        5570.      0.864032
        5580.      0.859356
        5590.      0.854826
        5600.       0.85093
        5610.      0.844471
        5620.      0.838215
        5630.      0.831061
        5640.      0.824236
        5650.      0.820079
        5660.      0.814465
        5670.      0.808572
        5680.      0.801797
        5690.      0.795262
        5700.      0.789352
        5710.      0.781382
        5720.      0.775892
        5730.      0.769249
        5740.      0.761916
        5750.      0.754165
        5760.      0.748365
        5770.      0.740209
        5780.       0.73226
        5790.      0.723294
        5800.      0.716025
        5810.      0.706778
        5820.        0.6983
        5830.      0.691671
        5840.      0.683084
        5850.      0.673701
        5860.      0.666055
        5870.      0.657136
        5880.      0.648147
        5890.      0.639225
        5900.      0.629637
        5910.       0.62027
        5920.        0.6118
        5930.      0.602974
        5940.      0.593721
        5950.      0.584494
        5960.      0.575063
        5970.      0.565881
        5980.      0.556552
        5990.      0.547097
        6000.      0.537038
        6010.      0.527175
        6020.       0.51752
        6030.      0.508599
        6040.      0.498839
        6050.      0.489438
        6060.      0.480169
        6070.        0.4708
        6080.      0.460698
        6090.      0.452197
        6100.       0.44273
        6110.      0.433268
        6120.      0.423741
        6130.      0.414382
        6140.       0.40479
        6150.      0.395645
        6160.      0.387035
        6170.      0.377499
        6180.      0.368851
        6190.      0.359938
        6200.       0.35097
        6210.      0.342572
        6220.        0.3339
        6230.      0.325609
        6240.      0.316803
        6250.      0.308759
        6260.      0.300785
        6270.      0.292551
        6280.      0.284478
        6290.      0.276523
        6300.      0.268839
        6310.      0.261328
        6320.      0.253669
        6330.      0.245968
        6340.      0.238565
        6350.      0.231415
        6360.      0.224007
        6370.      0.217437
        6380.      0.211002
        6390.      0.204205
        6400.      0.197553
        6410.      0.191253
        6420.      0.185064
        6430.      0.178926
        6440.       0.17291
        6450.      0.167008
        6460.      0.161455
        6470.      0.155848
        6480.      0.150327
        6490.       0.14511
        6500.      0.139902
        6510.       0.13488
        6520.      0.129693
        6530.         0.125
        6540.       0.12047
        6550.      0.115907
        6560.      0.111425
        6570.      0.107218
        6580.      0.103077
        6590.      0.099064
        6600.      0.095047
        6610.      0.091443
        6620.      0.087744
        6630.      0.084225
        6640.      0.080721
        6650.      0.077456
        6660.      0.074194
        6670.      0.071012
        6680.      0.068037
        6690.      0.065145
        6700.      0.062366
        6710.      0.059619
        6720.      0.056985
        6730.      0.054463
        6740.      0.052071
        6750.       0.04963
        6760.      0.047396
        6770.      0.045235
        6780.      0.043194
        6790.      0.041189
        6800.      0.039188
        6810.      0.037382
        6820.      0.035584
        6830.      0.033878
        6840.      0.032256
        6850.      0.030696
        6860.      0.029246
        6870.       0.02777
        6880.      0.026396
        6890.      0.025129
        6900.      0.023858
        6910.      0.022661
        6920.      0.021491
        6930.      0.020413
        6940.      0.019363
        6950.      0.018355
        6960.      0.017405
        6970.       0.01651
        6980.      0.015654
        6990.      0.014823
        7000.      0.014034
        7010.        0.0133
        7020.      0.012589
        7030.        0.0119
        7040.      0.011279
        7050.      0.010678
        7060.       0.01009
        7070.      0.009539
        7080.      0.009011
        7090.      0.008539
        7100.       0.00807
        7110.      0.007605
        7120.      0.007188
        7130.      0.006786
        7140.      0.006407
        7150.      0.006046
        7160.      0.005705
        7170.       0.00539
        7180.      0.005082
        7190.      0.004789
        7200.       0.00452
        7210.      0.004267
        7220.      0.004021
        7230.      0.003787
        7240.      0.003574
        7250.      0.003364
        7260.      0.003174
        7270.      0.002986
        7280.      0.002818
        7290.      0.002658
        7300.      0.002498
        7310.      0.002358
        7320.      0.002218
        7330.      0.002095
        7340.      0.001976
        7350.      0.001854
        7360.      0.001748
        7370.       0.00165
        7380.      0.001552
        7390.       0.00146
        7400.      0.001375
        7410.      0.001297
        7420.      0.001222
        7430.      0.001149
        7440.      0.001086
        7450.      0.001023
        7460.   9.630000E-4
        7470.   9.050000E-4
        7480.   8.560000E-4
        7490.   8.050000E-4
        7500.   7.610000E-4
        7510.   7.170000E-4
        7520.   6.770000E-4
        7530.   6.400000E-4
        7540.   6.020000E-4
        7550.   5.680000E-4
        7560.   5.360000E-4
        7570.   5.060000E-4
        7580.   4.780000E-4
        7590.   4.480000E-4
        7600.   4.260000E-4
        7610.   4.000000E-4
        7620.   3.760000E-4
        7630.   3.550000E-4
        7640.   3.340000E-4
        7650.   3.170000E-4
        7660.   2.990000E-4
        7670.   2.850000E-4
        7680.   2.680000E-4
        7690.   2.540000E-4
        7700.   2.380000E-4
        7710.   2.250000E-4
        7720.   2.140000E-4
        7730.   2.010000E-4
        7740.   1.910000E-4
        7750.   1.790000E-4
        7760.   1.690000E-4
        7770.   1.600000E-4
        7780.   1.500000E-4
        7790.   1.440000E-4
        7800.   1.350000E-4
        7810.   1.280000E-4
        7820.   1.240000E-4
        7830.   1.170000E-4
        7840.   1.110000E-4
        7850.   1.060000E-4
        7860.   1.010000E-4
        7870.   9.600000E-5
        7880.   9.100000E-5
        7890.   8.500000E-5
        7900.   8.400000E-5
        7910.   7.900000E-5
        7920.   7.400000E-5
        7930.   7.000000E-5
        7940.   6.700000E-5
        7950.   6.500000E-5
        7960.   6.100000E-5
        7970.   5.800000E-5
        7980.   5.600000E-5
        7990.   5.400000E-5
        8000.   5.000000E-5
        8010.   4.877390E-5
        8020.   4.638180E-5
        8030.   4.432770E-5
        8040.   4.253190E-5
        8050.   4.029300E-5
        8060.   3.868560E-5
        8070.   3.686300E-5
        8080.   3.529640E-5
        8090.   3.391100E-5
        8100.   3.292030E-5
        8110.   3.109020E-5
        8120.   3.001830E-5
        8130.   2.869530E-5
        8140.   2.754690E-5
        8150.   2.635240E-5
        8160.   2.551030E-5
        8170.   2.444180E-5
        8180.   2.340020E-5
        8190.   2.275520E-5
        8200.   2.172830E-5
        8210.   2.110570E-5
        8220.   2.026230E-5
        8230.   1.951270E-5
        8240.   1.869710E-5
        8250.   1.777490E-5
        8260.   1.726370E-5
        8270.   1.692440E-5
        8280.   1.630840E-5
        8290.   1.577300E-5
        8300.   1.523420E-5
        8310.   1.503270E-5
        8320.   1.430960E-5
        8330.   1.409540E-5
        8340.   1.353460E-5
        8350.   1.301070E-5
        8360.   1.281550E-5
        8370.   1.221300E-5
        8380.   1.200670E-5
        8390.   1.157090E-5
        8400.   1.114890E-5
        8410.   1.099600E-5
        8420.   1.064030E-5
        8430.   1.026940E-5
        8440.   1.027580E-5
        8450.   9.909960E-6
        8460.   9.520250E-6
        8470.   9.343290E-6
        8480.   9.160620E-6
        8490.   8.947420E-6
        8500.   2.282210E-6
        8510.   5.479010E-6
        8520.   7.034430E-6
        8530.   9.556240E-6
        8540.   4.196860E-6
        8550.   3.079280E-6
        8560.   5.933590E-6
        8570.   3.899740E-6
        8580.   8.610550E-6
        8590.   7.964930E-6
        8600.  1.000230E-10
        8610.   5.762500E-6
        8620.   5.775450E-6
        8630.   3.573500E-6
        8640.   1.056620E-6
        8650.   3.037190E-6
        8660.   2.695560E-6
        8670.   4.537810E-6
        8680.   5.403590E-6
        8690.   2.075300E-6
        8700.   4.151140E-6
        8710.   2.143810E-6
        8720.   1.353160E-6
        8730.   2.785220E-7
        8740.   1.859690E-6
        8750.   5.578510E-6
        8760.   1.575840E-6
        8770.   2.431070E-6
        8780.   6.695270E-6
        8790.   3.490850E-6
        8800.   1.875600E-6
        8810.   3.020380E-6
        8820.   2.490730E-6
        8830.   5.790760E-6
        8840.   1.353240E-6
        8850.   4.995700E-6
        8860.   4.330520E-6
        8870.   4.711870E-6
        8880.   3.298270E-6
        8890.   4.844890E-6
        8900.   1.516050E-6
        8910.   2.219480E-6
        8920.   1.677660E-6
        8930.   3.211780E-6
        8940.   2.688680E-6
        8950.   4.676400E-6
        8960.   3.850110E-6
        8970.   2.341110E-6
        8980.   3.597280E-6
        8990.   1.810530E-6
        9000.   2.522650E-6
        9010.   3.366060E-6
        9020.   4.111200E-6
        9030.   2.514670E-6
        9040.   4.059650E-6
        9050.   3.817520E-6
        9060.   3.814130E-6
        9070.   3.080130E-6
        9080.   3.136760E-6
        9090.   4.013370E-6
        9100.   2.857960E-6
        9110.   3.374460E-6
        9120.   4.337290E-6
        9130.   3.662760E-6
        9140.   3.890600E-6
        9150.   3.433330E-6
        9160.   3.884830E-6
        9170.   4.444130E-6
        9180.   4.615060E-6
        9190.   3.920290E-6
        9200.   4.408500E-6
        9210.   3.411200E-6
        9220.   4.017130E-6
        9230.   4.232250E-6
        9240.   3.719320E-6
        9250.   3.428140E-6
        9260.   3.560130E-6
        9270.   4.832730E-6
        9280.   3.794970E-6
        9290.   4.593790E-6
        9300.   4.186650E-6
        9310.   4.377630E-6
        9320.   3.925330E-6
        9330.   3.856280E-6
        9340.   4.256360E-6
        9350.   5.687490E-6
        9360.   3.891110E-6
        9370.   4.488530E-6
        9380.   4.488240E-6
        9390.   4.898150E-6
        9400.   5.504480E-6
        9410.   5.215250E-6
        9420.   4.776200E-6
        9430.   4.925620E-6
        9440.   6.148910E-6
        9450.   5.813210E-6
        9460.   5.287300E-6
        9470.   5.390690E-6
        9480.   5.326760E-6
        9490.   6.139990E-6
        9500.   6.090300E-6
        9510.   6.415170E-6
        9520.   5.560770E-6
        9530.   6.358540E-6
        9540.   5.848790E-6
        9550.   6.316780E-6
        9560.   6.104720E-6
        9570.   6.317010E-6
        9580.   6.528850E-6
        9590.   6.786550E-6
        9600.   6.600150E-6
        9610.   6.424140E-6
        9620.   7.061710E-6
        9630.   6.442640E-6
        9640.   7.163130E-6
        9650.   7.100270E-6
        9660.   7.591690E-6
        9670.   7.785010E-6
        9680.   8.005340E-6
        9690.   7.834640E-6
        9700.   8.200490E-6
        9710.   8.810770E-6
        9720.   8.134670E-6
        9730.   8.905020E-6
        9740.   8.943430E-6
        9750.   9.562080E-6
        9760.   8.819480E-6
        9770.   9.443370E-6
        9780.   9.034910E-6
        9790.   9.911450E-6
        9800.   9.992660E-6
        9810.   9.445610E-6
        9820.   1.053070E-5
        9830.   1.084890E-5
        9840.   1.018260E-5
        9850.   1.053610E-5
        9860.   1.133450E-5
        9870.   1.173970E-5
        9880.   1.149470E-5
        9890.   1.161260E-5
        9900.   1.178180E-5
        9910.   1.205780E-5
        9920.   1.313520E-5
        9930.   1.279440E-5
        9940.   1.277780E-5
        9950.   1.315170E-5
        9960.   1.393650E-5
        9970.   1.396610E-5
        9980.   1.403900E-5
        9990.   1.469760E-5
       10000.   1.507320E-5
       10010.   1.532270E-5
       10020.   1.542210E-5
       10030.   1.562340E-5
       10040.   1.566600E-5
       10050.   1.695790E-5
       10060.   1.713260E-5
       10070.   1.736630E-5
       10080.   1.745490E-5
       10090.   1.770400E-5
       10100.   1.808410E-5
       10110.   1.867110E-5
       10120.   1.945470E-5
       10130.   1.957280E-5
       10140.   1.962580E-5
       10150.   2.059420E-5
       10160.   2.047470E-5
       10170.   2.120800E-5
       10180.   2.153660E-5
       10190.   2.217400E-5
       10200.   2.266530E-5
       10210.   2.317990E-5
       10220.   2.398440E-5
       10230.   2.400490E-5
       10240.   2.496390E-5
       10250.   2.549110E-5
       10260.   2.575400E-5
       10270.   2.615390E-5
       10280.   2.717320E-5
       10290.   2.761350E-5
       10300.   2.813940E-5
       10310.   2.882830E-5
       10320.   2.912510E-5
       10330.   3.004430E-5
       10340.   3.030280E-5
       10350.   3.164460E-5
       10360.   3.199990E-5
       10370.   3.300190E-5
       10380.   3.368770E-5
       10390.   3.431860E-5
       10400.   3.467530E-5
       10410.   3.542120E-5
       10420.   3.631630E-5
       10430.   3.688130E-5
       10440.   3.764460E-5
       10450.   3.888210E-5
       10460.   3.972360E-5
       10470.   4.055250E-5
       10480.   4.166860E-5
       10490.   4.236310E-5
       10500.   4.345210E-5
       10510.   4.391570E-5
       10520.   4.517310E-5
       10530.   4.587080E-5
       10540.   4.748000E-5
       10550.   4.814170E-5
       10560.   4.906400E-5
       10570.   4.971390E-5
       10580.   5.190930E-5
       10590.   5.247740E-5
       10600.   5.326500E-5
       10610.   5.463600E-5
       10620.   5.567000E-5
       10630.   5.694220E-5
       10640.   5.820400E-5
       10650.   5.923490E-5
       10660.   6.073440E-5
       10670.   6.209850E-5
       10680.   6.342490E-5
       10690.   6.451370E-5
       10700.   6.608150E-5
       10710.   6.735750E-5
       10720.   6.874990E-5
       10730.   7.048930E-5
       10740.   7.205780E-5
       10750.   7.368500E-5
       10760.   7.484510E-5
       10770.   7.615080E-5
       10780.   7.835860E-5
       10790.   7.969540E-5
       10800.   8.124860E-5
       10810.   8.278810E-5
       10820.   8.470750E-5
       10830.   8.614400E-5
       10840.   8.864270E-5
       10850.   9.021310E-5
       10860.   9.174940E-5
       10870.   9.317270E-5
       10880.   9.601610E-5
       10890.   9.794760E-5
       10900.   9.910740E-5
       10910.   1.018980E-4
       10920.   1.034280E-4
       10930.   1.056400E-4
       10940.   1.078410E-4
       10950.   1.100610E-4
       10960.   1.125230E-4
       10970.   1.151390E-4
       10980.   1.173250E-4
       10990.   1.191630E-4
       11000.   1.220250E-4
       11001.            0.
       11002.            0.
