        1938.            0.
        1939.            0.
        1940.   8.781380E-8
        1950.   9.968210E-8
        1960.   1.388550E-7
        1970.   9.568240E-8
        1980.   1.210770E-7
        1990.   7.282610E-8
        2000.   1.116480E-7
        2010.   9.763940E-8
        2020.   1.002070E-7
        2030.   5.810740E-8
        2040.   7.440550E-8
        2050.   6.914280E-8
        2060.   9.295200E-8
        2070.   4.429140E-8
        2080.   5.896230E-8
        2090.   7.738720E-8
        2100.   4.287270E-8
        2110.   5.081430E-8
        2120.   3.185720E-8
        2130.   7.645680E-8
        2140.   5.137020E-8
        2150.   6.709020E-8
        2160.   3.709300E-8
        2170.   4.115450E-8
        2180.   4.172320E-8
        2190.   5.175880E-8
        2200.   2.554550E-8
        2210.   4.712200E-8
        2220.   3.695900E-8
        2230.   3.170030E-8
        2240.   3.010470E-8
        2250.   5.765500E-8
        2260.   6.198530E-8
        2270.   5.908540E-8
        2280.   2.105320E-8
        2290.   4.483110E-8
        2300.   2.330510E-8
        2310.   2.172360E-8
        2320.   4.521860E-8
        2330.   6.321150E-8
        2340.   6.217280E-8
        2350.   4.913220E-8
        2360.   5.600920E-8
        2370.   4.433150E-8
        2380.   4.718790E-8
        2390.   5.007320E-8
        2400.   3.576180E-8
        2410.   5.984370E-8
        2420.   3.228920E-8
        2430.   2.172290E-8
        2440.   4.798650E-8
        2450.   4.218600E-8
        2460.   4.347450E-8
        2470.   1.740480E-8
        2480.   2.746500E-8
        2490.   4.287040E-8
        2500.   2.462360E-8
        2510.   4.070260E-8
        2520.   4.069980E-8
        2530.   4.092720E-8
        2540.   4.307690E-8
        2550.   2.005100E-8
        2560.   2.667940E-8
        2570.   4.037270E-8
        2580.   3.748640E-8
        2590.   3.902320E-8
        2600.   3.434730E-8
        2610.   4.821010E-8
        2620.   2.856760E-8
        2630.   1.411580E-8
        2640.   3.607290E-8
        2650.   2.725680E-8
        2660.   1.428370E-8
        2670.   2.936390E-8
        2680.   2.497420E-8
        2690.   2.696720E-8
        2700.   3.424250E-8
        2710.  1.000230E-10
        2720.   2.677700E-8
        2730.   2.253390E-8
        2740.   4.938950E-8
        2750.   1.354090E-8
        2760.   1.641330E-8
        2770.   3.019860E-8
        2780.   3.515210E-8
        2790.  1.000230E-10
        2800.   3.097120E-8
        2810.   4.103030E-8
        2820.   5.109120E-8
        2830.   3.886000E-8
        2840.   8.406140E-8
        2850.   4.295230E-8
        2860.   3.531820E-8
        2870.   2.289330E-8
        2880.   1.658570E-8
        2890.   3.160840E-8
        2900.   5.249210E-8
        2910.   4.801480E-8
        2920.   3.533020E-8
        2930.   7.283530E-8
        2940.   5.506430E-8
        2950.   5.393810E-8
        2960.   6.631180E-8
        2970.   3.443130E-8
        2980.   7.712300E-8
        2990.   3.800960E-8
        3000.   6.475660E-8
        3010.   5.792560E-8
        3020.   1.089710E-7
        3030.   1.007800E-7
        3040.   1.194160E-7
        3050.   7.199150E-8
        3060.   4.325500E-8
        3070.   8.000660E-8
        3080.   1.064260E-7
        3090.   7.907590E-8
        3100.   9.264880E-8
        3110.   1.154700E-7
        3120.   1.523560E-7
        3130.   1.072500E-7
        3140.   1.302790E-7
        3150.   7.616060E-8
        3160.   6.048320E-8
        3170.   1.213940E-7
        3180.   1.007250E-7
        3190.   1.044680E-7
        3200.   1.373230E-7
        3210.   1.211230E-7
        3220.   1.292260E-7
        3230.   1.050480E-7
        3240.   1.027760E-7
        3250.   1.322580E-7
        3260.   1.433600E-7
        3270.   1.250470E-7
        3280.   1.264930E-7
        3290.   1.288990E-7
        3300.   1.301710E-7
        3310.   4.012270E-8
        3320.   1.092850E-7
        3330.   1.375030E-7
        3340.   5.445440E-8
        3350.   8.515220E-8
        3360.   9.087030E-8
        3370.   9.041950E-8
        3380.   4.054380E-9
        3390.   1.369830E-7
        3400.   9.479180E-8
        3410.  1.000230E-10
        3420.   1.074300E-7
        3430.   7.632200E-8
        3440.   1.115510E-7
        3450.   5.661510E-8
        3460.   2.755150E-8
        3470.   6.327820E-8
        3480.   1.378280E-7
        3490.   9.431020E-8
        3500.   1.401080E-7
        3510.   8.955670E-8
        3520.   1.225410E-7
        3530.   6.176480E-8
        3540.   1.258930E-7
        3550.   1.518560E-7
        3560.   1.716800E-7
        3570.   1.243580E-7
        3580.   1.615990E-7
        3590.   1.759170E-7
        3600.   2.972100E-7
        3610.   3.130950E-7
       3700.8   1.110000E-4
        3701.   1.370000E-4
       3701.2   1.980000E-4
       3701.4   1.730000E-4
       3701.6   1.380000E-4
       3701.8   1.910000E-4
        3702.   1.670000E-4
       3702.2   1.890000E-4
       3702.4   1.050000E-4
       3702.6   1.930000E-4
       3702.8   2.580000E-4
        3703.   1.620000E-4
       3703.2   1.440000E-4
       3703.4   2.050000E-4
       3703.6   1.440000E-4
       3703.8   1.980000E-4
        3704.   3.570000E-4
       3704.2   2.200000E-4
       3704.4   2.900000E-4
       3704.6   3.040000E-4
       3704.8   1.640000E-4
        3705.   3.100000E-4
       3705.2   4.330000E-4
       3705.4   2.780000E-4
       3705.6   2.570000E-4
       3705.8   3.570000E-4
        3706.   2.370000E-4
       3706.2   3.530000E-4
       3706.4   4.320000E-4
       3706.6   3.470000E-4
       3706.8   3.300000E-4
        3707.   4.650000E-4
       3707.2   4.380000E-4
       3707.4   3.610000E-4
       3707.6   4.230000E-4
       3707.8   5.190000E-4
        3708.   3.780000E-4
       3708.2   4.070000E-4
       3708.4   3.250000E-4
       3708.6   4.830000E-4
       3708.8   4.440000E-4
        3709.   4.930000E-4
       3709.2   4.710000E-4
       3709.4   5.560000E-4
       3709.6   5.710000E-4
       3709.8   5.250000E-4
        3710.   6.190000E-4
       3710.2   6.070000E-4
       3710.4   7.470000E-4
       3710.6   6.500000E-4
       3710.8   6.370000E-4
        3711.   6.630000E-4
       3711.2   7.020000E-4
       3711.4   7.150000E-4
       3711.6   8.720000E-4
       3711.8   8.290000E-4
        3712.   9.650000E-4
       3712.2   8.850000E-4
       3712.4   9.070000E-4
       3712.6      0.001063
       3712.8      0.001014
        3713.      0.001192
       3713.2      0.001145
       3713.4      0.001161
       3713.6      0.001309
       3713.8      0.001202
        3714.       0.00125
       3714.2      0.001381
       3714.4      0.001481
       3714.6      0.001536
       3714.8      0.001437
        3715.      0.001657
       3715.2      0.001722
       3715.4      0.001701
       3715.6      0.001775
       3715.8      0.001839
        3716.       0.00186
       3716.2      0.001999
       3716.4      0.002013
       3716.6      0.002176
       3716.8      0.002164
        3717.      0.002549
       3717.2      0.002444
       3717.4      0.002337
       3717.6      0.002697
       3717.8      0.002712
        3718.      0.002766
       3718.2      0.002935
       3718.4      0.003094
       3718.6      0.003006
       3718.8      0.003233
        3719.      0.003674
       3719.2      0.003683
       3719.4      0.003681
       3719.6      0.003829
       3719.8      0.003958
        3720.      0.004143
       3720.2      0.004305
       3720.4      0.004444
       3720.6      0.004605
       3720.8      0.004925
        3721.      0.005117
       3721.2      0.005149
       3721.4      0.005332
       3721.6      0.005707
       3721.8      0.005908
        3722.      0.006266
       3722.2      0.006507
       3722.4      0.006858
       3722.6      0.006941
       3722.8      0.007586
        3723.      0.007611
       3723.2      0.008234
       3723.4      0.008546
       3723.6      0.009026
       3723.8      0.009045
        3724.      0.009584
       3724.2      0.010173
       3724.4      0.010716
       3724.6       0.01099
       3724.8       0.01163
        3725.      0.012201
       3725.2      0.012753
       3725.4      0.013537
       3725.6      0.014282
       3725.8      0.014448
        3726.      0.015445
       3726.2       0.01574
       3726.4      0.016866
       3726.6      0.017679
       3726.8      0.018322
        3727.      0.019245
       3727.2      0.020051
       3727.4      0.021656
       3727.6      0.022374
       3727.8      0.023588
        3728.      0.025318
       3728.2      0.026177
       3728.4      0.027307
       3728.6      0.029142
       3728.8      0.030929
        3729.      0.031887
       3729.2       0.03378
       3729.4      0.035221
       3729.6       0.03748
       3729.8       0.03996
        3730.      0.041671
       3730.2      0.044152
       3730.4      0.045738
       3730.6      0.048203
       3730.8       0.05152
        3731.      0.054149
       3731.2      0.057619
       3731.4      0.060381
       3731.6      0.064028
       3731.8      0.067653
        3732.      0.072302
       3732.2      0.075843
       3732.4      0.080033
       3732.6      0.082745
       3732.8      0.088129
        3733.      0.094088
       3733.2       0.09884
       3733.4      0.104238
       3733.6       0.10973
       3733.8      0.116032
        3734.      0.123085
       3734.2      0.131788
       3734.4      0.138652
       3734.6      0.144575
       3734.8      0.151359
        3735.      0.161024
       3735.2      0.171674
       3735.4      0.180509
       3735.6      0.191332
       3735.8      0.199555
        3736.      0.211791
       3736.2      0.225829
       3736.4      0.238509
       3736.6       0.24957
       3736.8      0.258441
        3737.      0.273621
       3737.2      0.286542
       3737.4      0.304786
       3737.6      0.318868
       3737.8         0.331
        3738.      0.347293
       3738.2      0.366991
       3738.4      0.384946
       3738.6      0.400493
       3738.8       0.41572
        3739.      0.430671
       3739.2      0.447269
       3739.4      0.466586
       3739.6      0.486983
       3739.8      0.501776
        3740.      0.522254
       3740.2      0.537366
       3740.4      0.553655
       3740.6      0.577523
       3740.8      0.595188
        3741.      0.604939
       3741.2      0.618212
       3741.4       0.63316
       3741.6      0.649633
       3741.8      0.668373
        3742.      0.678611
       3742.2      0.685909
       3742.4      0.700585
       3742.6       0.71574
       3742.8       0.72729
        3743.      0.733816
       3743.2      0.741505
       3743.4      0.746936
       3743.6      0.756153
       3743.8      0.761095
        3744.      0.769765
       3744.2      0.774306
       3744.4      0.781161
       3744.6      0.786155
       3744.8      0.791235
        3745.      0.794113
       3745.2      0.797465
       3745.4      0.797299
       3745.6      0.801252
       3745.8      0.804641
        3746.      0.805263
       3746.2       0.80583
       3746.4      0.806533
       3746.6      0.807448
       3746.8      0.809448
        3747.      0.804839
       3747.2      0.810077
       3747.4      0.810707
       3747.6      0.807458
       3747.8      0.806829
        3748.      0.801837
       3748.2        0.8057
       3748.4      0.807285
       3748.6      0.806428
       3748.8      0.804963
        3749.      0.803595
       3749.2      0.804129
       3749.4      0.803845
       3749.6      0.800933
       3749.8      0.804226
        3750.       0.79918
       3750.2      0.797132
       3750.4      0.798455
       3750.6      0.801717
       3750.8       0.79985
        3751.       0.79967
       3751.2       0.79936
       3751.4      0.797714
       3751.6      0.800004
       3751.8      0.797918
        3752.      0.797426
       3752.2      0.798022
       3752.4      0.797336
       3752.6      0.798063
       3752.8      0.799135
        3753.      0.798253
       3753.2      0.797612
       3753.4      0.797028
       3753.6      0.802007
       3753.8      0.800863
        3754.      0.803135
       3754.2      0.802578
       3754.4      0.802592
       3754.6      0.801058
       3754.8      0.804446
        3755.      0.803246
       3755.2       0.80248
       3755.4      0.807011
       3755.6      0.805847
       3755.8      0.807555
        3756.      0.807349
       3756.2      0.806912
       3756.4      0.810134
       3756.6      0.811868
       3756.8      0.811708
        3757.      0.809886
       3757.2      0.812158
       3757.4      0.810654
       3757.6      0.810353
       3757.8      0.815599
        3758.      0.814741
       3758.2      0.814781
       3758.4      0.817015
       3758.6      0.815749
       3758.8      0.819358
        3759.      0.820297
       3759.2      0.818764
       3759.4      0.819843
       3759.6      0.819453
       3759.8      0.820097
        3760.      0.820828
       3760.2      0.823987
       3760.4      0.823465
       3760.6      0.821733
       3760.8      0.823155
        3761.      0.825096
       3761.2      0.829451
       3761.4      0.826517
       3761.6      0.827205
       3761.8      0.824481
        3762.      0.824357
       3762.2      0.826499
       3762.4      0.825832
       3762.6      0.826748
       3762.8      0.827835
        3763.      0.830519
       3763.2      0.828438
       3763.4      0.828372
       3763.6      0.829262
       3763.8      0.827519
        3764.      0.828299
       3764.2      0.826695
       3764.4      0.824322
       3764.6      0.826318
       3764.8      0.824236
        3765.      0.827077
       3765.2       0.82942
       3765.4        0.8258
       3765.6      0.826312
       3765.8      0.825744
        3766.      0.824744
       3766.2      0.825112
       3766.4      0.826949
       3766.6      0.824151
       3766.8      0.823437
        3767.      0.822397
       3767.2      0.825058
       3767.4      0.825444
       3767.6      0.822794
       3767.8      0.824114
        3768.      0.822644
       3768.2      0.819995
       3768.4      0.819229
       3768.6      0.822255
       3768.8      0.821132
        3769.      0.819506
       3769.2      0.820346
       3769.4      0.815964
       3769.6      0.814294
       3769.8      0.816016
        3770.       0.81443
       3770.2      0.815556
       3770.4      0.814193
       3770.6      0.814983
       3770.8      0.813812
        3771.      0.809369
       3771.2      0.811735
       3771.4      0.810398
       3771.6       0.81268
       3771.8      0.812114
        3772.      0.806463
       3772.2      0.809187
       3772.4      0.807467
       3772.6      0.806891
       3772.8      0.803388
        3773.       0.80379
       3773.2      0.804904
       3773.4      0.803186
       3773.6      0.800679
       3773.8      0.802517
        3774.      0.801548
       3774.2      0.802331
       3774.4      0.796826
       3774.6      0.796925
       3774.8      0.798452
        3775.      0.797532
       3775.2      0.797173
       3775.4      0.794999
       3775.6      0.793635
       3775.8       0.79546
        3776.      0.793057
       3776.2      0.790787
       3776.4      0.790779
       3776.6      0.795032
       3776.8       0.79416
        3777.      0.792304
       3777.2      0.786937
       3777.4      0.786737
       3777.6      0.791033
       3777.8      0.786891
        3778.      0.787821
       3778.2      0.784561
       3778.4      0.786212
       3778.6      0.786171
       3778.8      0.781296
        3779.      0.784769
       3779.2      0.784795
       3779.4      0.784283
       3779.6      0.781824
       3779.8      0.780805
        3780.      0.786497
       3780.2      0.784274
       3780.4      0.781164
       3780.6      0.780441
       3780.8      0.777771
        3781.      0.779196
       3781.2      0.778793
       3781.4      0.779328
       3781.6       0.77729
       3781.8      0.776015
        3782.      0.775464
       3782.2      0.775995
       3782.4      0.776348
       3782.6      0.775118
       3782.8      0.773266
        3783.      0.775623
       3783.2      0.772718
       3783.4      0.771904
       3783.6      0.775362
       3783.8      0.772881
        3784.      0.772706
       3784.2      0.767933
       3784.4      0.770173
       3784.6      0.765471
       3784.8      0.770129
        3785.      0.766998
       3785.2      0.770309
       3785.4      0.768113
       3785.6      0.765576
       3785.8      0.768338
        3786.      0.764433
       3786.2       0.76228
       3786.4      0.764446
       3786.6      0.763861
       3786.8      0.764855
        3787.        0.7619
       3787.2      0.765423
       3787.4      0.763757
       3787.6      0.761691
       3787.8      0.762336
        3788.       0.76144
       3788.2      0.762458
       3788.4      0.761109
       3788.6       0.76368
       3788.8      0.757577
        3789.      0.757893
       3789.2      0.759544
       3789.4      0.759723
       3789.6      0.757988
       3789.8      0.758704
        3790.      0.757129
       3790.2      0.756209
       3790.4      0.754236
       3790.6      0.759737
       3790.8      0.757622
        3791.      0.754499
       3791.2      0.755453
       3791.4      0.754978
       3791.6      0.755512
       3791.8      0.756513
        3792.      0.753854
       3792.2       0.75552
       3792.4      0.756091
       3792.6      0.754143
       3792.8      0.750976
        3793.      0.754618
       3793.2      0.750498
       3793.4      0.753298
       3793.6      0.750059
       3793.8      0.753192
        3794.      0.754295
       3794.2      0.750185
       3794.4      0.749775
       3794.6      0.751969
       3794.8      0.749274
        3795.      0.749404
       3795.2       0.74743
       3795.4      0.749294
       3795.6       0.75129
       3795.8      0.749666
        3796.      0.749579
       3796.2      0.747893
       3796.4      0.748059
       3796.6      0.749945
       3796.8      0.749616
        3797.      0.746353
       3797.2      0.749385
       3797.4      0.747766
       3797.6       0.74966
       3797.8      0.748443
        3798.       0.74554
       3798.2      0.752286
       3798.4      0.751111
       3798.6      0.750182
       3798.8      0.748485
        3799.       0.75196
       3799.2      0.748581
       3799.4      0.748407
       3799.6      0.748682
       3799.8      0.749004
        3800.      0.749965
       3800.2      0.746731
       3800.4      0.748751
       3800.6       0.74698
       3800.8      0.749208
        3801.      0.750303
       3801.2      0.749418
       3801.4      0.750375
       3801.6      0.749449
       3801.8      0.750281
        3802.      0.750058
       3802.2      0.751889
       3802.4      0.750686
       3802.6      0.749367
       3802.8      0.752163
        3803.      0.753995
       3803.2      0.752302
       3803.4      0.753728
       3803.6       0.75216
       3803.8      0.753419
        3804.      0.753178
       3804.2      0.751718
       3804.4      0.754562
       3804.6      0.753386
       3804.8      0.754335
        3805.      0.758106
       3805.2      0.751781
       3805.4      0.756115
       3805.6      0.755463
       3805.8      0.758642
        3806.      0.758261
       3806.2      0.756625
       3806.4       0.76119
       3806.6          0.76
       3806.8      0.763179
        3807.       0.76064
       3807.2      0.761092
       3807.4      0.761703
       3807.6      0.762095
       3807.8      0.765628
        3808.      0.764868
       3808.2       0.76554
       3808.4      0.764598
       3808.6      0.764423
       3808.8      0.767512
        3809.      0.765962
       3809.2      0.764418
       3809.4      0.770366
       3809.6      0.766832
       3809.8      0.774691
        3810.      0.772329
       3810.2      0.773623
       3810.4      0.770954
       3810.6      0.775852
       3810.8      0.768498
        3811.      0.773346
       3811.2      0.775386
       3811.4      0.776085
       3811.6      0.777323
       3811.8      0.781405
        3812.      0.781364
       3812.2      0.780661
       3812.4       0.77853
       3812.6       0.78481
       3812.8      0.782361
        3813.      0.783542
       3813.2      0.784553
       3813.4      0.785388
       3813.6      0.785325
       3813.8       0.78934
        3814.      0.785723
       3814.2      0.787902
       3814.4      0.790008
       3814.6      0.791968
       3814.8      0.793658
        3815.      0.791904
       3815.2      0.793401
       3815.4       0.79849
       3815.6      0.795219
       3815.8      0.796412
        3816.       0.79611
       3816.2      0.801403
       3816.4      0.801579
       3816.6      0.799578
       3816.8      0.802189
        3817.      0.803909
       3817.2      0.804096
       3817.4      0.807836
       3817.6      0.807221
       3817.8      0.809041
        3818.      0.808543
       3818.2      0.810894
       3818.4      0.811492
       3818.6      0.812017
       3818.8      0.811307
        3819.      0.812623
       3819.2      0.817906
       3819.4      0.817471
       3819.6      0.819148
       3819.8      0.816972
        3820.      0.817384
       3820.2      0.819251
       3820.4      0.818439
       3820.6      0.818434
       3820.8      0.822897
        3821.       0.82315
       3821.2      0.822766
       3821.4      0.824689
       3821.6      0.825259
       3821.8      0.823186
        3822.      0.827189
       3822.2      0.829708
       3822.4      0.830347
       3822.6      0.827567
       3822.8      0.827122
        3823.      0.827403
       3823.2      0.832341
       3823.4      0.833495
       3823.6      0.830656
       3823.8      0.828938
        3824.      0.831056
       3824.2      0.831236
       3824.4      0.834697
       3824.6      0.826405
       3824.8      0.829737
        3825.      0.827776
       3825.2      0.831457
       3825.4      0.832094
       3825.6      0.832344
       3825.8      0.829093
        3826.      0.828897
       3826.2      0.826621
       3826.4      0.828757
       3826.6      0.826931
       3826.8      0.827879
        3827.      0.827444
       3827.2      0.822706
       3827.4      0.820482
       3827.6      0.820042
       3827.8      0.823761
        3828.      0.820639
       3828.2      0.815683
       3828.4      0.819196
       3828.6      0.814613
       3828.8      0.814541
        3829.       0.81147
       3829.2      0.807048
       3829.4      0.806113
       3829.6      0.804983
       3829.8      0.803656
        3830.      0.801991
       3830.2      0.793834
       3830.4      0.790624
       3830.6      0.789318
       3830.8      0.784868
        3831.      0.784963
       3831.2      0.775137
       3831.4      0.771297
       3831.6      0.773926
       3831.8      0.767279
        3832.      0.761816
       3832.2      0.756845
       3832.4       0.75332
       3832.6      0.749707
       3832.8       0.74414
        3833.      0.741166
       3833.2      0.733404
       3833.4      0.729483
       3833.6      0.725361
       3833.8      0.717545
        3834.      0.715471
       3834.2      0.707406
       3834.4      0.700257
       3834.6      0.697338
       3834.8      0.692237
        3835.      0.683905
       3835.2      0.679716
       3835.4      0.671836
       3835.6      0.665895
       3835.8      0.659343
        3836.      0.649411
       3836.2      0.644042
       3836.4      0.640177
       3836.6      0.631793
       3836.8      0.623823
        3837.      0.615671
       3837.2      0.606682
       3837.4      0.601239
       3837.6      0.592484
       3837.8      0.584329
        3838.      0.575405
       3838.2      0.573524
       3838.4      0.561936
       3838.6      0.556522
       3838.8      0.547308
        3839.      0.538624
       3839.2      0.532091
       3839.4      0.522527
       3839.6       0.51523
       3839.8      0.506849
        3840.       0.49724
       3840.2      0.487589
       3840.4      0.484084
       3840.6      0.476399
       3840.8      0.467296
        3841.      0.458142
       3841.2      0.449478
       3841.4      0.439578
       3841.6      0.432993
       3841.8      0.425825
        3842.      0.417248
       3842.2       0.41001
       3842.4      0.400407
       3842.6      0.395584
       3842.8       0.38978
        3843.      0.382369
       3843.2      0.374481
       3843.4      0.363906
       3843.6      0.359155
       3843.8      0.350384
        3844.      0.346947
       3844.2       0.33661
       3844.4      0.328667
       3844.6      0.323577
       3844.8      0.316439
        3845.      0.309602
       3845.2      0.302521
       3845.4      0.294383
       3845.6      0.288448
       3845.8      0.284173
        3846.      0.278574
       3846.2      0.269276
       3846.4      0.261837
       3846.6      0.256966
       3846.8      0.251689
        3847.      0.246581
       3847.2      0.241053
       3847.4      0.235081
       3847.6      0.228259
       3847.8      0.222708
        3848.      0.217784
       3848.2      0.213141
       3848.4      0.207199
       3848.6      0.202017
       3848.8       0.19598
        3849.      0.191934
       3849.2       0.18759
       3849.4      0.182592
       3849.6      0.178589
       3849.8      0.172346
        3850.      0.169294
       3850.2       0.16518
       3850.4      0.161786
       3850.6      0.156324
       3850.8      0.152284
        3851.      0.148686
       3851.2      0.146027
       3851.4      0.142222
       3851.6      0.138271
       3851.8      0.134198
        3852.      0.129666
       3852.2      0.127622
       3852.4      0.123686
       3852.6       0.12033
       3852.8      0.116154
        3853.      0.112354
       3853.2      0.109874
       3853.4      0.107128
       3853.6       0.10427
       3853.8       0.10059
        3854.      0.098383
       3854.2      0.095883
       3854.4      0.092448
       3854.6      0.089813
       3854.8      0.088039
        3855.      0.084168
       3855.2      0.080811
       3855.4      0.079595
       3855.6      0.078051
       3855.8      0.076496
        3856.      0.074448
       3856.2      0.071608
       3856.4      0.069297
       3856.6      0.067902
       3856.8      0.066071
        3857.      0.064212
       3857.2      0.061491
       3857.4      0.059514
       3857.6      0.058746
       3857.8       0.05722
        3858.      0.055775
       3858.2      0.053972
       3858.4      0.051258
       3858.6      0.049765
       3858.8      0.048865
        3859.      0.047786
       3859.2      0.046048
       3859.4      0.043894
       3859.6      0.042756
       3859.8      0.041791
        3860.      0.040375
       3860.2      0.039691
       3860.4      0.038512
       3860.6      0.037347
       3860.8      0.036197
        3861.      0.035246
       3861.2      0.034122
       3861.4      0.033178
       3861.6      0.031792
       3861.8       0.03104
        3862.      0.030072
       3862.2      0.029048
       3862.4      0.028583
       3862.6      0.027288
       3862.8      0.026203
        3863.      0.026008
       3863.2      0.025088
       3863.4      0.024472
       3863.6      0.023369
       3863.8      0.022711
        3864.      0.022169
       3864.2      0.021597
       3864.4      0.021513
       3864.6      0.020513
       3864.8      0.019779
        3865.      0.019123
       3865.2      0.018617
       3865.4       0.01805
       3865.6      0.017941
       3865.8      0.017162
        3866.      0.016336
       3866.2      0.016411
       3866.4      0.015312
       3866.6      0.014995
       3866.8      0.014491
        3867.      0.014114
       3867.2      0.013587
       3867.4      0.013344
       3867.6      0.012804
       3867.8      0.012653
        3868.       0.01222
       3868.2      0.011765
       3868.4      0.011336
       3868.6      0.011262
       3868.8      0.010867
        3869.      0.010283
       3869.2      0.010359
       3869.4      0.010199
       3869.6      0.009529
       3869.8      0.009487
        3870.       0.00917
       3870.2      0.008809
       3870.4      0.008686
       3870.6      0.008223
       3870.8      0.008152
        3871.      0.007859
       3871.2      0.007766
       3871.4      0.007362
       3871.6      0.006983
       3871.8      0.006982
        3872.      0.006755
       3872.2      0.006669
       3872.4      0.006311
       3872.6      0.006035
       3872.8      0.005986
        3873.      0.005936
       3873.2      0.005862
       3873.4      0.005613
       3873.6       0.00517
       3873.8      0.005245
        3874.      0.005013
       3874.2      0.004985
       3874.4      0.004646
       3874.6      0.004582
       3874.8      0.004427
        3875.      0.004227
       3875.2      0.004161
       3875.4      0.004003
       3875.6      0.003902
       3875.8      0.003729
        3876.      0.003663
       3876.2      0.003705
       3876.4      0.003524
       3876.6      0.003619
       3876.8      0.003508
        3877.       0.00333
       3877.2      0.003167
       3877.4      0.003032
       3877.6      0.003026
       3877.8      0.002885
        3878.      0.002678
       3878.2      0.002799
       3878.4      0.002609
       3878.6      0.002701
       3878.8      0.002438
        3879.       0.00255
       3879.2      0.002333
       3879.4      0.002442
       3879.6      0.002285
       3879.8      0.002177
        3880.      0.002026
       3880.2      0.002178
       3880.4      0.001968
       3880.6      0.002034
       3880.8      0.001925
        3881.      0.001863
       3881.2      0.001834
       3881.4      0.001854
       3881.6      0.001596
       3881.8      0.001682
        3882.      0.001552
       3882.2      0.001577
       3882.4       0.00151
       3882.6      0.001469
       3882.8      0.001411
        3883.      0.001395
       3883.2      0.001408
       3883.4      0.001353
       3883.6      0.001316
       3883.8      0.001229
        3884.      0.001278
       3884.2      0.001384
       3884.4      0.001144
       3884.6      0.001113
       3884.8      0.001129
        3885.   9.900000E-4
       3885.2       0.00103
       3885.4       0.00101
       3885.6   9.900000E-4
       3885.8   8.660000E-4
        3886.   9.400000E-4
       3886.2   9.890000E-4
       3886.4      0.001029
       3886.6   8.880000E-4
       3886.8   8.040000E-4
        3887.   9.040000E-4
       3887.2   7.610000E-4
       3887.4   8.080000E-4
       3887.6   6.280000E-4
       3887.8   7.800000E-4
        3888.   7.320000E-4
       3888.2   7.080000E-4
       3888.4   7.580000E-4
       3888.6   7.020000E-4
       3888.8   7.980000E-4
        3889.   6.890000E-4
       3889.2   9.080000E-4
       3889.4   6.680000E-4
       3889.6   6.290000E-4
       3889.8   5.360000E-4
        3890.   5.570000E-4
       3890.2   6.810000E-4
       3890.4   5.840000E-4
       3890.6   6.530000E-4
       3890.8   5.920000E-4
        3891.   5.930000E-4
       3891.2   5.980000E-4
       3891.4   6.460000E-4
       3891.6   4.060000E-4
       3891.8   4.920000E-4
        3892.   5.840000E-4
       3892.2   5.470000E-4
       3892.4   5.510000E-4
       3892.6   5.420000E-4
       3892.8   5.090000E-4
        3893.   3.690000E-4
       3893.2   4.430000E-4
       3893.4   4.380000E-4
       3893.6   4.940000E-4
       3893.8   3.650000E-4
        3894.   3.820000E-4
       3894.2   2.180000E-4
       3894.4   2.750000E-4
       3894.6   2.430000E-4
       3894.8   2.700000E-4
        3895.   2.510000E-4
       3895.2   2.650000E-4
       3895.4   3.190000E-4
       3895.6   1.630000E-4
       3895.8   3.950000E-4
        3896.   3.760000E-4
       3896.2   2.870000E-4
       3896.4   1.500000E-4
       3896.6   3.970000E-4
       3896.8   2.300000E-4
        3897.   1.500000E-4
       3897.2   1.750000E-4
       3897.4   2.640000E-4
       3897.6   3.660000E-4
       3897.8   2.060000E-4
        3898.   2.610000E-4
       3898.2   2.380000E-4
       3898.4   2.490000E-4
       3898.6   7.000000E-5
       3898.8   2.210000E-4
        3899.   1.790000E-4
       3899.2   2.310000E-4
       3899.4   1.500000E-4
       3899.6   2.010000E-4
       3899.8   2.370000E-4
        3900.   1.390000E-4
        3990.   8.123800E-7
        4000.   6.183650E-7
        4010.   4.838340E-7
        4020.   3.899880E-7
        4030.   4.228060E-7
        4040.   3.979510E-7
        4050.   4.114770E-7
        4060.   4.299190E-7
        4070.   4.485970E-7
        4080.   5.476780E-7
        4090.   5.274550E-7
        4100.   5.277840E-7
        4110.   4.638210E-7
        4120.   4.255690E-7
        4130.   3.030070E-7
        4140.   2.220510E-7
        4150.   1.259280E-7
        4160.   6.631350E-8
        4170.   4.277080E-8
        4180.  1.000230E-10
        4190.   2.163370E-9
        4200.   1.287850E-8
        4210.   1.610560E-8
        4220.   1.119410E-8
        4230.   1.132240E-8
        4240.   1.870740E-8
        4250.   1.108270E-8
        4260.   3.215080E-8
        4270.   3.190130E-8
        4280.  1.000230E-10
        4290.  1.000230E-10
        4300.  1.000230E-10
        4310.  1.000230E-10
        4320.   3.404870E-8
        4330.   1.573250E-8
        4340.   4.218140E-8
        4350.   5.576150E-9
        4360.   3.088850E-8
        4370.   4.486630E-9
        4380.   1.333410E-8
        4390.   1.163330E-8
        4400.  1.000230E-10
        4410.   2.084610E-8
        4420.   2.420550E-8
        4430.   3.022960E-8
        4440.   3.375110E-9
        4450.   1.607160E-8
        4460.   1.838610E-9
        4470.   7.177640E-9
        4480.   7.489150E-9
        4490.   3.545670E-8
        4500.   6.000660E-8
        4510.   3.870510E-8
        4520.   3.787270E-8
        4530.   6.345620E-8
        4540.   5.482980E-8
        4550.   6.395340E-8
        4560.   6.976770E-8
        4570.   1.036600E-7
        4580.   1.734300E-7
        4590.   1.645590E-7
        4600.   1.632670E-7
        4610.   1.072910E-7
        4620.   1.282330E-7
        4630.   1.020810E-7
        4640.   1.329140E-7
        4650.   1.187580E-7
        4660.   1.439140E-7
        4670.   1.677760E-7
        4680.   1.726710E-7
        4690.   1.665250E-7
        4700.   1.571500E-7
        4710.   1.195720E-7
        4720.   1.021490E-7
        4730.   9.673130E-8
        4740.   4.417580E-8
        4750.   6.441370E-8
        4760.   8.774530E-8
        4770.   7.703980E-8
        4780.   1.326650E-7
        4790.   9.958760E-8
        4800.   1.356080E-7
        4810.   1.362570E-7
        4820.   1.281790E-7
        4830.   9.995650E-8
        4840.   1.032380E-7
        4850.   8.598230E-8
        4860.   8.465470E-8
        4870.   7.585740E-8
        4880.   3.655920E-8
        4890.   4.806110E-8
        4900.   3.063510E-8
        4910.   9.597240E-9
        4920.   5.323830E-8
        4930.   2.109960E-8
        4940.   5.495070E-8
        4950.   4.259970E-8
        4960.   2.510130E-8
        4970.   5.189460E-9
        4980.   4.999770E-8
        4990.   4.119030E-8
        5000.   1.157770E-8
        5010.   3.915790E-8
        5020.   3.048580E-8
        5030.  5.831320E-10
        5040.   6.832750E-9
        5050.   1.820290E-8
        5060.  1.000230E-10
        5070.   2.810710E-8
        5080.   1.316170E-8
        5090.   1.984890E-9
        5100.   1.322960E-8
        5110.   2.796690E-8
        5120.   2.691920E-8
        5130.   8.204620E-9
        5140.   8.140790E-9
        5150.   1.070100E-8
        5160.  1.000230E-10
        5170.   6.073280E-8
        5180.   5.622400E-8
        5190.   4.124310E-8
        5200.   6.429590E-8
        5210.   9.152440E-8
        5220.   1.340180E-7
        5230.   1.130320E-7
        5240.   1.470790E-7
        5250.   1.963680E-7
        5260.   2.131030E-7
        5270.   2.391670E-7
        5280.   2.614860E-7
        5290.   3.285610E-7
        5300.   3.044290E-7
        5310.   2.611250E-7
        5320.   2.533050E-7
        5330.   1.588240E-7
        5340.   1.185560E-7
        5350.   5.743670E-8
        5360.   6.611520E-8
        5370.   4.571150E-8
        5380.   6.888170E-8
        5390.   1.133230E-7
        5400.   1.042240E-7
        5410.   1.386640E-7
        5420.   1.460440E-7
        5430.   1.718590E-7
        5440.   2.072600E-7
        5450.   2.371580E-7
        5460.   3.043370E-7
        5470.   3.741690E-7
        5480.   4.042570E-7
        5490.   4.466720E-7
        5500.   5.074170E-7
        5510.   5.738320E-7
        5520.   5.920880E-7
        5530.   6.157040E-7
        5540.   7.054170E-7
        5550.   8.132820E-7
        5560.   9.657310E-7
        5570.   1.140930E-6
        5580.   1.369760E-6
        5590.   1.610470E-6
        5600.   1.919520E-6
        5610.   2.214510E-6
        5620.   2.569140E-6
        5630.   2.905420E-6
        5640.   3.242750E-6
        5650.   3.317340E-6
        5660.   3.307890E-6
        5670.   3.178720E-6
        5680.   2.856190E-6
        5690.   2.484210E-6
        5700.   2.050970E-6
        5710.   1.639740E-6
        5720.   1.194490E-6
        5730.   9.090170E-7
        5740.   6.432750E-7
        5750.   4.342710E-7
        5760.   3.035050E-7
        5770.   2.076900E-7
        5780.   1.230730E-7
        5790.   9.222410E-8
        5800.   6.566850E-8
        5810.   2.193900E-8
        5820.  1.000230E-10
        5830.   3.643860E-8
        5840.   8.309810E-9
        5850.   1.102850E-8
        5860.   2.643050E-8
        5870.  1.000230E-10
        5880.   5.016200E-8
        5890.  1.000230E-10
        5900.   3.030770E-8
        5910.  1.000230E-10
        5920.   3.949630E-8
        5930.   3.830400E-8
        5940.   2.827360E-8
        5950.   2.900780E-8
        5960.   8.418650E-9
        5970.   1.754370E-8
        5980.  1.000230E-10
        5990.   2.160830E-8
        6000.   3.176490E-8
        6010.   2.795650E-8
        6020.   1.904550E-8
        6030.   3.505810E-8
        6040.   3.754220E-9
        6050.  1.000230E-10
        6060.   1.071050E-8
        6070.   2.544020E-8
        6080.  1.000230E-10
        6090.   1.500220E-8
        6100.   1.022110E-8
        6110.   4.326370E-8
        6120.   1.595950E-8
        6130.   1.671740E-8
        6140.   4.367660E-8
        6150.   1.889030E-8
        6160.  1.000230E-10
        6170.   3.559470E-8
        6180.   1.738240E-8
        6190.   1.359580E-8
        6200.   1.771340E-8
        6210.   3.216670E-8
        6220.   2.960470E-8
        6230.   1.665560E-8
        6240.   5.708870E-8
        6250.   3.346120E-8
        6260.   1.659490E-8
        6270.   4.626910E-8
        6280.   4.387840E-8
        6290.   1.903350E-8
        6300.   3.481790E-8
        6310.   3.740560E-8
        6320.   3.716930E-8
        6330.   4.121530E-8
        6340.   3.420920E-8
        6350.   2.730040E-8
        6360.   8.457250E-9
        6370.   5.127780E-8
        6380.   4.466150E-8
        6390.   4.845080E-9
        6400.  1.000230E-10
        6410.   5.647650E-8
        6420.   3.354120E-8
        6430.   2.952180E-8
        6440.   9.271190E-9
        6450.   3.528440E-8
        6460.   1.679630E-9
        6470.   3.993350E-8
        6480.   3.696730E-8
        6490.   3.447100E-8
        6500.   2.008210E-8
        6510.   2.505820E-8
        6520.   3.364940E-8
        6530.   2.393800E-8
        6540.   3.251400E-8
        6550.   5.764510E-8
        6560.   4.114960E-8
        6570.   4.198700E-8
        6580.   2.060240E-8
        6590.   7.724220E-9
        6600.  1.000230E-10
        6610.   2.414600E-8
        6620.   2.148080E-8
        6630.   5.638410E-8
        6640.   7.073050E-8
        6650.   3.633770E-8
        6660.   4.348260E-8
        6670.   3.643000E-8
        6680.   5.058850E-8
        6690.   5.579950E-8
        6700.   2.768380E-8
        6710.   3.338940E-8
        6720.   3.938490E-8
        6730.   1.149130E-8
        6740.   7.329640E-9
        6750.   3.990220E-8
        6760.   3.653690E-8
        6770.   1.624600E-8
        6780.   7.265040E-8
        6790.   3.978310E-8
        6800.   7.138850E-8
        6810.   2.877410E-8
        6820.   6.828480E-8
        6830.   7.461380E-8
        6840.   1.191140E-7
        6850.   1.052470E-7
        6860.   1.445280E-7
        6870.   1.914780E-7
        6880.   2.146950E-7
        6890.   2.588620E-7
        6900.   3.266890E-7
        6910.   3.632300E-7
        6920.   4.313410E-7
        6930.   4.650950E-7
        6940.   5.197190E-7
        6950.   5.407560E-7
        6960.   5.415130E-7
        6970.   6.353400E-7
        6980.   6.459860E-7
        6990.   6.393490E-7
        7000.   6.375290E-7
        7010.   6.416130E-7
        7020.   5.683580E-7
        7030.   5.796220E-7
        7040.   5.103310E-7
        7050.   4.883190E-7
        7060.   4.064780E-7
        7070.   3.744130E-7
        7080.   3.038480E-7
        7090.   2.624110E-7
        7100.   2.584370E-7
        7110.   2.080500E-7
        7120.   1.486710E-7
        7130.   1.368190E-7
        7140.   8.287600E-8
        7150.   1.228480E-7
        7160.   9.820740E-8
        7170.   2.562680E-8
        7180.   3.388710E-8
        7190.   4.821180E-8
        7200.   5.556970E-8
        7210.   1.412550E-8
        7220.   1.591870E-8
        7230.   1.777350E-8
        7240.   2.363480E-8
        7250.  1.000230E-10
        7260.   1.449300E-8
        7270.  1.000230E-10
        7280.   1.528060E-8
        7290.   2.432920E-8
        7300.  1.000230E-10
        7310.   1.251090E-9
        7320.   1.930690E-8
        7330.   4.923820E-8
        7340.   1.591780E-8
        7350.   3.208990E-8
        7360.   2.244250E-8
        7370.  1.000230E-10
        7380.   1.187090E-8
        7390.  1.000230E-10
        7400.   1.133830E-8
        7410.  6.881810E-10
        7420.  1.000230E-10
        7430.   2.794540E-8
        7440.   7.441190E-9
        7450.  1.000230E-10
        7460.  1.000230E-10
        7470.   8.726760E-9
        7480.   7.988840E-9
        7490.   6.905260E-9
        7500.   2.906460E-9
        7510.  1.000230E-10
        7520.   2.243070E-8
        7530.   1.294070E-8
        7540.   2.986940E-8
        7550.   4.855520E-8
        7560.   1.141250E-8
        7570.   4.103850E-8
        7580.  1.000230E-10
        7590.   1.993870E-8
        7600.   3.521360E-8
        7610.   2.500190E-8
        7620.   1.413570E-8
        7630.   1.758620E-9
        7640.  5.146040E-10
        7650.  1.000230E-10
        7660.   2.335210E-8
        7670.   3.923750E-8
        7680.   3.159300E-8
        7690.   5.961920E-9
        7700.   1.667620E-8
        7710.  1.000230E-10
        7720.   3.712880E-8
        7730.   2.492460E-8
        7740.   5.589400E-9
        7750.   2.921410E-8
        7760.   4.752230E-8
        7770.   1.734060E-8
        7780.   4.991560E-8
        7790.   3.400950E-8
        7800.  1.000230E-10
        7810.   6.032990E-8
        7820.   3.650020E-8
        7830.   4.228080E-8
        7840.   5.310200E-8
        7850.   2.423620E-8
        7860.  1.000230E-10
        7870.   2.565200E-8
        7880.  1.000230E-10
        7890.  1.000230E-10
        7900.   1.987140E-8
        7910.   3.574840E-8
        7920.   1.502630E-8
        7930.   7.257330E-8
        7940.   6.141710E-8
        7950.  1.000230E-10
        7960.   9.534500E-8
        7970.   3.807320E-8
        7980.   2.201140E-8
        7990.   3.397870E-8
        8000.   3.679630E-8
        8010.   3.706940E-8
        8020.   6.597460E-8
        8030.   2.023080E-8
        8040.   3.606560E-8
        8050.   4.733840E-8
        8060.  1.642410E-10
        8070.   5.841080E-8
        8080.   4.030860E-8
        8090.  1.000230E-10
        8100.   3.999850E-8
        8110.   3.709240E-8
        8120.   2.660620E-8
        8130.   5.993700E-8
        8140.   6.409510E-8
        8150.   6.571690E-8
        8160.   7.299260E-8
        8170.   1.990140E-8
        8180.   3.451520E-8
        8190.  1.000230E-10
        8200.  1.000230E-10
        8210.  1.000230E-10
        8220.  1.000230E-10
        8230.   3.357720E-8
        8240.   3.631130E-8
        8250.   4.572950E-8
        8260.   4.550550E-8
        8270.   6.272920E-8
        8280.   1.206440E-8
        8290.   1.593280E-8
        8300.  1.000230E-10
        8310.   7.106390E-8
        8320.   6.667300E-8
        8330.   8.882030E-8
        8340.   1.946470E-8
        8350.  1.000230E-10
        8360.  1.000230E-10
        8370.   6.192830E-8
        8380.   8.188530E-8
        8390.   3.812020E-8
        8400.  1.000230E-10
        8410.   7.761810E-8
        8420.   4.538370E-8
        8430.   5.052800E-8
        8440.   2.595210E-9
        8450.  1.000230E-10
        8460.  1.000230E-10
        8470.  1.000230E-10
        8480.   8.290160E-8
        8490.  1.000230E-10
        8500.  1.000230E-10
        8510.  1.000230E-10
        8520.  1.000230E-10
        8530.  1.000230E-10
        8540.  1.000230E-10
        8550.  1.000230E-10
        8560.  1.000230E-10
        8570.  1.000230E-10
        8580.  1.000230E-10
        8590.   2.645320E-6
        8600.  1.000230E-10
        8610.  1.000230E-10
        8620.  1.000230E-10
        8630.  1.000230E-10
        8640.  1.000230E-10
        8650.  1.000230E-10
        8660.  1.000230E-10
        8670.  1.000230E-10
        8680.  1.000230E-10
        8690.   9.757690E-6
        8700.   3.871810E-6
        8710.  1.000230E-10
        8720.  1.000230E-10
        8730.  1.000230E-10
        8740.  1.000230E-10
        8750.  1.000230E-10
        8760.  1.000230E-10
        8770.  1.000230E-10
        8780.   8.465640E-7
        8790.  1.000230E-10
        8800.   1.664790E-6
        8810.   5.473220E-6
        8820.  1.000230E-10
        8830.  1.000230E-10
        8840.  1.000230E-10
        8850.  1.000230E-10
        8860.  1.000230E-10
        8870.  1.000230E-10
        8880.  1.000230E-10
        8890.  1.000230E-10
        8900.  1.000230E-10
        8910.  1.000230E-10
        8920.  1.000230E-10
        8930.  1.000230E-10
        8940.  1.000230E-10
        8950.  1.000230E-10
        8960.  1.000230E-10
        8970.  1.000230E-10
        8980.  1.000230E-10
        8990.  1.000230E-10
        9000.  1.000230E-10
        9010.  1.000230E-10
        9020.  1.000230E-10
        9030.  1.000230E-10
        9040.  1.000230E-10
        9050.  1.000230E-10
        9060.  1.000230E-10
        9070.  1.000230E-10
        9080.  1.000230E-10
        9090.  1.000230E-10
        9100.  1.000230E-10
        9110.  1.000230E-10
        9120.  1.000230E-10
        9130.  1.000230E-10
        9140.  1.000230E-10
        9150.  1.000230E-10
        9160.  1.000230E-10
        9170.  1.000230E-10
        9180.  1.000230E-10
        9190.  1.000230E-10
        9200.  1.000230E-10
        9210.  1.000230E-10
        9220.  1.000230E-10
        9230.  1.000230E-10
        9240.  1.000230E-10
        9250.  1.000230E-10
        9260.  1.000230E-10
        9270.   4.686130E-7
        9280.  1.000230E-10
        9290.  1.000230E-10
        9300.  1.000230E-10
        9310.  1.000230E-10
        9320.  1.000230E-10
        9330.  1.000230E-10
        9340.  1.000230E-10
        9350.  1.000230E-10
        9360.  1.000230E-10
        9370.  1.000230E-10
        9380.  1.000230E-10
        9390.  1.000230E-10
        9400.  1.000230E-10
        9410.  1.000230E-10
        9420.  1.000230E-10
        9430.  1.000230E-10
        9440.  1.000230E-10
        9450.  1.000230E-10
        9460.  1.000230E-10
        9470.  1.000230E-10
        9480.  1.000230E-10
        9490.  1.000230E-10
        9500.  1.000230E-10
        9510.  1.000230E-10
        9520.  1.000230E-10
        9530.  1.000230E-10
        9540.  1.000230E-10
        9550.  1.000230E-10
        9560.  1.000230E-10
        9570.  1.000230E-10
        9580.  1.000230E-10
        9590.  1.000230E-10
        9600.  1.000230E-10
        9610.  1.000230E-10
        9620.  1.000230E-10
        9630.  1.000230E-10
        9640.  1.000230E-10
        9650.  1.000230E-10
        9660.  1.000230E-10
        9670.  1.000230E-10
        9680.  1.000230E-10
        9690.  1.000230E-10
        9700.  1.000230E-10
        9710.  1.000230E-10
        9720.  1.000230E-10
        9730.  1.000230E-10
        9740.  1.000230E-10
        9750.  1.000230E-10
        9760.  1.000230E-10
        9770.  1.000230E-10
        9780.  1.000230E-10
        9790.  1.000230E-10
        9800.  1.000230E-10
        9810.  1.000230E-10
        9820.  1.000230E-10
        9830.  1.000230E-10
        9840.   2.099870E-7
        9850.  1.000230E-10
        9860.  1.000230E-10
        9870.  1.000230E-10
        9880.  1.000230E-10
        9890.  1.000230E-10
        9900.  1.000230E-10
        9910.  1.000230E-10
        9920.  1.000230E-10
        9930.  1.000230E-10
        9940.  1.000230E-10
        9950.  1.000230E-10
        9960.  1.000230E-10
        9970.  1.000230E-10
        9980.  1.000230E-10
        9990.  1.000230E-10
       10000.  1.000230E-10
       10010.  1.000230E-10
       10020.  1.000230E-10
       10030.  1.000230E-10
       10040.   1.719000E-7
       10050.  1.000230E-10
       10060.  1.000230E-10
       10070.  1.000230E-10
       10080.  1.000230E-10
       10090.  1.000230E-10
       10100.  1.000230E-10
       10110.   7.362950E-8
       10120.  1.000230E-10
       10130.  1.000230E-10
       10140.  1.000230E-10
       10150.  1.000230E-10
       10160.  1.000230E-10
       10170.  1.000230E-10
       10180.  1.000230E-10
       10190.  1.000230E-10
       10200.  1.000230E-10
       10210.  1.000230E-10
       10220.  1.000230E-10
       10230.  1.000230E-10
       10240.  1.000230E-10
       10250.  1.000230E-10
       10260.   5.258200E-7
       10270.  1.000230E-10
       10280.  1.000230E-10
       10290.  1.000230E-10
       10300.  1.000230E-10
       10310.  1.000230E-10
       10320.  1.000230E-10
       10330.  1.000230E-10
       10340.  1.000230E-10
       10350.  1.000230E-10
       10360.  1.000230E-10
       10370.  1.000230E-10
       10380.  1.000230E-10
       10390.  1.000230E-10
       10400.  1.000230E-10
       10410.   3.435260E-8
       10420.  1.000230E-10
       10430.  1.000230E-10
       10440.  1.000230E-10
       10450.  1.000230E-10
       10460.  1.000230E-10
       10470.  1.000230E-10
       10480.  1.000230E-10
       10490.  1.000230E-10
       10500.  1.000230E-10
       10510.  1.000230E-10
       10520.  1.000230E-10
       10530.  1.000230E-10
       10540.  1.000230E-10
       10550.  1.000230E-10
       10560.  1.000230E-10
       10570.  1.000230E-10
       10580.  1.000230E-10
       10590.   2.457250E-7
       10600.   1.204990E-6
       10610.  1.000230E-10
       10620.  1.000230E-10
       10630.  1.000230E-10
       10640.  1.000230E-10
       10650.  1.000230E-10
       10660.  1.000230E-10
       10670.  1.000230E-10
       10680.  1.000230E-10
       10690.  1.000230E-10
       10700.  1.000230E-10
       10710.  1.000230E-10
       10720.  1.000230E-10
       10730.  1.000230E-10
       10740.  1.000230E-10
       10750.  1.000230E-10
       10760.  1.000230E-10
       10770.  1.000230E-10
       10780.  1.000230E-10
       10790.  1.000230E-10
       10800.  1.000230E-10
       10810.  1.000230E-10
       10820.  1.000230E-10
       10830.  1.000230E-10
       10840.  1.000230E-10
       10850.  1.000230E-10
       10860.  1.000230E-10
       10870.  1.000230E-10
       10880.  1.000230E-10
       10890.  1.000230E-10
       10900.  1.000230E-10
       10910.  1.000230E-10
       10920.  1.000230E-10
       10930.  1.000230E-10
       10940.  1.000230E-10
       10950.  1.000230E-10
       10960.  1.000230E-10
       10970.  1.000230E-10
       10980.   9.995440E-8
       10990.  1.000230E-10
       11000.  1.000230E-10
       11001.            0.
       11002.            0.
