        1938.            0.
        1939.            0.
        1940.   5.692070E-8
        1950.  1.000230E-10
        1960.   5.886060E-8
        1970.  1.000230E-10
        1980.  1.000230E-10
        1990.   1.240940E-7
        2000.   3.303000E-7
        2010.   8.737230E-7
        2020.   1.923770E-6
        2030.   4.031490E-6
        2040.   7.478120E-6
        2050.   1.279790E-5
        2060.   2.123020E-5
        2070.   3.589270E-5
        2080.   5.915740E-5
        2090.   8.841520E-5
        2100.   1.261960E-4
        2110.   1.562860E-4
        2120.   1.758600E-4
        2130.   1.796930E-4
        2140.   1.566610E-4
        2150.   1.221920E-4
        2160.   8.395700E-5
        2170.   4.951410E-5
        2180.   2.371080E-5
        2190.   8.360710E-6
        2200.   2.726120E-6
        2210.   1.168320E-6
        2220.   7.559920E-7
        2230.   6.108730E-7
        2240.   5.182000E-7
        2250.   5.105310E-7
        2260.   5.239740E-7
        2270.   5.322050E-7
        2280.   6.870480E-7
        2290.   1.029470E-6
       2352.6   1.700000E-5
       2352.8   4.500000E-5
        2353.            0.
       2353.2   5.000000E-6
       2353.4   3.000000E-6
       2353.6   3.400000E-5
       2353.8   1.800000E-5
        2354.            0.
       2354.2   1.300000E-5
       2354.4   4.000000E-6
       2354.6   4.000000E-6
       2354.8   1.800000E-5
        2355.   1.000000E-6
       2355.2   1.700000E-5
       2355.4   1.800000E-5
       2355.6   1.700000E-5
       2355.8   4.000000E-6
        2356.   1.600000E-5
       2356.2            0.
       2356.4   1.600000E-5
       2356.6   1.500000E-5
       2356.8   2.000000E-5
        2357.   1.100000E-5
       2357.2   5.700000E-5
       2357.4   5.000000E-6
       2357.6   2.700000E-5
       2357.8   3.800000E-5
        2358.   1.000000E-5
       2358.2   7.000000E-6
       2358.4   3.100000E-5
       2358.6   3.600000E-5
       2358.8   1.700000E-5
        2359.   3.000000E-5
       2359.2   3.300000E-5
       2359.4   3.400000E-5
       2359.6   3.700000E-5
       2359.8   4.300000E-5
        2360.   3.000000E-5
       2360.2   2.000000E-5
       2360.4   3.100000E-5
       2360.6   1.900000E-5
       2360.8   3.400000E-5
        2361.   2.800000E-5
       2361.2   3.600000E-5
       2361.4   2.700000E-5
       2361.6   3.300000E-5
       2361.8   2.700000E-5
        2362.   5.500000E-5
       2362.2   2.000000E-5
       2362.4   5.400000E-5
       2362.6   3.700000E-5
       2362.8   3.500000E-5
        2363.   4.100000E-5
       2363.2   5.100000E-5
       2363.4   4.100000E-5
       2363.6   3.500000E-5
       2363.8   5.900000E-5
        2364.   1.800000E-5
       2364.2   4.400000E-5
       2364.4   4.000000E-5
       2364.6   3.300000E-5
       2364.8   3.600000E-5
        2365.   4.100000E-5
       2365.2   5.000000E-5
       2365.4   4.700000E-5
       2365.6   4.800000E-5
       2365.8   5.100000E-5
        2366.   6.500000E-5
       2366.2   5.800000E-5
       2366.4   7.300000E-5
       2366.6   3.700000E-5
       2366.8   6.700000E-5
        2367.   4.400000E-5
       2367.2   5.300000E-5
       2367.4   6.700000E-5
       2367.6   6.000000E-5
       2367.8   5.000000E-5
        2368.   6.400000E-5
       2368.2   4.100000E-5
       2368.4   4.200000E-5
       2368.6   7.200000E-5
       2368.8   7.100000E-5
        2369.   7.900000E-5
       2369.2   6.100000E-5
       2369.4   8.000000E-5
       2369.6   8.500000E-5
       2369.8   9.300000E-5
        2370.   8.400000E-5
       2370.2   7.400000E-5
       2370.4   7.600000E-5
       2370.6   1.040000E-4
       2370.8   9.300000E-5
        2371.   1.090000E-4
       2371.2   8.000000E-5
       2371.4   1.210000E-4
       2371.6   7.700000E-5
       2371.8   9.100000E-5
        2372.   1.150000E-4
       2372.2   1.010000E-4
       2372.4   1.110000E-4
       2372.6   1.290000E-4
       2372.8   1.090000E-4
        2373.   1.380000E-4
       2373.2   1.250000E-4
       2373.4   1.300000E-4
       2373.6   1.320000E-4
       2373.8   1.450000E-4
        2374.   1.510000E-4
       2374.2   1.410000E-4
       2374.4   1.610000E-4
       2374.6   1.700000E-4
       2374.8   1.640000E-4
        2375.   1.650000E-4
       2375.2   1.690000E-4
       2375.4   1.690000E-4
       2375.6   1.950000E-4
       2375.8   1.630000E-4
        2376.   1.800000E-4
       2376.2   1.800000E-4
       2376.4   2.060000E-4
       2376.6   1.960000E-4
       2376.8   2.130000E-4
        2377.   2.130000E-4
       2377.2   2.150000E-4
       2377.4   2.080000E-4
       2377.6   2.310000E-4
       2377.8   2.330000E-4
        2378.   2.600000E-4
       2378.2   2.670000E-4
       2378.4   2.560000E-4
       2378.6   2.370000E-4
       2378.8   2.570000E-4
        2379.   2.830000E-4
       2379.2   3.010000E-4
       2379.4   2.900000E-4
       2379.6   3.070000E-4
       2379.8   3.260000E-4
        2380.   3.240000E-4
       2380.2   3.250000E-4
       2380.4   3.160000E-4
       2380.6   3.610000E-4
       2380.8   3.630000E-4
        2381.   3.960000E-4
       2381.2   4.030000E-4
       2381.4   4.310000E-4
       2381.6   4.250000E-4
       2381.8   4.640000E-4
        2382.   4.740000E-4
       2382.2   4.560000E-4
       2382.4   4.740000E-4
       2382.6   5.090000E-4
       2382.8   5.580000E-4
        2383.   5.640000E-4
       2383.2   5.860000E-4
       2383.4   5.930000E-4
       2383.6   6.050000E-4
       2383.8   6.130000E-4
        2384.   6.370000E-4
       2384.2   6.680000E-4
       2384.4   7.380000E-4
       2384.6   7.390000E-4
       2384.8   7.470000E-4
        2385.   7.980000E-4
       2385.2   8.140000E-4
       2385.4   8.430000E-4
       2385.6   8.890000E-4
       2385.8   9.110000E-4
        2386.   9.410000E-4
       2386.2   9.910000E-4
       2386.4      0.001033
       2386.6      0.001078
       2386.8      0.001123
        2387.      0.001167
       2387.2      0.001249
       2387.4      0.001295
       2387.6      0.001339
       2387.8      0.001378
        2388.      0.001438
       2388.2      0.001476
       2388.4      0.001542
       2388.6      0.001641
       2388.8      0.001716
        2389.      0.001816
       2389.2      0.001831
       2389.4      0.001893
       2389.6      0.002021
       2389.8      0.002133
        2390.      0.002225
       2390.2      0.002295
       2390.4      0.002386
       2390.6      0.002515
       2390.8      0.002616
        2391.      0.002829
       2391.2      0.002892
       2391.4       0.00304
       2391.6      0.003215
       2391.8      0.003394
        2392.      0.003561
       2392.2      0.003744
       2392.4      0.003922
       2392.6      0.004079
       2392.8      0.004255
        2393.      0.004584
       2393.2      0.004811
       2393.4      0.005042
       2393.6      0.005266
       2393.8      0.005529
        2394.      0.005959
       2394.2      0.006266
       2394.4      0.006604
       2394.6      0.006946
       2394.8      0.007238
        2395.      0.007606
       2395.2      0.008252
       2395.4      0.008682
       2395.6      0.009182
       2395.8      0.009643
        2396.      0.010238
       2396.2       0.01097
       2396.4      0.011671
       2396.6      0.012192
       2396.8      0.012934
        2397.      0.013621
       2397.2      0.014369
       2397.4      0.015408
       2397.6       0.01634
       2397.8      0.017326
        2398.      0.018296
       2398.2      0.019434
       2398.4      0.020975
       2398.6      0.022387
       2398.8      0.023675
        2399.      0.024918
       2399.2      0.026154
       2399.4      0.028192
       2399.6      0.030341
       2399.8      0.032069
        2400.      0.034062
       2400.2      0.035879
       2400.4      0.038451
       2400.6      0.041288
       2400.8       0.04329
        2401.      0.045541
       2401.2      0.047979
       2401.4      0.050299
       2401.6      0.053462
       2401.8      0.056607
        2402.      0.059728
       2402.2      0.062711
       2402.4       0.06543
       2402.6       0.06936
       2402.8      0.073556
        2403.      0.076471
       2403.2      0.079714
       2403.4      0.082927
       2403.6      0.085985
       2403.8      0.090207
        2404.      0.094317
       2404.2      0.097394
       2404.4      0.100348
       2404.6      0.103477
       2404.8      0.107212
        2405.       0.11027
       2405.2      0.112567
       2405.4       0.11486
       2405.6      0.117035
       2405.8      0.119279
        2406.      0.121493
       2406.2      0.123657
       2406.4      0.125471
       2406.6       0.12709
       2406.8      0.128413
        2407.      0.130218
       2407.2      0.131764
       2407.4      0.132314
       2407.6      0.133237
       2407.8      0.133886
        2408.      0.134585
       2408.2      0.135304
       2408.4      0.135853
       2408.6      0.135953
       2408.8      0.136532
        2409.      0.136505
       2409.2      0.136648
       2409.4      0.136817
       2409.6      0.137163
       2409.8      0.136978
        2410.      0.136847
       2410.2      0.137158
       2410.4       0.13708
       2410.6      0.137176
       2410.8      0.137055
        2411.      0.137279
       2411.2      0.137085
       2411.4      0.137593
       2411.6      0.137565
       2411.8      0.137678
        2412.      0.137569
       2412.2      0.137886
       2412.4      0.137667
       2412.6      0.138145
       2412.8      0.138231
        2413.      0.138821
       2413.2      0.138992
       2413.4      0.139248
       2413.6      0.139784
       2413.8      0.139971
        2414.       0.14018
       2414.2       0.14063
       2414.4      0.141026
       2414.6      0.141387
       2414.8      0.141949
        2415.      0.142132
       2415.2      0.142736
       2415.4      0.143271
       2415.6       0.14356
       2415.8      0.144634
        2416.      0.144587
       2416.2       0.14544
       2416.4      0.145668
       2416.6      0.146158
       2416.8       0.14655
        2417.       0.14721
       2417.2      0.147665
       2417.4      0.148388
       2417.6       0.14832
       2417.8      0.148773
        2418.      0.149165
       2418.2      0.149783
       2418.4      0.150154
       2418.6      0.150314
       2418.8      0.150666
        2419.      0.150704
       2419.2       0.15101
       2419.4      0.151332
       2419.6      0.151244
       2419.8      0.151727
        2420.      0.151894
       2420.2      0.151788
       2420.4      0.151512
       2420.6       0.15188
       2420.8      0.151749
        2421.      0.151564
       2421.2      0.151402
       2421.4      0.151407
       2421.6       0.15135
       2421.8      0.151195
        2422.      0.151193
       2422.2      0.150705
       2422.4      0.150563
       2422.6      0.150451
       2422.8      0.150496
        2423.      0.150093
       2423.2      0.149845
       2423.4      0.149526
       2423.6      0.149156
       2423.8      0.148925
        2424.       0.14858
       2424.2      0.148583
       2424.4      0.147943
       2424.6       0.14796
       2424.8      0.147433
        2425.       0.14714
       2425.2       0.14719
       2425.4      0.146814
       2425.6      0.146614
       2425.8      0.146708
        2426.      0.146285
       2426.2      0.146235
       2426.4      0.146377
       2426.6      0.146043
       2426.8      0.145957
        2427.      0.146043
       2427.2      0.145956
       2427.4      0.146437
       2427.6      0.146265
       2427.8      0.146207
        2428.      0.146529
       2428.2       0.14686
       2428.4      0.146763
       2428.6      0.147299
       2428.8      0.147202
        2429.      0.147806
       2429.2      0.147556
       2429.4      0.147937
       2429.6      0.148229
       2429.8      0.148656
        2430.      0.148826
       2430.2      0.149146
       2430.4      0.149217
       2430.6      0.149273
       2430.8       0.14961
        2431.       0.14992
       2431.2      0.149839
       2431.4      0.149936
       2431.6      0.149733
       2431.8      0.149633
        2432.      0.149368
       2432.2      0.149066
       2432.4      0.148343
       2432.6       0.14753
       2432.8      0.146805
        2433.      0.145713
       2433.2      0.144414
       2433.4      0.143049
       2433.6      0.141829
       2433.8      0.140459
        2434.      0.138341
       2434.2      0.135231
       2434.4      0.132995
       2434.6      0.130811
       2434.8       0.12807
        2435.      0.125002
       2435.2      0.120888
       2435.4      0.117703
       2435.6      0.115222
       2435.8      0.112019
        2436.        0.1085
       2436.2       0.10521
       2436.4       0.10019
       2436.6       0.09665
       2436.8       0.09288
        2437.      0.089671
       2437.2       0.08541
       2437.4      0.081293
       2437.6      0.078034
       2437.8      0.074316
        2438.      0.071369
       2438.2       0.06815
       2438.4      0.064817
       2438.6      0.060096
       2438.8       0.05737
        2439.      0.054645
       2439.2      0.051702
       2439.4      0.048826
       2439.6      0.045478
       2439.8       0.04316
        2440.      0.040757
       2440.2      0.039098
       2440.4      0.036883
       2440.6      0.034456
       2440.8      0.032551
        2441.      0.030748
       2441.2      0.029219
       2441.4      0.027482
       2441.6       0.02576
       2441.8      0.024291
        2442.       0.02305
       2442.2      0.022025
       2442.4      0.020934
       2442.6      0.019839
       2442.8      0.018526
        2443.      0.017356
       2443.2      0.016523
       2443.4      0.015719
       2443.6      0.014763
       2443.8       0.01386
        2444.      0.013116
       2444.2      0.012587
       2444.4      0.011996
       2444.6      0.011447
       2444.8      0.010798
        2445.      0.010124
       2445.2      0.009662
       2445.4       0.00921
       2445.6      0.008845
       2445.8       0.00835
        2446.      0.007807
       2446.2      0.007515
       2446.4      0.007125
       2446.6      0.006901
       2446.8      0.006571
        2447.      0.006254
       2447.2      0.005926
       2447.4       0.00568
       2447.6      0.005343
       2447.8      0.005192
        2448.      0.004945
       2448.2       0.00467
       2448.4      0.004496
       2448.6      0.004316
       2448.8      0.004144
        2449.      0.003913
       2449.2      0.003792
       2449.4      0.003567
       2449.6      0.003474
       2449.8      0.003284
        2450.      0.003157
       2450.2      0.003035
       2450.4      0.002916
       2450.6      0.002787
       2450.8      0.002669
        2451.      0.002628
       2451.2      0.002471
       2451.4      0.002433
       2451.6      0.002283
       2451.8       0.00221
        2452.      0.002157
       2452.2      0.002023
       2452.4      0.001952
       2452.6      0.001859
       2452.8      0.001817
        2453.       0.00178
       2453.2      0.001721
       2453.4      0.001659
       2453.6      0.001557
       2453.8      0.001534
        2454.      0.001467
       2454.2      0.001429
       2454.4      0.001369
       2454.6      0.001305
       2454.8      0.001287
        2455.      0.001225
       2455.2      0.001202
       2455.4      0.001144
       2455.6      0.001101
       2455.8      0.001042
        2456.      0.001025
       2456.2      0.001011
       2456.4   9.660000E-4
       2456.6   9.500000E-4
       2456.8   9.020000E-4
        2457.   8.900000E-4
       2457.2   8.690000E-4
       2457.4   8.500000E-4
       2457.6   8.020000E-4
       2457.8   8.050000E-4
        2458.   7.690000E-4
       2458.2   7.540000E-4
       2458.4   7.010000E-4
       2458.6   7.060000E-4
       2458.8   6.700000E-4
        2459.   6.360000E-4
       2459.2   6.410000E-4
       2459.4   6.030000E-4
       2459.6   5.730000E-4
       2459.8   5.920000E-4
        2460.   5.870000E-4
       2460.2   5.340000E-4
       2460.4   5.340000E-4
       2460.6   5.170000E-4
       2460.8   5.020000E-4
        2461.   4.840000E-4
       2461.2   4.760000E-4
       2461.4   4.720000E-4
       2461.6   4.320000E-4
       2461.8   4.480000E-4
        2462.   4.440000E-4
       2462.2   4.270000E-4
       2462.4   4.260000E-4
       2462.6   3.950000E-4
       2462.8   3.910000E-4
        2463.   3.870000E-4
       2463.2   3.450000E-4
       2463.4   3.490000E-4
       2463.6   3.280000E-4
       2463.8   3.560000E-4
        2464.   3.270000E-4
       2464.2   3.280000E-4
       2464.4   3.210000E-4
       2464.6   2.990000E-4
       2464.8   2.900000E-4
        2465.   2.940000E-4
       2465.2   2.780000E-4
       2465.4   2.490000E-4
       2465.6   2.590000E-4
       2465.8   2.720000E-4
        2466.   2.470000E-4
       2466.2   2.320000E-4
       2466.4   2.380000E-4
       2466.6   2.230000E-4
       2466.8   2.130000E-4
        2467.   2.160000E-4
       2467.2   1.900000E-4
       2467.4   2.010000E-4
       2467.6   1.950000E-4
       2467.8   1.980000E-4
        2468.   1.830000E-4
       2468.2   1.850000E-4
       2468.4   1.870000E-4
       2468.6   1.680000E-4
       2468.8   1.740000E-4
        2469.   1.720000E-4
       2469.2   1.410000E-4
       2469.4   1.590000E-4
       2469.6   1.400000E-4
       2469.8   1.450000E-4
        2470.   1.640000E-4
       2470.2   1.230000E-4
       2470.4   1.200000E-4
       2470.6   1.250000E-4
       2470.8   1.400000E-4
        2471.   1.180000E-4
       2471.2   1.170000E-4
       2471.4   1.300000E-4
       2471.6   9.700000E-5
       2471.8   8.100000E-5
        2472.   1.020000E-4
       2472.2   9.800000E-5
       2472.4   1.040000E-4
       2472.6   9.200000E-5
       2472.8   8.700000E-5
        2473.   1.040000E-4
       2473.2   9.900000E-5
       2473.4   8.900000E-5
       2473.6   1.060000E-4
       2473.8   1.010000E-4
        2474.   9.800000E-5
       2474.2   8.900000E-5
       2474.4   8.900000E-5
       2474.6   8.000000E-5
       2474.8   8.300000E-5
        2475.   9.800000E-5
       2475.2   8.300000E-5
       2475.4   6.800000E-5
       2475.6   7.000000E-5
       2475.8   5.000000E-5
        2476.   4.600000E-5
       2476.2   4.900000E-5
       2476.4   6.900000E-5
       2476.6   6.400000E-5
       2476.8   7.600000E-5
        2477.   5.900000E-5
       2477.2   8.200000E-5
       2477.4   7.100000E-5
       2477.6   7.200000E-5
       2477.8   7.700000E-5
        2478.   6.900000E-5
       2478.2   5.800000E-5
       2478.4   4.100000E-5
       2478.6   7.300000E-5
       2478.8   5.800000E-5
        2479.   4.500000E-5
       2479.2   5.400000E-5
       2479.4   5.900000E-5
       2479.6   4.800000E-5
       2479.8   4.800000E-5
        2480.   4.000000E-5
       2480.2   4.400000E-5
       2480.4   5.000000E-5
       2480.6   5.000000E-5
       2480.8   7.700000E-5
        2481.   5.300000E-5
       2481.2   6.300000E-5
       2481.4   3.600000E-5
       2481.6   4.700000E-5
       2481.8   6.800000E-5
        2482.   4.500000E-5
       2482.2   5.500000E-5
       2482.4   4.700000E-5
       2482.6   6.500000E-5
       2482.8   3.100000E-5
        2483.   4.600000E-5
       2483.2   3.900000E-5
       2483.4   5.300000E-5
       2483.6   2.400000E-5
       2483.8   4.900000E-5
        2484.   4.700000E-5
       2484.2   6.400000E-5
       2484.4   4.200000E-5
       2484.6   4.300000E-5
       2484.8   2.200000E-5
        2485.   4.600000E-5
       2485.2   3.400000E-5
       2485.4   3.100000E-5
       2485.6   4.600000E-5
       2485.8   4.500000E-5
        2486.   3.200000E-5
       2486.2   2.300000E-5
       2486.4   2.600000E-5
       2486.6   9.000000E-6
       2486.8   3.100000E-5
        2487.   3.100000E-5
       2487.2   4.400000E-5
       2487.4   1.900000E-5
       2487.6   5.600000E-5
       2487.8   4.400000E-5
        2488.   2.000000E-5
       2488.2   2.200000E-5
       2488.4   1.600000E-5
       2488.6   3.000000E-6
       2488.8   1.800000E-5
        2489.   3.700000E-5
       2489.2   1.900000E-5
       2489.4   2.500000E-5
       2489.6   5.800000E-5
       2489.8   2.400000E-5
        2490.   1.200000E-5
       2490.2   2.900000E-5
       2490.4            0.
       2490.6   5.000000E-6
       2490.8   1.600000E-5
        2491.   2.300000E-5
       2491.2   3.700000E-5
       2491.4   2.800000E-5
       2491.6   2.000000E-5
       2491.8   1.100000E-5
        2492.   4.400000E-5
       2492.2   1.600000E-5
       2492.4   2.900000E-5
       2492.6   2.900000E-5
       2492.8            0.
        2493.   7.000000E-6
       2493.2   3.000000E-6
       2493.4   1.800000E-5
       2493.6   1.800000E-5
       2493.8   2.000000E-5
        2494.   1.200000E-5
       2494.2   3.800000E-5
       2494.4   1.300000E-5
        2550.   2.798450E-6
        2560.   2.166080E-6
        2570.   1.771340E-6
        2580.   1.527040E-6
        2590.   1.307670E-6
        2600.   1.175860E-6
        2610.   1.096630E-6
        2620.   9.463990E-7
        2630.   8.451600E-7
        2640.   7.537720E-7
        2650.   6.661910E-7
        2660.   5.650830E-7
        2670.   5.075260E-7
        2680.   5.130300E-7
        2690.   4.891580E-7
        2700.   4.894050E-7
        2710.   5.187030E-7
        2720.   5.799880E-7
        2730.   6.589220E-7
        2740.   8.520110E-7
        2750.   1.101630E-6
        2760.   1.667110E-6
        2770.   2.484080E-6
        2780.   3.835570E-6
        2790.   5.779420E-6
        2800.   8.140710E-6
        2810.   1.050400E-5
        2820.   1.276160E-5
        2830.   1.400410E-5
        2840.   1.459450E-5
        2850.   1.411110E-5
        2860.   1.300890E-5
        2870.   1.152640E-5
        2880.   1.013280E-5
        2890.   8.981540E-6
        2900.   7.757540E-6
        2910.   6.785060E-6
        2920.   5.986670E-6
        2930.   5.212070E-6
        2940.   4.498630E-6
        2950.   4.123510E-6
        2960.   3.617890E-6
        2970.   3.258460E-6
        2980.   2.969050E-6
        2990.   2.746180E-6
        3000.   2.603780E-6
        3010.   2.477750E-6
        3020.   2.415580E-6
        3030.   2.418310E-6
        3040.   2.355430E-6
        3050.   2.381150E-6
        3060.   2.285040E-6
        3070.   2.352520E-6
        3080.   2.460560E-6
        3090.   2.522190E-6
        3100.   2.614810E-6
        3110.   2.850740E-6
        3120.   3.012590E-6
        3130.   3.100490E-6
        3140.   3.596210E-6
        3150.   3.953770E-6
        3160.   4.665080E-6
        3170.   5.291330E-6
        3180.   6.090700E-6
        3190.   7.334910E-6
        3200.   9.044080E-6
        3210.   1.168880E-5
        3220.   1.506630E-5
        3230.   2.067960E-5
        3240.   2.967520E-5
        3250.   4.574520E-5
        3260.   7.627040E-5
        3270.   1.459010E-4
        3280.   2.691890E-4
        3290.   4.459180E-4
        3300.   6.492250E-4
        3310.   8.288900E-4
        3320.   9.546910E-4
        3330.   9.536850E-4
        3340.   8.438820E-4
        3350.   7.042840E-4
        3360.   5.444710E-4
        3370.   4.049250E-4
        3380.   3.229010E-4
        3390.   2.914500E-4
        3400.   2.825940E-4
        3410.   2.950520E-4
        3420.   3.274520E-4
        3430.   3.757110E-4
        3440.   4.373630E-4
        3450.   5.122570E-4
        3460.   5.853670E-4
        3470.   6.503420E-4
        3480.   6.888380E-4
        3490.   6.798260E-4
        3500.   6.555900E-4
        3510.   5.854220E-4
        3520.   5.150800E-4
        3530.   4.316650E-4
        3540.   3.616680E-4
        3550.   3.044390E-4
        3560.   2.647510E-4
        3570.   2.339690E-4
        3580.   2.178160E-4
        3590.   2.055810E-4
        3600.   2.000780E-4
        3610.   1.965010E-4
        3620.   2.005610E-4
        3630.   2.103470E-4
        3640.   2.228800E-4
        3650.   2.368180E-4
        3660.   2.566540E-4
        3670.   2.749280E-4
        3680.   2.909240E-4
        3690.   3.015030E-4
        3700.   3.043340E-4
        3710.   2.977350E-4
        3720.   2.851920E-4
        3730.   2.681690E-4
        3740.   2.423040E-4
        3750.   2.194390E-4
        3760.   1.909910E-4
        3770.   1.653760E-4
        3780.   1.454050E-4
        3790.   1.320000E-4
        3800.   1.184470E-4
        3810.   1.095910E-4
        3820.   1.014020E-4
        3830.   9.433650E-5
        3840.   8.994560E-5
        3850.   8.745350E-5
        3860.   8.700430E-5
        3870.   8.635390E-5
        3880.   8.810750E-5
        3890.   8.900560E-5
        3900.   9.249390E-5
        3910.   9.701620E-5
        3920.   1.001800E-4
        3930.   1.054900E-4
        3940.   1.086040E-4
        3950.   1.133350E-4
        3960.   1.159640E-4
        3970.   1.174880E-4
        3980.   1.177460E-4
        3990.   1.134970E-4
        4000.   1.110040E-4
        4010.   1.040060E-4
        4020.   9.735960E-5
        4030.   8.906650E-5
        4040.   8.149630E-5
        4050.   7.493210E-5
        4060.   6.708280E-5
        4070.   6.208720E-5
        4080.   5.593490E-5
        4090.   5.154090E-5
        4100.   4.773570E-5
        4110.   4.423920E-5
        4120.   4.164270E-5
        4130.   3.948560E-5
        4140.   3.709330E-5
        4150.   3.560420E-5
        4160.   3.400240E-5
        4170.   3.406570E-5
        4180.   3.339520E-5
        4190.   3.286660E-5
        4200.   3.248420E-5
        4210.   3.213340E-5
        4220.   3.232650E-5
        4230.   3.305820E-5
        4240.   3.326010E-5
        4250.   3.358690E-5
        4260.   3.400250E-5
        4270.   3.467830E-5
        4280.   3.517980E-5
        4290.   3.507530E-5
        4300.   3.553800E-5
        4310.   3.529470E-5
        4320.   3.490590E-5
        4330.   3.436020E-5
        4340.   3.380940E-5
        4350.   3.298000E-5
        4360.   3.217400E-5
        4370.   3.120380E-5
        4380.   2.908270E-5
        4390.   2.846620E-5
        4400.   2.708920E-5
        4410.   2.572810E-5
        4420.   2.417730E-5
        4430.   2.299420E-5
        4440.   2.206160E-5
        4450.   2.066020E-5
        4460.   1.998220E-5
        4470.   1.916670E-5
        4480.   1.797660E-5
        4490.   1.719520E-5
        4500.   1.675780E-5
        4510.   1.620970E-5
        4520.   1.571110E-5
        4530.   1.509720E-5
        4540.   1.486600E-5
        4550.   1.453700E-5
        4560.   1.431250E-5
        4570.   1.416110E-5
        4580.   1.397810E-5
        4590.   1.387700E-5
        4600.   1.385720E-5
        4610.   1.376480E-5
        4620.   1.383130E-5
        4630.   1.384990E-5
        4640.   1.386450E-5
        4650.   1.399160E-5
        4660.   1.436420E-5
        4670.   1.446220E-5
        4680.   1.482170E-5
        4690.   1.515180E-5
        4700.   1.524560E-5
        4710.   1.578020E-5
        4720.   1.600440E-5
        4730.   1.620960E-5
        4740.   1.650570E-5
        4750.   1.682950E-5
        4760.   1.737980E-5
        4770.   1.737440E-5
        4780.   1.779880E-5
        4790.   1.794920E-5
        4800.   1.790380E-5
        4810.   1.775800E-5
        4820.   1.784490E-5
        4830.   1.766680E-5
        4840.   1.759840E-5
        4850.   1.740350E-5
        4860.   1.723340E-5
        4870.   1.676740E-5
        4880.   1.638000E-5
        4890.   1.595180E-5
        4900.   1.546950E-5
        4910.   1.494700E-5
        4920.   1.441070E-5
        4930.   1.394080E-5
        4940.   1.349180E-5
        4950.   1.303680E-5
        4960.   1.249120E-5
        4970.   1.200880E-5
        4980.   1.157680E-5
        4990.   1.105890E-5
        5000.   1.078530E-5
        5010.   1.043780E-5
        5020.   1.006480E-5
        5030.   9.846620E-6
        5040.   9.459780E-6
        5050.   9.271180E-6
        5060.   9.031750E-6
        5070.   8.716570E-6
        5080.   8.506130E-6
        5090.   8.438680E-6
        5100.   8.200440E-6
        5110.   7.991160E-6
        5120.   7.916490E-6
        5130.   7.708540E-6
        5140.   7.621140E-6
        5150.   7.614000E-6
        5160.   7.594300E-6
        5170.   7.512030E-6
        5180.   7.472090E-6
        5190.   7.484350E-6
        5200.   7.371720E-6
        5210.   7.331610E-6
        5220.   7.382730E-6
        5230.   7.296140E-6
        5240.   7.390710E-6
        5250.   7.400290E-6
        5260.   7.524210E-6
        5270.   7.517250E-6
        5280.   7.524420E-6
        5290.   7.610110E-6
        5300.   7.733440E-6
        5310.   7.811840E-6
        5320.   7.872440E-6
        5330.   8.001530E-6
        5340.   8.017060E-6
        5350.   8.100820E-6
        5360.   8.256750E-6
        5370.   8.444460E-6
        5380.   8.388360E-6
        5390.   8.442730E-6
        5400.   8.597750E-6
        5410.   8.681010E-6
        5420.   8.678620E-6
        5430.   8.760660E-6
        5440.   8.803730E-6
        5450.   8.916560E-6
        5460.   8.891070E-6
        5470.   8.780860E-6
        5480.   9.008330E-6
        5490.   8.831310E-6
        5500.   8.857900E-6
        5510.   8.745060E-6
        5520.   8.700650E-6
        5530.   8.694330E-6
        5540.   8.576480E-6
        5550.   8.458360E-6
        5560.   8.402650E-6
        5570.   8.299250E-6
        5580.   8.170900E-6
        5590.   8.034520E-6
        5600.   7.963300E-6
        5610.   7.695930E-6
        5620.   7.532050E-6
        5630.   7.405390E-6
        5640.   7.407980E-6
        5650.   7.195300E-6
        5660.   7.140670E-6
        5670.   7.004210E-6
        5680.   6.862050E-6
        5690.   6.683580E-6
        5700.   6.558820E-6
        5710.   6.409260E-6
        5720.   6.303780E-6
        5730.   6.265360E-6
        5740.   6.188430E-6
        5750.   6.011350E-6
        5760.   6.003560E-6
        5770.   5.953840E-6
        5780.   5.798390E-6
        5790.   5.807700E-6
        5800.   5.635180E-6
        5810.   5.678030E-6
        5820.   5.565340E-6
        5830.   5.591510E-6
        5840.   5.628080E-6
        5850.   5.550920E-6
        5860.   5.490270E-6
        5870.   5.497510E-6
        5880.   5.522810E-6
        5890.   5.522690E-6
        5900.   5.472010E-6
        5910.   5.488770E-6
        5920.   5.521850E-6
        5930.   5.505550E-6
        5940.   5.528950E-6
        5950.   5.583650E-6
        5960.   5.573590E-6
        5970.   5.652460E-6
        5980.   5.713500E-6
        5990.   5.750950E-6
        6000.   5.814470E-6
        6010.   5.904190E-6
        6020.   5.962070E-6
        6030.   6.026370E-6
        6040.   6.016210E-6
        6050.   6.247990E-6
        6060.   6.337120E-6
        6070.   6.379740E-6
        6080.   6.522290E-6
        6090.   6.665770E-6
        6100.   6.686530E-6
        6110.   6.863100E-6
        6120.   6.887990E-6
        6130.   7.070650E-6
        6140.   7.104980E-6
        6150.   7.241870E-6
        6160.   7.319830E-6
        6170.   7.579050E-6
        6180.   7.639730E-6
        6190.   7.756670E-6
        6200.   7.890170E-6
        6210.   7.985830E-6
        6220.   8.086150E-6
        6230.   8.238000E-6
        6240.   8.303510E-6
        6250.   8.368640E-6
        6260.   8.430010E-6
        6270.   8.478710E-6
        6280.   8.490820E-6
        6290.   8.603990E-6
        6300.   8.693930E-6
        6310.   8.621020E-6
        6320.   8.604430E-6
        6330.   8.693810E-6
        6340.   8.509230E-6
        6350.   8.566650E-6
        6360.   8.567750E-6
        6370.   8.481630E-6
        6380.   8.432400E-6
        6390.   8.277520E-6
        6400.   8.299400E-6
        6410.   8.104930E-6
        6420.   8.062210E-6
        6430.   7.948320E-6
        6440.   7.813310E-6
        6450.   7.660570E-6
        6460.   7.486800E-6
        6470.   7.444110E-6
        6480.   7.345610E-6
        6490.   7.238510E-6
        6500.   7.076930E-6
        6510.   7.022590E-6
        6520.   6.902190E-6
        6530.   6.810840E-6
        6540.   6.654560E-6
        6550.   6.500840E-6
        6560.   6.473350E-6
        6570.   6.313940E-6
        6580.   6.209880E-6
        6590.   6.122380E-6
        6600.   6.022190E-6
        6610.   5.965580E-6
        6620.   5.826980E-6
        6630.   5.812820E-6
        6640.   5.749910E-6
        6650.   5.606620E-6
        6660.   5.536580E-6
        6670.   5.505620E-6
        6680.   5.492310E-6
        6690.   5.353300E-6
        6700.   5.354640E-6
        6710.   5.295390E-6
        6720.   5.222370E-6
        6730.   5.230270E-6
        6740.   5.298710E-6
        6750.   5.193920E-6
        6760.   5.143230E-6
        6770.   5.257500E-6
        6780.   5.135470E-6
        6790.   5.148360E-6
        6800.   5.065000E-6
        6810.   5.075780E-6
        6820.   5.107010E-6
        6830.   5.090340E-6
        6840.   5.107420E-6
        6850.   5.084120E-6
        6860.   5.080450E-6
        6870.   5.132970E-6
        6880.   5.069980E-6
        6890.   5.218850E-6
        6900.   5.234520E-6
        6910.   5.233360E-6
        6920.   5.235340E-6
        6930.   5.303150E-6
        6940.   5.368390E-6
        6950.   5.339200E-6
        6960.   5.404630E-6
        6970.   5.400620E-6
        6980.   5.501120E-6
        6990.   5.536850E-6
        7000.   5.634790E-6
        7010.   5.725860E-6
        7020.   5.830330E-6
        7030.   5.958360E-6
        7040.   5.843860E-6
        7050.   5.971150E-6
        7060.   6.065270E-6
        7070.   6.100920E-6
        7080.   6.145070E-6
        7090.   6.244350E-6
        7100.   6.378950E-6
        7110.   6.495390E-6
        7120.   6.535020E-6
        7130.   6.714110E-6
        7140.   6.809100E-6
        7150.   6.940280E-6
        7160.   6.951440E-6
        7170.   7.105980E-6
        7180.   7.255630E-6
        7190.   7.269640E-6
        7200.   7.286790E-6
        7210.   7.566430E-6
        7220.   7.760530E-6
        7230.   7.814790E-6
        7240.   7.908340E-6
        7250.   7.981100E-6
        7260.   8.139970E-6
        7270.   8.309140E-6
        7280.   8.473660E-6
        7290.   8.432750E-6
        7300.   8.618490E-6
        7310.   8.696850E-6
        7320.   8.817750E-6
        7330.   9.122500E-6
        7340.   8.929710E-6
        7350.   9.140190E-6
        7360.   9.409010E-6
        7370.   9.511260E-6
        7380.   9.430680E-6
        7390.   9.631440E-6
        7400.   9.730610E-6
        7410.   9.759020E-6
        7420.   9.845570E-6
        7430.   1.017070E-5
        7440.   1.026120E-5
        7450.   1.009390E-5
        7460.   1.025760E-5
        7470.   1.022940E-5
        7480.   1.037460E-5
        7490.   1.061050E-5
        7500.   1.046100E-5
        7510.   1.056460E-5
        7520.   1.059710E-5
        7530.   1.064800E-5
        7540.   1.074940E-5
        7550.   1.064950E-5
        7560.   1.073110E-5
        7570.   1.087470E-5
        7580.   1.086850E-5
        7590.   1.092940E-5
        7600.   1.069150E-5
        7610.   1.093920E-5
        7620.   1.095330E-5
        7630.   1.099390E-5
        7640.   1.088320E-5
        7650.   1.100150E-5
        7660.   1.109010E-5
        7670.   1.088710E-5
        7680.   1.096530E-5
        7690.   1.094170E-5
        7700.   1.090910E-5
        7710.   1.092740E-5
        7720.   1.090430E-5
        7730.   1.081770E-5
        7740.   1.087420E-5
        7750.   1.091040E-5
        7760.   1.080940E-5
        7770.   1.092650E-5
        7780.   1.076000E-5
        7790.   1.075550E-5
        7800.   1.067170E-5
        7810.   1.062900E-5
        7820.   1.080050E-5
        7830.   1.085740E-5
        7840.   1.074420E-5
        7850.   1.063860E-5
        7860.   1.090270E-5
        7870.   1.088080E-5
        7880.   1.091980E-5
        7890.   1.077370E-5
        7900.   1.083140E-5
        7910.   1.083220E-5
        7920.   1.071240E-5
        7930.   1.082800E-5
        7940.   1.081780E-5
        7950.   1.075960E-5
        7960.   1.089440E-5
        7970.   1.079610E-5
        7980.   1.083840E-5
        7990.   1.097590E-5
        8000.   1.077630E-5
        8010.   1.087850E-5
        8020.   1.096890E-5
        8030.   1.114700E-5
        8040.   1.104000E-5
        8050.   1.103050E-5
        8060.   1.107770E-5
        8070.   1.127810E-5
        8080.   1.133280E-5
        8090.   1.144920E-5
        8100.   1.125220E-5
        8110.   1.148280E-5
        8120.   1.133470E-5
        8130.   1.156780E-5
        8140.   1.158000E-5
        8150.   1.146540E-5
        8160.   1.162920E-5
        8170.   1.172090E-5
        8180.   1.190650E-5
        8190.   1.185050E-5
        8200.   1.195390E-5
        8210.   1.192700E-5
        8220.   1.216390E-5
        8230.   1.203370E-5
        8240.   1.243990E-5
        8250.   1.240100E-5
        8260.   1.229260E-5
        8270.   1.269600E-5
        8280.   1.222960E-5
        8290.   1.251000E-5
        8300.   1.260660E-5
        8310.   1.273350E-5
        8320.   1.293590E-5
        8330.   1.294240E-5
        8340.   1.307270E-5
        8350.   1.315130E-5
        8360.   1.339580E-5
        8370.   1.361010E-5
        8380.   1.349190E-5
        8390.   1.333620E-5
        8400.   1.361410E-5
        8410.   1.362820E-5
        8420.   1.384350E-5
        8430.   1.368550E-5
        8440.   1.398260E-5
        8450.   1.409730E-5
        8460.   1.436640E-5
        8470.   1.432400E-5
        8480.   1.436310E-5
        8490.   1.493240E-5
        8500.  1.000230E-10
        8510.   5.061790E-7
        8520.   1.705770E-6
        8530.  1.000230E-10
        8540.   1.003950E-5
        8550.  1.000230E-10
        8560.   8.912670E-6
        8570.   8.747960E-6
        8580.   1.119300E-6
        8590.   4.881060E-6
        8600.   1.387540E-5
        8610.   5.586510E-6
        8620.   1.756220E-6
        8630.  1.000230E-10
        8640.  1.000230E-10
        8650.   1.428620E-6
        8660.   1.776540E-5
        8670.   5.835490E-6
        8680.   6.065860E-6
        8690.   1.377940E-5
        8700.  1.000230E-10
        8710.   1.206940E-5
        8720.   1.541600E-5
        8730.   3.001910E-6
        8740.   9.449150E-6
        8750.   1.216230E-5
        8760.   1.144920E-5
        8770.   1.258600E-5
        8780.   1.357440E-5
        8790.   8.375220E-6
        8800.   1.145820E-5
        8810.   1.047990E-5
        8820.   8.236380E-6
        8830.   1.261710E-5
        8840.   8.573020E-6
        8850.   6.795840E-6
        8860.   1.512330E-5
        8870.   1.609990E-5
        8880.   1.309400E-5
        8890.   1.189190E-5
        8900.   1.686660E-5
        8910.   1.509980E-5
        8920.   1.294460E-5
        8930.   1.478150E-5
        8940.   1.290970E-5
        8950.   1.487170E-5
        8960.   1.730500E-5
        8970.   1.660210E-5
        8980.   1.349130E-5
        8990.   1.332380E-5
        9000.   1.440310E-5
        9010.   1.571840E-5
        9020.   1.629820E-5
        9030.   1.796410E-5
        9040.   1.265450E-5
        9050.   1.429350E-5
        9060.   1.638660E-5
        9070.   1.535810E-5
        9080.   1.643680E-5
        9090.   1.403500E-5
        9100.   1.892360E-5
        9110.   1.652390E-5
        9120.   1.625140E-5
        9130.   1.540670E-5
        9140.   1.671290E-5
        9150.   1.555770E-5
        9160.   1.841730E-5
        9170.   1.429700E-5
        9180.   1.505270E-5
        9190.   1.893510E-5
        9200.   1.645280E-5
        9210.   1.654240E-5
        9220.   1.698540E-5
        9230.   1.714250E-5
        9240.   1.691810E-5
        9250.   1.560660E-5
        9260.   1.691270E-5
        9270.   1.416130E-5
        9280.   1.750970E-5
        9290.   1.686280E-5
        9300.   1.668810E-5
        9310.   1.667170E-5
        9320.   1.607220E-5
        9330.   1.587230E-5
        9340.   1.499350E-5
        9350.   1.677660E-5
        9360.   1.753020E-5
        9370.   1.573540E-5
        9380.   1.468510E-5
        9390.   1.648310E-5
        9400.   1.472130E-5
        9410.   1.589590E-5
        9420.   1.574940E-5
        9430.   1.739220E-5
        9440.   1.457150E-5
        9450.   1.458730E-5
        9460.   1.439990E-5
        9470.   1.469390E-5
        9480.   1.664750E-5
        9490.   1.556710E-5
        9500.   1.453550E-5
        9510.   1.682210E-5
        9520.   1.549400E-5
        9530.   1.484800E-5
        9540.   1.542340E-5
        9550.   1.362210E-5
        9560.   1.396300E-5
        9570.   1.466920E-5
        9580.   1.545880E-5
        9590.   1.429390E-5
        9600.   1.439550E-5
        9610.   1.360440E-5
        9620.   1.452520E-5
        9630.   1.434150E-5
        9640.   1.302670E-5
        9650.   1.308170E-5
        9660.   1.376000E-5
        9670.   1.314310E-5
        9680.   1.358360E-5
        9690.   1.334620E-5
        9700.   1.392000E-5
        9710.   1.254430E-5
        9720.   1.116610E-5
        9730.   1.135510E-5
        9740.   1.318360E-5
        9750.   1.396560E-5
        9760.   1.204540E-5
        9770.   1.183540E-5
        9780.   1.120440E-5
        9790.   1.302970E-5
        9800.   1.118640E-5
        9810.   1.163210E-5
        9820.   1.193730E-5
        9830.   1.137240E-5
        9840.   1.251130E-5
        9850.   1.047290E-5
        9860.   1.162890E-5
        9870.   1.124670E-5
        9880.   1.220230E-5
        9890.   1.069030E-5
        9900.   1.189760E-5
        9910.   1.106990E-5
        9920.   9.711540E-6
        9930.   1.096620E-5
        9940.   1.011180E-5
        9950.   1.076270E-5
        9960.   9.957950E-6
        9970.   9.931320E-6
        9980.   1.039480E-5
        9990.   9.473970E-6
       10000.   1.066200E-5
       10010.   9.506270E-6
       10020.   9.410080E-6
       10030.   9.708300E-6
       10040.   1.003540E-5
       10050.   9.391220E-6
       10060.   1.066750E-5
       10070.   8.942010E-6
       10080.   9.471220E-6
       10090.   9.215580E-6
       10100.   9.219790E-6
       10110.   9.586900E-6
       10120.   9.730160E-6
       10130.   8.938800E-6
       10140.   9.129630E-6
       10150.   8.771900E-6
       10160.   8.717020E-6
       10170.   9.057070E-6
       10180.   8.597200E-6
       10190.   8.867270E-6
       10200.   8.008850E-6
       10210.   9.441350E-6
       10220.   8.288900E-6
       10230.   7.990320E-6
       10240.   8.915460E-6
       10250.   8.389340E-6
       10260.   7.717340E-6
       10270.   7.566010E-6
       10280.   8.690610E-6
       10290.   7.901250E-6
       10300.   8.101360E-6
       10310.   8.037950E-6
       10320.   7.941220E-6
       10330.   8.300670E-6
       10340.   8.220060E-6
       10350.   7.761560E-6
       10360.   8.503910E-6
       10370.   7.561550E-6
       10380.   8.389270E-6
       10390.   7.992650E-6
       10400.   6.833620E-6
       10410.   7.515610E-6
       10420.   7.538470E-6
       10430.   7.989900E-6
       10440.   7.404500E-6
       10450.   7.738610E-6
       10460.   7.727730E-6
       10470.   7.228960E-6
       10480.   7.339040E-6
       10490.   7.923340E-6
       10500.   7.488530E-6
       10510.   7.661540E-6
       10520.   7.945950E-6
       10530.   6.347810E-6
       10540.   7.347950E-6
       10550.   7.160140E-6
       10560.   7.329680E-6
       10570.   6.714200E-6
       10580.   8.188420E-6
       10590.   6.960520E-6
       10600.   7.244740E-6
       10610.   6.683270E-6
       10620.   6.942180E-6
       10630.   7.092040E-6
       10640.   7.018270E-6
       10650.   6.955820E-6
       10660.   6.187790E-6
       10670.   8.577370E-6
       10680.   6.894990E-6
       10690.   6.560200E-6
       10700.   6.738730E-6
       10710.   6.736180E-6
       10720.   6.391520E-6
       10730.   6.646730E-6
       10740.   6.931770E-6
       10750.   6.616770E-6
       10760.   7.621490E-6
       10770.   6.325050E-6
       10780.   7.244190E-6
       10790.   6.487520E-6
       10800.   7.086250E-6
       10810.   6.897230E-6
       10820.   7.412010E-6
       10830.   6.517070E-6
       10840.   6.811700E-6
       10850.   6.908190E-6
       10860.   6.545540E-6
       10870.   6.247320E-6
       10880.   6.745150E-6
       10890.   7.425060E-6
       10900.   6.727850E-6
       10910.   6.417220E-6
       10920.   6.649840E-6
       10930.   6.312840E-6
       10940.   6.949460E-6
       10950.   6.986730E-6
       10960.   6.688540E-6
       10970.   6.975930E-6
       10980.   7.570880E-6
       10990.   6.870340E-6
       11000.   6.019690E-6
       11001.            0.
       11002.            0.
