        1938.            0.
        1939.            0.
        1940.   3.647680E-8
        1950.   2.546950E-8
        1960.   1.121640E-8
        1970.  1.000230E-10
        1980.   1.109440E-8
        1990.   3.061310E-8
        2000.   1.419550E-8
        2010.   4.039420E-8
        2020.   1.477780E-8
        2030.   9.607990E-9
        2040.   1.211610E-9
        2050.  1.000230E-10
        2060.   9.495860E-9
        2070.  1.000230E-10
        2080.  1.000230E-10
        2090.  1.000230E-10
        2100.  1.000230E-10
        2110.   6.370430E-9
        2120.   2.973800E-9
        2130.  1.000230E-10
        2140.  1.000230E-10
        2150.  1.000230E-10
        2160.   5.681020E-9
        2170.  1.000230E-10
        2180.  1.000230E-10
        2190.  1.000230E-10
        2200.  1.000230E-10
        2210.  1.000230E-10
        2220.  1.000230E-10
        2230.  1.000230E-10
        2240.  1.000230E-10
        2250.  1.000230E-10
        2260.  1.000230E-10
        2270.   4.674350E-9
        2280.  1.000230E-10
        2290.  1.000230E-10
        2300.  1.000230E-10
        2310.  1.000230E-10
        2320.   1.399590E-8
        2330.  1.000230E-10
        2340.  3.451300E-10
        2350.  1.000230E-10
        2360.  1.000230E-10
        2370.  1.000230E-10
        2380.   1.041950E-8
        2390.   6.747440E-9
        2400.   3.025930E-9
        2410.  1.000230E-10
        2420.   1.817550E-8
        2430.  1.000230E-10
        2440.   1.316830E-8
        2450.   1.012790E-8
        2460.  1.000230E-10
        2470.   7.001620E-9
        2480.  1.000230E-10
        2490.   1.243040E-8
        2500.  1.000230E-10
        2510.  1.000230E-10
        2520.  1.000230E-10
        2530.   1.371510E-9
        2540.   3.124490E-9
        2550.   7.060340E-9
        2560.  1.000230E-10
        2570.   7.745530E-9
        2580.   1.247220E-8
        2590.   8.225210E-9
        2600.   3.209090E-8
        2610.  1.000230E-10
        2620.   1.162930E-8
        2630.  1.000230E-10
        2640.   1.013160E-8
        2650.   2.625420E-8
        2660.  1.000230E-10
        2670.   1.398270E-8
        2680.   1.074640E-8
        2690.  1.000230E-10
        2700.  1.000230E-10
        2710.   1.537320E-8
        2720.  1.000230E-10
        2730.  1.000230E-10
        2740.   8.976280E-9
        2750.  1.000230E-10
        2760.   1.210960E-8
        2770.  1.000230E-10
        2780.   2.765150E-9
        2790.  1.000230E-10
        2800.   1.721810E-9
        2810.   4.140960E-8
        2820.   5.539960E-8
        2830.   2.617740E-8
        2840.   9.471180E-8
        2850.   1.210870E-7
        2860.   1.469640E-7
        2870.   1.972340E-7
        2880.   2.516340E-7
        2890.   3.475170E-7
        2900.   3.904150E-7
        2910.   5.381430E-7
        2920.   6.521630E-7
        2930.   7.176870E-7
        2940.   7.609490E-7
        2950.   8.597260E-7
        2960.   8.512090E-7
        2970.   8.710350E-7
        2980.   8.751310E-7
        2990.   9.296410E-7
        3000.   9.986830E-7
        3010.   1.066790E-6
        3020.   1.061150E-6
        3030.   1.102150E-6
        3040.   1.068580E-6
        3050.   9.952490E-7
        3060.   9.387460E-7
        3070.   9.322510E-7
        3080.   1.088430E-6
        3090.   1.303880E-6
        3100.   1.527010E-6
        3110.   1.809460E-6
        3120.   1.842680E-6
        3130.   1.852070E-6
        3140.   1.646000E-6
        3150.   1.511320E-6
        3160.   1.324490E-6
        3170.   1.190080E-6
        3180.   1.118100E-6
        3190.   1.081920E-6
        3200.   1.102760E-6
        3210.   1.259510E-6
        3220.   1.518120E-6
        3230.   1.679060E-6
        3240.   1.807030E-6
        3250.   1.802400E-6
        3260.   1.694590E-6
        3270.   1.636820E-6
        3280.   1.643970E-6
        3290.   1.617680E-6
        3300.   1.837020E-6
        3310.   2.088220E-6
        3320.   2.248930E-6
        3330.   2.301440E-6
        3340.   2.260940E-6
        3350.   2.139020E-6
        3360.   2.056100E-6
        3370.   1.871850E-6
        3380.   1.739690E-6
        3390.   1.661640E-6
        3400.   1.587110E-6
        3410.   1.388650E-6
        3420.   1.253770E-6
        3430.   1.102100E-6
        3440.   1.174010E-6
        3450.   1.355490E-6
        3460.   1.709180E-6
        3470.   1.984610E-6
        3480.   2.110930E-6
        3490.   2.089270E-6
        3500.   2.002410E-6
        3510.   1.689320E-6
        3520.   1.504700E-6
        3530.   1.333750E-6
        3540.   1.160430E-6
        3550.   1.238610E-6
        3560.   1.381620E-6
        3570.   1.730470E-6
        3580.   1.811160E-6
        3590.   1.847260E-6
        3600.   1.862110E-6
        3610.   1.832010E-6
        3620.   1.684050E-6
        3630.   1.598110E-6
        3640.   1.542070E-6
        3650.   1.498530E-6
        3660.   1.704360E-6
        3670.   1.784750E-6
        3680.   1.782090E-6
        3690.   1.907090E-6
        3700.   1.821800E-6
        3710.   1.614290E-6
        3720.   1.484540E-6
        3730.   1.468700E-6
        3740.   1.514730E-6
        3750.   1.624660E-6
        3760.   1.896690E-6
        3770.   2.291900E-6
        3780.   2.526930E-6
        3790.   2.793060E-6
        3800.   2.769720E-6
        3810.   2.756280E-6
        3820.   2.521200E-6
        3830.   2.265120E-6
        3840.   1.995770E-6
        3850.   1.724390E-6
        3860.   1.661960E-6
        3870.   1.562920E-6
        3880.   1.747130E-6
        3890.   1.776720E-6
        3900.   2.178830E-6
        3910.   2.417000E-6
        3920.   2.464860E-6
        3930.   2.585090E-6
        3940.   2.850680E-6
        3950.   2.614940E-6
        3960.   2.721060E-6
        3970.   2.629560E-6
        3980.   2.644220E-6
        3990.   2.760290E-6
        4000.   2.862380E-6
        4010.   2.953390E-6
        4020.   3.002980E-6
        4030.   3.013180E-6
        4040.   3.131810E-6
        4050.   3.149320E-6
        4060.   3.146360E-6
        4070.   3.074450E-6
        4080.   2.902940E-6
        4090.   2.732900E-6
        4100.   2.651940E-6
        4110.   2.588080E-6
        4120.   2.623560E-6
        4130.   2.671640E-6
        4140.   2.919980E-6
        4150.   2.983540E-6
        4160.   3.144820E-6
        4170.   3.280780E-6
        4180.   3.312800E-6
        4190.   3.374440E-6
        4200.   3.369630E-6
        4210.   3.366490E-6
        4220.   3.363460E-6
        4230.   3.287190E-6
        4240.   3.295650E-6
        4250.   3.371020E-6
        4260.   3.428030E-6
        4270.   3.548410E-6
        4280.   3.820660E-6
        4290.   4.198600E-6
        4300.   4.850080E-6
        4310.   5.575820E-6
        4320.   6.523060E-6
        4330.   7.789200E-6
        4340.   9.103050E-6
        4350.   1.082380E-5
        4360.   1.268700E-5
        4370.   1.507030E-5
        4380.   1.753460E-5
        4390.   2.034270E-5
        4400.   2.317660E-5
        4410.   2.617980E-5
        4420.   2.873640E-5
        4430.   3.119510E-5
        4440.   3.358390E-5
        4450.   3.536680E-5
        4460.   3.612980E-5
        4470.   3.683820E-5
        4480.   3.705770E-5
        4490.   3.626720E-5
        4500.   3.542500E-5
        4510.   3.394470E-5
        4520.   3.247180E-5
        4530.   3.072070E-5
        4540.   2.888840E-5
        4550.   2.724100E-5
        4627.   1.600000E-5
        4628.   3.600000E-5
        4629.   2.700000E-5
        4630.   9.000000E-6
        4631.   7.000000E-6
        4632.   2.700000E-5
        4633.   2.400000E-5
        4634.   2.800000E-5
        4635.   1.900000E-5
        4636.   3.900000E-5
        4637.   5.600000E-5
        4638.   7.100000E-5
        4639.   6.100000E-5
        4640.   9.800000E-5
        4641.   1.160000E-4
        4642.   1.600000E-4
        4643.   2.350000E-4
        4644.   2.940000E-4
        4645.   3.670000E-4
        4646.   5.370000E-4
        4647.   7.350000E-4
        4648.      0.001026
        4649.      0.001416
        4650.      0.002015
        4651.      0.002852
        4652.      0.004327
        4653.      0.006412
        4654.      0.009918
        4655.      0.015561
        4656.      0.024961
        4657.      0.039739
        4658.      0.063052
        4659.      0.101454
        4660.       0.15737
        4661.      0.233972
        4662.      0.320467
        4663.      0.416879
        4664.      0.499441
        4665.      0.566613
        4666.      0.607336
        4667.      0.630579
        4668.       0.64359
        4669.      0.650595
        4670.      0.656327
        4671.      0.661477
        4672.      0.667129
        4673.      0.672126
        4674.      0.676112
        4675.      0.679768
        4676.       0.68276
        4677.      0.684726
        4678.      0.687525
        4679.      0.689324
        4680.      0.690267
        4681.      0.690054
        4682.      0.690795
        4683.      0.690704
        4684.      0.689764
        4685.       0.68941
        4686.      0.689155
        4687.       0.68697
        4688.      0.685281
        4689.      0.684232
        4690.      0.682282
        4691.      0.678453
        4692.      0.676956
        4693.      0.674326
        4694.      0.670534
        4695.      0.666083
        4696.      0.661673
        4697.      0.656535
        4698.      0.651145
        4699.      0.646714
        4700.       0.64027
        4701.      0.635244
        4702.      0.629951
        4703.      0.625333
        4704.      0.620966
        4705.      0.618106
        4706.      0.617194
        4707.      0.616518
        4708.      0.613886
        4709.      0.604944
        4710.      0.581613
        4711.      0.536209
        4712.      0.464214
        4713.      0.369701
        4714.      0.274951
        4715.      0.187255
        4716.       0.12499
        4717.      0.077534
        4718.      0.049022
        4719.      0.029985
        4720.      0.019132
        4721.      0.012159
        4722.      0.007924
        4723.      0.005226
        4724.      0.003545
        4725.      0.002485
        4726.      0.001728
        4727.      0.001265
        4728.   9.210000E-4
        4729.   6.820000E-4
        4730.   4.970000E-4
        4731.   3.920000E-4
        4732.   2.940000E-4
        4733.   2.230000E-4
        4734.   1.890000E-4
        4735.   1.540000E-4
        4736.   1.300000E-4
        4737.   1.140000E-4
        4738.   8.100000E-5
        4739.   6.600000E-5
        4740.   7.700000E-5
        4741.   6.800000E-5
        4742.   4.000000E-5
        4743.   6.500000E-5
        4744.   4.900000E-5
        4810.   6.991170E-6
        4820.   5.427770E-6
        4830.   5.013650E-6
        4840.   4.672990E-6
        4850.   4.485740E-6
        4860.   4.319440E-6
        4870.   4.063000E-6
        4880.   3.906600E-6
        4890.   3.721200E-6
        4900.   3.638070E-6
        4910.   3.426940E-6
        4920.   3.296020E-6
        4930.   3.009440E-6
        4940.   2.660220E-6
        4950.   2.205350E-6
        4960.   1.712520E-6
        4970.   1.285290E-6
        4980.   8.867390E-7
        4990.   5.730850E-7
        5000.   3.984620E-7
        5010.   2.569340E-7
        5020.   1.520950E-7
        5030.   1.082420E-7
        5040.   9.871950E-8
        5050.   8.677750E-8
        5060.   4.565280E-8
        5070.   3.101510E-8
        5080.   2.313990E-8
        5090.   1.622050E-8
        5100.   3.263120E-8
        5110.   4.192150E-9
        5120.   5.549390E-9
        5130.   4.464370E-8
        5140.   1.096600E-8
        5150.   2.717380E-8
        5160.   1.516170E-8
        5170.  1.000230E-10
        5180.   2.717130E-8
        5190.   1.907180E-8
        5200.   2.594030E-8
        5210.   1.405510E-9
        5220.   1.224440E-8
        5230.   5.451870E-9
        5240.  1.000230E-10
        5250.   6.827290E-9
        5260.  1.000230E-10
        5270.   1.642390E-8
        5280.   3.001030E-8
        5290.   1.074040E-8
        5300.   1.069240E-8
        5310.  1.000230E-10
        5320.  1.000230E-10
        5330.  1.000230E-10
        5340.   2.091900E-9
        5350.  1.000230E-10
        5360.  1.000230E-10
        5370.  1.000230E-10
        5380.  1.000230E-10
        5390.  1.000230E-10
        5400.   1.277090E-8
        5410.  1.000230E-10
        5420.  1.000230E-10
        5430.  1.000230E-10
        5440.  1.000230E-10
        5450.   1.640950E-8
        5460.   1.124180E-7
        5470.   2.089670E-7
        5480.   3.804220E-7
        5490.   4.657370E-7
        5500.   5.335980E-7
        5510.   6.055400E-7
        5520.   4.796390E-7
        5530.   3.453020E-7
        5540.   2.231360E-7
        5550.   1.738970E-7
        5560.   1.604900E-7
        5570.   2.122400E-7
        5580.   2.280110E-7
        5590.   2.309530E-7
        5600.   2.187620E-7
        5610.   1.444140E-7
        5620.   1.822270E-7
        5630.   1.645810E-7
        5640.   2.163120E-7
        5650.   1.978950E-7
        5660.   1.498310E-7
        5670.   1.310950E-7
        5680.   9.916490E-8
        5690.   1.379040E-7
        5700.   1.334190E-7
        5710.   6.514410E-8
        5720.   3.293550E-8
        5730.   1.531900E-8
        5740.  1.000230E-10
        5750.  1.000230E-10
        5760.  1.000230E-10
        5770.  1.000230E-10
        5780.  1.000230E-10
        5790.  1.000230E-10
        5800.  1.000230E-10
        5810.   5.287140E-9
        5820.  1.000230E-10
        5830.  1.000230E-10
        5840.  1.000230E-10
        5850.  1.000230E-10
        5860.  1.000230E-10
        5870.  1.000230E-10
        5880.  1.000230E-10
        5890.  1.000230E-10
        5900.  1.000230E-10
        5910.   1.379550E-8
        5920.   1.224720E-8
        5930.   1.280970E-9
        5940.   1.600200E-8
        5950.   1.634000E-8
        5960.   4.314860E-8
        5970.  1.000230E-10
        5980.  1.000230E-10
        5990.   1.568340E-8
        6000.  1.000230E-10
        6010.  1.000230E-10
        6020.  1.000230E-10
        6030.  1.000230E-10
        6040.  1.000230E-10
        6050.  1.000230E-10
        6060.  1.000230E-10
        6070.   1.781140E-8
        6080.   3.373070E-8
        6090.  1.000230E-10
        6100.   1.980600E-8
        6110.  1.000230E-10
        6120.  1.000230E-10
        6130.  1.000230E-10
        6140.  1.000230E-10
        6150.  1.000230E-10
        6160.   5.967340E-9
        6170.   7.547830E-9
        6180.  1.000230E-10
        6190.  1.000230E-10
        6200.  1.000230E-10
        6210.   3.427680E-9
        6220.  1.000230E-10
        6230.  1.000230E-10
        6240.  1.000230E-10
        6250.  1.000230E-10
        6260.   6.289130E-9
        6270.  1.000230E-10
        6280.  1.000230E-10
        6290.  1.000230E-10
        6300.  1.000230E-10
        6310.  1.000230E-10
        6320.   1.055880E-8
        6330.  1.000230E-10
        6340.   1.183360E-8
        6350.   1.795520E-8
        6360.   2.399040E-8
        6370.   3.323200E-8
        6380.   1.777140E-8
        6390.   1.071150E-8
        6400.   2.518680E-8
        6410.  1.000230E-10
        6420.   1.624060E-8
        6430.   8.805530E-9
        6440.  1.000230E-10
        6450.  1.000230E-10
        6460.  1.000230E-10
        6470.  1.000230E-10
        6480.  1.000230E-10
        6490.  1.000230E-10
        6500.  1.000230E-10
        6510.  1.000230E-10
        6520.  1.000230E-10
        6530.  1.000230E-10
        6540.  1.000230E-10
        6550.  1.000230E-10
        6560.  1.000230E-10
        6570.  1.000230E-10
        6580.  1.000230E-10
        6590.  1.000230E-10
        6600.  1.000230E-10
        6610.  1.000230E-10
        6620.  1.000230E-10
        6630.  1.000230E-10
        6640.  1.000230E-10
        6650.  1.000230E-10
        6660.   6.072340E-9
        6670.  1.000230E-10
        6680.   1.547330E-8
        6690.  1.000230E-10
        6700.   7.307640E-9
        6710.  1.000230E-10
        6720.  1.000230E-10
        6730.   1.668350E-8
        6740.  1.000230E-10
        6750.  1.000230E-10
        6760.  1.000230E-10
        6770.  1.000230E-10
        6780.  1.000230E-10
        6790.  1.000230E-10
        6800.  1.000230E-10
        6810.  1.000230E-10
        6820.   1.797410E-8
        6830.  1.000230E-10
        6840.  1.000230E-10
        6850.   7.940800E-9
        6860.  1.000230E-10
        6870.  1.000230E-10
        6880.  1.000230E-10
        6890.  1.000230E-10
        6900.  1.000230E-10
        6910.  1.000230E-10
        6920.  1.000230E-10
        6930.  1.000230E-10
        6940.  4.703220E-10
        6950.   5.794370E-9
        6960.  1.000230E-10
        6970.  1.000230E-10
        6980.  1.000230E-10
        6990.  1.000230E-10
        7000.  1.000230E-10
        7010.  1.000230E-10
        7020.  1.000230E-10
        7030.  1.000230E-10
        7040.   8.545700E-9
        7050.  1.000230E-10
        7060.  9.540460E-10
        7070.   1.256350E-8
        7080.  1.000230E-10
        7090.   1.457320E-8
        7100.   1.244380E-8
        7110.   3.212940E-8
        7120.  1.000230E-10
        7130.  1.000230E-10
        7140.  1.000230E-10
        7150.   4.323210E-9
        7160.   1.749950E-8
        7170.  1.000230E-10
        7180.   2.346530E-9
        7190.  1.000230E-10
        7200.   2.626090E-8
        7210.  1.000230E-10
        7220.  1.000230E-10
        7230.   1.027180E-8
        7240.  1.000230E-10
        7250.   1.073260E-8
        7260.   2.036440E-8
        7270.   1.498430E-9
        7280.  1.000230E-10
        7290.  1.000230E-10
        7300.  1.000230E-10
        7310.  1.000230E-10
        7320.  1.000230E-10
        7330.   5.684780E-9
        7340.   8.301910E-9
        7350.  1.000230E-10
        7360.  1.000230E-10
        7370.  1.000230E-10
        7380.  1.000230E-10
        7390.  1.000230E-10
        7400.  1.000230E-10
        7410.  1.000230E-10
        7420.  1.000230E-10
        7430.  1.000230E-10
        7440.  1.000230E-10
        7450.  1.000230E-10
        7460.  1.000230E-10
        7470.  1.000230E-10
        7480.  1.000230E-10
        7490.   9.295470E-9
        7500.  1.000230E-10
        7510.   8.175700E-9
        7520.  1.000230E-10
        7530.  1.000230E-10
        7540.  1.000230E-10
        7550.   8.936570E-9
        7560.  1.000230E-10
        7570.  1.000230E-10
        7580.  1.000230E-10
        7590.  1.000230E-10
        7600.  1.000230E-10
        7610.  1.000230E-10
        7620.   1.476720E-8
        7630.  1.000230E-10
        7640.  1.000230E-10
        7650.   1.270110E-8
        7660.  1.000230E-10
        7670.  1.000230E-10
        7680.  1.000230E-10
        7690.  1.000230E-10
        7700.  1.000230E-10
        7710.  1.000230E-10
        7720.  1.000230E-10
        7730.  1.000230E-10
        7740.  1.000230E-10
        7750.  1.000230E-10
        7760.  1.000230E-10
        7770.  1.000230E-10
        7780.  1.000230E-10
        7790.  1.000230E-10
        7800.  1.000230E-10
        7810.  1.000230E-10
        7820.  1.000230E-10
        7830.  1.000230E-10
        7840.  1.000230E-10
        7850.  1.000230E-10
        7860.  1.000230E-10
        7870.  1.000230E-10
        7880.  1.000230E-10
        7890.  1.000230E-10
        7900.  1.000230E-10
        7910.  1.000230E-10
        7920.  1.000230E-10
        7930.  1.000230E-10
        7940.  1.000230E-10
        7950.  1.000230E-10
        7960.  1.000230E-10
        7970.  1.000230E-10
        7980.  1.000230E-10
        7990.  1.000230E-10
        8000.  1.000230E-10
        8010.  1.000230E-10
        8020.  1.000230E-10
        8030.  1.000230E-10
        8040.  1.000230E-10
        8050.  1.000230E-10
        8060.  1.000230E-10
        8070.  1.000230E-10
        8080.  1.000230E-10
        8090.  1.000230E-10
        8100.  1.000230E-10
        8110.  1.000230E-10
        8120.  1.000230E-10
        8130.  1.000230E-10
        8140.  1.000230E-10
        8150.  1.000230E-10
        8160.  1.000230E-10
        8170.  1.000230E-10
        8180.  1.000230E-10
        8190.  1.000230E-10
        8200.  1.000230E-10
        8210.   2.648270E-9
        8220.  1.000230E-10
        8230.  1.000230E-10
        8240.  1.000230E-10
        8250.  1.000230E-10
        8260.  1.000230E-10
        8270.  1.000230E-10
        8280.  1.000230E-10
        8290.  1.000230E-10
        8300.  1.000230E-10
        8310.  5.581050E-10
        8320.  1.000230E-10
        8330.  1.000230E-10
        8340.  1.000230E-10
        8350.  1.000230E-10
        8360.  1.000230E-10
        8370.  1.000230E-10
        8380.  1.000230E-10
        8390.  1.000230E-10
        8400.  1.000230E-10
        8410.  1.000230E-10
        8420.  1.000230E-10
        8430.  1.000230E-10
        8440.  1.000230E-10
        8450.  1.000230E-10
        8460.  1.000230E-10
        8470.  1.000230E-10
        8480.  1.000230E-10
        8490.  1.000230E-10
        8500.  1.000230E-10
        8510.   6.603240E-7
        8520.  1.000230E-10
        8530.   1.929570E-6
        8540.  1.000230E-10
        8550.  1.000230E-10
        8560.  1.000230E-10
        8570.   3.458810E-6
        8580.  1.000230E-10
        8590.  1.000230E-10
        8600.  1.000230E-10
        8610.   2.216720E-7
        8620.   1.368650E-7
        8630.  1.000230E-10
        8640.  1.000230E-10
        8650.  1.000230E-10
        8660.  1.000230E-10
        8670.  1.000230E-10
        8680.  1.000230E-10
        8690.  1.000230E-10
        8700.  1.000230E-10
        8710.   1.511220E-6
        8720.  1.000230E-10
        8730.   1.709600E-7
        8740.  1.000230E-10
        8750.   2.743490E-7
        8760.   3.305650E-7
        8770.  1.000230E-10
        8780.   4.157630E-7
        8790.  1.000230E-10
        8800.  1.000230E-10
        8810.  1.000230E-10
        8820.  1.000230E-10
        8830.   1.649880E-6
        8840.  1.000230E-10
        8850.   1.404570E-6
        8860.  1.000230E-10
        8870.  1.000230E-10
        8880.  1.000230E-10
        8890.  1.000230E-10
        8900.  1.000230E-10
        8910.  1.000230E-10
        8920.  1.000230E-10
        8930.  1.000230E-10
        8940.  1.000230E-10
        8950.  1.000230E-10
        8960.  1.000230E-10
        8970.  1.000230E-10
        8980.  1.000230E-10
        8990.  1.000230E-10
        9000.   1.325080E-6
        9010.   8.181520E-7
        9020.  1.000230E-10
        9030.  1.000230E-10
        9040.  1.000230E-10
        9050.   2.924720E-7
        9060.  1.000230E-10
        9070.   5.788500E-8
        9080.   6.020380E-7
        9090.  1.000230E-10
        9100.  1.000230E-10
        9110.   4.102500E-7
        9120.   3.885970E-7
        9130.   1.235590E-7
        9140.  1.000230E-10
        9150.  1.000230E-10
        9160.  1.000230E-10
        9170.  1.000230E-10
        9180.  1.000230E-10
        9190.  1.000230E-10
        9200.  1.000230E-10
        9210.   9.172590E-7
        9220.  1.000230E-10
        9230.  1.000230E-10
        9240.  1.000230E-10
        9250.  1.000230E-10
        9260.  1.000230E-10
        9270.   1.636300E-7
        9280.  1.000230E-10
        9290.   3.555530E-7
        9300.   4.280240E-7
        9310.  1.000230E-10
        9320.  1.000230E-10
        9330.  1.000230E-10
        9340.  1.000230E-10
        9350.  1.000230E-10
        9360.  1.000230E-10
        9370.  1.000230E-10
        9380.  1.000230E-10
        9390.  1.000230E-10
        9400.  1.000230E-10
        9410.   1.257680E-7
        9420.  1.000230E-10
        9430.  1.000230E-10
        9440.  1.000230E-10
        9450.   3.872020E-7
        9460.  1.000230E-10
        9470.  1.000230E-10
        9480.  1.000230E-10
        9490.  1.000230E-10
        9500.  1.000230E-10
        9510.  1.000230E-10
        9520.   2.155900E-7
        9530.  1.000230E-10
        9540.   1.435160E-7
        9550.  1.000230E-10
        9560.   4.520940E-8
        9570.  1.000230E-10
        9580.   9.463680E-8
        9590.  1.000230E-10
        9600.  1.000230E-10
        9610.  1.000230E-10
        9620.  1.000230E-10
        9630.  1.000230E-10
        9640.   4.713190E-8
        9650.  1.000230E-10
        9660.  1.000230E-10
        9670.  1.000230E-10
        9680.  1.000230E-10
        9690.  1.000230E-10
        9700.   5.998590E-9
        9710.  1.000230E-10
        9720.  1.000230E-10
        9730.  1.000230E-10
        9740.  1.000230E-10
        9750.  1.000230E-10
        9760.  1.000230E-10
        9770.  1.000230E-10
        9780.  1.000230E-10
        9790.  1.000230E-10
        9800.   1.181850E-8
        9810.  1.000230E-10
        9820.  1.000230E-10
        9830.  1.000230E-10
        9840.   2.718470E-8
        9850.  1.000230E-10
        9860.  1.000230E-10
        9870.  1.000230E-10
        9880.  1.000230E-10
        9890.  1.000230E-10
        9900.  1.000230E-10
        9910.  1.000230E-10
        9920.  1.000230E-10
        9930.  1.000230E-10
        9940.  1.000230E-10
        9950.  1.000230E-10
        9960.  1.000230E-10
        9970.  1.000230E-10
        9980.  1.000230E-10
        9990.  1.000230E-10
       10000.  1.000230E-10
       10010.  1.000230E-10
       10020.  1.000230E-10
       10030.  1.000230E-10
       10040.  1.000230E-10
       10050.  1.000230E-10
       10060.  1.000230E-10
       10070.  1.000230E-10
       10080.  1.000230E-10
       10090.  1.000230E-10
       10100.  1.000230E-10
       10110.  1.000230E-10
       10120.  1.000230E-10
       10130.  1.000230E-10
       10140.  1.000230E-10
       10150.  1.000230E-10
       10160.  1.000230E-10
       10170.  1.000230E-10
       10180.  1.000230E-10
       10190.  1.000230E-10
       10200.  1.000230E-10
       10210.  1.000230E-10
       10220.  1.000230E-10
       10230.  1.000230E-10
       10240.  1.000230E-10
       10250.  1.000230E-10
       10260.   2.725240E-7
       10270.  1.000230E-10
       10280.  1.000230E-10
       10290.  1.000230E-10
       10300.   3.811150E-8
       10310.  1.000230E-10
       10320.  1.000230E-10
       10330.  1.000230E-10
       10340.  1.000230E-10
       10350.  1.000230E-10
       10360.  1.000230E-10
       10370.   4.790290E-9
       10380.  1.000230E-10
       10390.  1.000230E-10
       10400.  1.000230E-10
       10410.  1.000230E-10
       10420.  1.000230E-10
       10430.  1.000230E-10
       10440.   1.000340E-7
       10450.  1.000230E-10
       10460.   1.411010E-7
       10470.  1.000230E-10
       10480.  1.000230E-10
       10490.  1.000230E-10
       10500.  1.000230E-10
       10510.  1.000230E-10
       10520.  1.000230E-10
       10530.   3.837940E-8
       10540.  1.000230E-10
       10550.  1.000230E-10
       10560.  1.000230E-10
       10570.  1.000230E-10
       10580.  1.000230E-10
       10590.  1.000230E-10
       10600.  1.000230E-10
       10610.  1.000230E-10
       10620.  1.000230E-10
       10630.  1.000230E-10
       10640.  1.000230E-10
       10650.  1.000230E-10
       10660.  1.000230E-10
       10670.  1.000230E-10
       10680.  1.000230E-10
       10690.  1.000230E-10
       10700.  1.000230E-10
       10710.  1.000230E-10
       10720.  1.000230E-10
       10730.  1.000230E-10
       10740.  1.000230E-10
       10750.  1.000230E-10
       10760.   1.066070E-7
       10770.  1.000230E-10
       10780.  1.000230E-10
       10790.  1.000230E-10
       10800.  1.000230E-10
       10810.  1.000230E-10
       10820.  1.000230E-10
       10830.  1.000230E-10
       10840.  1.000230E-10
       10850.  1.000230E-10
       10860.  1.000230E-10
       10870.  1.000230E-10
       10880.  1.000230E-10
       10890.  1.000230E-10
       10900.  1.000230E-10
       10910.   2.350230E-7
       10920.  1.000230E-10
       10930.  1.000230E-10
       10940.  1.000230E-10
       10950.  1.000230E-10
       10960.  1.000230E-10
       10970.  1.000230E-10
       10980.  1.000230E-10
       10990.   8.378920E-8
       11000.  1.000230E-10
       11001.            0.
       11002.            0.
