        1938.            0.
        1939.            0.
        1940.   6.406090E-8
        1950.   1.084780E-7
        1960.  1.000230E-10
        1970.   2.389700E-9
        1980.   3.075450E-8
        1990.   5.361220E-8
        2000.  1.000230E-10
        2010.   2.968330E-8
        2020.   2.072620E-8
        2030.   2.477600E-8
        2040.   6.788420E-8
        2050.   3.731270E-8
        2060.   1.290690E-8
        2070.   1.928030E-8
        2080.   3.234010E-8
        2090.   4.530530E-8
        2100.   3.445460E-8
        2110.  8.256970E-10
        2120.  1.000230E-10
        2130.   9.081640E-9
        2140.   9.271070E-9
        2150.   3.118420E-8
        2160.  1.000230E-10
        2170.  1.000230E-10
        2180.   9.632920E-9
        2190.   2.355160E-8
        2200.   1.207770E-8
        2210.   2.513900E-8
        2220.   5.339470E-9
        2230.   2.603650E-8
        2240.   1.288530E-8
        2250.   9.854530E-9
        2260.   1.267990E-8
        2270.   4.991160E-8
        2280.   2.751470E-8
        2290.   2.033460E-8
        2300.   9.754870E-9
        2310.   9.616600E-9
        2320.   2.078660E-8
        2330.   4.455890E-8
        2340.  9.194350E-10
        2350.   2.819590E-8
        2360.   2.012270E-8
        2370.   1.946390E-8
        2380.   9.786650E-9
        2390.   1.641900E-8
        2400.   3.076670E-8
        2410.   5.126540E-9
        2420.   2.547590E-8
        2430.   2.839400E-8
        2440.   2.172830E-8
        2450.   2.555630E-8
        2460.   2.441970E-8
        2470.   2.551430E-8
        2480.   1.926060E-8
        2490.   8.235490E-9
        2500.   2.208740E-8
        2510.   3.898530E-8
        2520.  1.000230E-10
        2530.   3.043140E-8
        2540.   1.523410E-8
        2550.   7.912170E-9
        2560.   1.761430E-8
        2570.  1.000230E-10
        2580.  1.000230E-10
        2590.   3.513670E-9
        2600.   2.826840E-8
        2610.   1.319690E-8
        2620.   2.150100E-8
        2630.  1.000230E-10
        2640.   1.428370E-8
        2650.   8.626620E-9
        2660.  1.000230E-10
        2670.   1.006410E-8
        2680.   1.950880E-8
        2690.   3.492000E-8
        2700.   1.656970E-9
        2710.   3.091510E-8
        2720.   2.852750E-8
        2730.   1.880760E-8
        2740.   1.715370E-8
        2750.   4.369210E-8
        2760.   2.780870E-8
        2770.  1.000230E-10
        2780.   4.479950E-8
        2790.   7.860010E-8
        2800.   3.973740E-8
        2810.   1.981090E-8
        2820.   1.517960E-8
        2830.   5.335170E-9
        2840.   2.501370E-8
        2850.   1.258640E-8
        2860.   4.278590E-8
        2870.   2.376360E-8
        2880.   2.100690E-8
        2890.   3.164040E-8
        2900.   5.156620E-8
        2910.   7.169480E-8
        2920.   8.052560E-8
        2930.   1.683740E-7
        2940.   2.564840E-7
        2950.   3.354580E-7
        2960.   4.275870E-7
        2970.   4.977750E-7
        2980.   7.477390E-7
        2990.   1.030370E-6
        3000.   1.389360E-6
        3010.   1.704660E-6
        3020.   1.952540E-6
        3030.   2.145860E-6
        3040.   1.985720E-6
        3050.   1.732750E-6
        3060.   1.562980E-6
        3070.   1.426810E-6
        3080.   1.519300E-6
        3090.   1.630190E-6
        3100.   2.195930E-6
        3110.   2.612880E-6
        3120.   2.813100E-6
        3130.   3.012200E-6
        3140.   3.084470E-6
        3150.   2.832980E-6
        3160.   3.013420E-6
        3170.   3.390220E-6
        3180.   3.829800E-6
        3190.   4.272900E-6
        3200.   4.843730E-6
        3210.   4.894280E-6
        3220.   4.952110E-6
        3230.   4.902170E-6
        3240.   4.889110E-6
        3250.   5.201660E-6
        3260.   5.109810E-6
        3270.   5.143040E-6
        3280.   4.701850E-6
        3290.   3.756310E-6
        3300.   2.966970E-6
        3310.   2.348710E-6
        3320.   2.314570E-6
        3330.   2.562780E-6
        3340.   3.556500E-6
        3350.   4.857920E-6
        3360.   5.841660E-6
        3370.   6.069060E-6
        3380.   6.108360E-6
        3390.   6.058530E-6
        3400.   5.456430E-6
        3410.   5.187890E-6
        3420.   5.453620E-6
        3430.   5.780270E-6
        3440.   5.830960E-6
        3450.   6.102400E-6
        3460.   5.368140E-6
        3470.   4.816540E-6
        3480.   4.093090E-6
        3490.   3.271840E-6
        3500.   3.274880E-6
        3510.   3.805270E-6
        3520.   5.006350E-6
        3530.   6.405810E-6
        3540.   7.537490E-6
        3550.   8.427040E-6
        3560.   8.407680E-6
        3570.   7.518550E-6
        3580.   6.913710E-6
        3590.   5.200470E-6
        3600.   4.613930E-6
        3610.   4.000900E-6
        3620.   4.051800E-6
        3630.   4.854380E-6
        3640.   5.776330E-6
        3650.   6.841730E-6
        3660.   7.878670E-6
        3670.   8.382180E-6
        3680.   8.864690E-6
        3690.   8.558450E-6
        3700.   8.566000E-6
        3710.   8.481220E-6
        3720.   8.493230E-6
        3730.   8.866420E-6
        3740.   9.679770E-6
        3750.   1.006780E-5
        3760.   1.028260E-5
        3770.   1.049740E-5
        3780.   1.051010E-5
        3790.   9.934320E-6
        3800.   9.077930E-6
        3810.   8.832320E-6
        3820.   7.978170E-6
        3830.   7.349550E-6
        3840.   7.356840E-6
        3850.   7.875950E-6
        3860.   8.432030E-6
        3870.   9.408050E-6
        3880.   1.020620E-5
        3890.   1.107050E-5
        3900.   1.198120E-5
        3910.   1.262430E-5
        3920.   1.243690E-5
        3930.   1.255330E-5
        3940.   1.240920E-5
        3950.   1.197650E-5
        3960.   1.208280E-5
        3970.   1.229070E-5
        3980.   1.230450E-5
        3990.   1.275670E-5
        4000.   1.326430E-5
        4010.   1.413170E-5
        4020.   1.532070E-5
        4030.   1.659980E-5
        4040.   1.805070E-5
        4050.   1.994750E-5
        4060.   2.130450E-5
        4070.   2.339840E-5
        4080.   2.459400E-5
        4090.   2.628620E-5
        4100.   2.793990E-5
        4110.   2.902220E-5
        4120.   3.023220E-5
        4130.   3.107890E-5
        4140.   3.099290E-5
        4150.   3.109600E-5
        4160.   3.035630E-5
        4170.   3.057870E-5
        4180.   2.956870E-5
        4190.   2.886250E-5
        4200.   2.763640E-5
        4210.   2.638960E-5
        4220.   2.530850E-5
        4230.   2.451900E-5
        4240.   2.354790E-5
        4250.   2.302070E-5
        4260.   2.428680E-5
        4331.   2.300000E-5
        4332.   1.700000E-5
        4333.   4.400000E-5
        4334.   4.700000E-5
        4335.   4.800000E-5
        4336.   5.800000E-5
        4337.   1.130000E-4
        4338.   1.260000E-4
        4339.   1.890000E-4
        4340.   2.660000E-4
        4341.   4.150000E-4
        4342.   5.860000E-4
        4343.   8.100000E-4
        4344.      0.001168
        4345.      0.001814
        4346.      0.002875
        4347.      0.004562
        4348.        0.0074
        4349.      0.012536
        4350.      0.021306
        4351.      0.036809
        4352.      0.065575
        4353.      0.115062
        4354.        0.1947
        4355.      0.295483
        4356.      0.412965
        4357.      0.523186
        4358.      0.610187
        4359.      0.659611
        4360.      0.684732
        4361.      0.695669
        4362.      0.701471
        4363.      0.702652
        4364.      0.701218
        4365.      0.695527
        4366.      0.687668
        4367.      0.678488
        4368.      0.669338
        4369.      0.659977
        4370.      0.655094
        4371.      0.651993
        4372.       0.65282
        4373.      0.656801
        4374.      0.662558
        4375.      0.667848
        4376.      0.669753
        4377.      0.666005
        4378.      0.656552
        4379.      0.644737
        4380.      0.634611
        4381.      0.630768
        4382.      0.633683
        4383.      0.634823
        4384.      0.610131
        4385.        0.5293
        4386.      0.392899
        4387.       0.24453
        4388.      0.132856
        4389.      0.068373
        4390.      0.034867
        4391.      0.018625
        4392.      0.010418
        4393.      0.005999
        4394.      0.003678
        4395.      0.002281
        4396.      0.001528
        4397.      0.001013
        4398.   6.900000E-4
        4399.   4.790000E-4
        4400.   3.120000E-4
        4401.   2.210000E-4
        4402.   1.650000E-4
        4403.   1.460000E-4
        4404.   7.900000E-5
        4405.   6.500000E-5
        4406.   6.400000E-5
        4407.   2.600000E-5
        4470.   1.310180E-5
        4480.   8.553440E-6
        4490.   6.552390E-6
        4500.   5.835740E-6
        4510.   5.507720E-6
        4520.   5.263470E-6
        4530.   4.882780E-6
        4540.   4.710290E-6
        4550.   4.287530E-6
        4560.   3.880160E-6
        4570.   3.414600E-6
        4580.   2.812890E-6
        4590.   2.148980E-6
        4600.   1.536550E-6
        4610.   1.051380E-6
        4620.   6.762360E-7
        4630.   4.114110E-7
        4640.   2.506940E-7
        4650.   1.623600E-7
        4660.   8.947730E-8
        4670.   6.747460E-8
        4680.   6.338190E-8
        4690.   4.295150E-8
        4700.   2.169540E-8
        4710.  1.000230E-10
        4720.   6.566490E-8
        4730.   3.312920E-8
        4740.   2.195360E-8
        4750.   3.207230E-8
        4760.   1.988450E-8
        4770.   4.588540E-8
        4780.   4.024410E-8
        4790.   4.649600E-8
        4800.   4.871940E-8
        4810.   4.974900E-8
        4820.   1.643230E-8
        4830.   3.005180E-8
        4840.   2.534010E-8
        4850.   3.181680E-8
        4860.   8.062510E-9
        4870.   3.067770E-8
        4880.   3.201810E-9
        4890.   2.821380E-8
        4900.   2.958840E-8
        4910.   2.469840E-8
        4920.   2.588770E-8
        4930.   8.598850E-9
        4940.   2.993080E-8
        4950.   3.629670E-8
        4960.   1.626240E-8
        4970.   5.009660E-9
        4980.   1.133540E-8
        4990.   3.367240E-8
        5000.   2.256130E-8
        5010.   2.405380E-8
        5020.   5.340810E-9
        5030.   4.317070E-8
        5040.   3.905190E-8
        5050.   7.591210E-8
        5060.   4.069420E-8
        5070.   6.730030E-9
        5080.   2.920750E-8
        5090.   4.711570E-8
        5100.   9.599440E-8
        5110.   5.962730E-8
        5120.   6.939910E-8
        5130.   1.008430E-7
        5140.   6.567110E-8
        5150.   9.874310E-8
        5160.   9.222870E-8
        5170.   7.399750E-8
        5180.   9.832890E-8
        5190.   6.115570E-8
        5200.   7.013890E-8
        5210.   5.155220E-8
        5220.   1.743010E-8
        5230.   7.511020E-8
        5240.   2.101220E-8
        5250.   5.240100E-8
        5260.   2.442650E-8
        5270.   9.064760E-9
        5280.   1.729490E-8
        5290.   2.557090E-8
        5300.  1.000230E-10
        5310.  1.000230E-10
        5320.   1.556690E-9
        5330.   4.342100E-8
        5340.   2.640360E-8
        5350.   1.549250E-8
        5360.   1.541040E-8
        5370.   2.387550E-8
        5380.   2.608740E-8
        5390.   3.714980E-9
        5400.   2.072630E-8
        5410.   4.493530E-8
        5420.   4.615710E-8
        5430.   2.565650E-8
        5440.   5.623730E-8
        5450.   2.500360E-8
        5460.   2.466450E-8
        5470.   3.739360E-8
        5480.   4.803740E-8
        5490.   1.644050E-8
        5500.   3.884290E-8
        5510.   5.974600E-8
        5520.   2.053430E-8
        5530.   2.337740E-8
        5540.   4.419810E-8
        5550.   4.569770E-8
        5560.   3.032370E-8
        5570.   5.484720E-8
        5580.  1.000230E-10
        5590.   5.532930E-8
        5600.   2.331420E-8
        5610.   3.972960E-8
        5620.   4.082190E-8
        5630.   9.709840E-9
        5640.   5.295230E-8
        5650.   1.434710E-8
        5660.   6.111810E-8
        5670.   2.617200E-8
        5680.   5.753660E-8
        5690.   3.295320E-8
        5700.   2.252550E-8
        5710.   6.218030E-8
        5720.   1.892040E-8
        5730.   2.664630E-8
        5740.   4.657140E-8
        5750.   4.624350E-8
        5760.   2.840370E-8
        5770.   2.184880E-8
        5780.   9.299290E-9
        5790.   3.347900E-8
        5800.   3.158160E-8
        5810.   4.571000E-8
        5820.   3.783250E-8
        5830.   5.693010E-8
        5840.   3.625390E-8
        5850.   9.869020E-8
        5860.   1.676840E-7
        5870.   1.822940E-7
        5880.   2.964680E-7
        5890.   3.029140E-7
        5900.   2.598090E-7
        5910.   2.101560E-7
        5920.   1.577820E-7
        5930.   8.399440E-8
        5940.   3.977010E-8
        5950.   5.605230E-8
        5960.   5.307230E-8
        5970.   5.096350E-8
        5980.   7.857440E-8
        5990.   6.006770E-8
        6000.   6.466870E-8
        6010.   1.578370E-7
        6020.   3.092340E-7
        6030.   4.593770E-7
        6040.   6.341710E-7
        6050.   7.751400E-7
        6060.   7.873710E-7
        6070.   6.734430E-7
        6080.   4.957870E-7
        6090.   3.233290E-7
        6100.   1.714370E-7
        6110.   9.497520E-8
        6120.   8.536400E-8
        6130.   9.006850E-8
        6140.   6.209010E-8
        6150.   6.358750E-8
        6160.   3.709610E-8
        6170.   4.028360E-8
        6180.   6.321340E-8
        6190.   4.838980E-8
        6200.   5.791230E-8
        6210.   5.798950E-8
        6220.   9.511760E-8
        6230.   6.079130E-8
        6240.   1.297800E-7
        6250.   1.517650E-7
        6260.   1.989000E-7
        6270.   2.427540E-7
        6280.   2.097710E-7
        6290.   1.764250E-7
        6300.   1.808140E-7
        6310.   1.339360E-7
        6320.   8.640620E-8
        6330.   1.033980E-7
        6340.   6.171220E-8
        6350.   7.412470E-8
        6360.   8.617020E-8
        6370.   2.631330E-8
        6380.   4.814410E-8
        6390.   3.999720E-8
        6400.   2.469850E-8
        6410.   4.600700E-8
        6420.   1.495080E-8
        6430.   3.719190E-8
        6440.   6.023310E-8
        6450.   8.292000E-8
        6460.   8.555200E-8
        6470.   9.887100E-8
        6480.   7.344380E-8
        6490.   1.255720E-7
        6500.   1.117800E-7
        6510.   8.636680E-8
        6520.   1.242500E-7
        6530.   9.566780E-8
        6540.   7.521650E-8
        6550.   6.711730E-8
        6560.   5.172590E-8
        6570.   4.587480E-8
        6580.   8.083440E-8
        6590.   8.339730E-8
        6600.   6.650760E-8
        6610.   5.316440E-8
        6620.   5.905390E-8
        6630.   6.963300E-8
        6640.   3.146290E-8
        6650.   4.812750E-8
        6660.   3.686520E-8
        6670.   4.696160E-8
        6680.   4.362560E-8
        6690.   3.089010E-8
        6700.   6.040490E-8
        6710.   1.429230E-8
        6720.   4.447410E-8
        6730.   2.432190E-8
        6740.   4.364130E-8
        6750.   4.567780E-8
        6760.  1.000230E-10
        6770.   6.285390E-8
        6780.   1.175010E-8
        6790.   6.241420E-9
        6800.   9.936040E-9
        6810.   4.737430E-8
        6820.   2.095960E-8
        6830.   3.940910E-8
        6840.   4.696030E-8
        6850.  1.000230E-10
        6860.   2.378480E-8
        6870.   3.381400E-8
        6880.  9.159310E-10
        6890.   2.121710E-8
        6900.   2.127520E-8
        6910.   2.762070E-8
        6920.   4.435630E-8
        6930.   1.743560E-8
        6940.   1.490810E-8
        6950.   2.521470E-8
        6960.   1.740390E-8
        6970.   2.318080E-8
        6980.   3.613120E-8
        6990.   1.799350E-8
        7000.   2.468850E-8
        7010.   2.105870E-8
        7020.  1.000230E-10
        7030.  1.000230E-10
        7040.   5.168480E-9
        7050.  1.000230E-10
        7060.   1.922270E-8
        7070.  1.000230E-10
        7080.   1.814580E-8
        7090.   6.418920E-9
        7100.   2.710280E-8
        7110.  1.000230E-10
        7120.   1.677610E-8
        7130.   1.292470E-8
        7140.  1.000230E-10
        7150.   1.475960E-8
        7160.  1.000230E-10
        7170.   2.962480E-8
        7180.   1.897720E-9
        7190.   1.445600E-8
        7200.  1.000230E-10
        7210.  1.000230E-10
        7220.   1.982670E-8
        7230.  1.000230E-10
        7240.  1.000230E-10
        7250.   9.676450E-9
        7260.  2.207450E-10
        7270.   1.593420E-8
        7280.  1.000230E-10
        7290.  1.000230E-10
        7300.  1.000230E-10
        7310.  1.000230E-10
        7320.   1.104950E-8
        7330.   1.289150E-8
        7340.  1.000230E-10
        7350.   2.081040E-8
        7360.  1.000230E-10
        7370.   2.325000E-9
        7380.   1.629580E-8
        7390.  1.000230E-10
        7400.   1.457330E-8
        7410.  1.000230E-10
        7420.  1.000230E-10
        7430.   4.777910E-9
        7440.  1.000230E-10
        7450.  1.000230E-10
        7460.   8.428360E-9
        7470.  1.000230E-10
        7480.   3.839950E-8
        7490.   4.345380E-9
        7500.   3.089500E-9
        7510.   6.165940E-9
        7520.   4.990580E-9
        7530.   7.270220E-9
        7540.  1.000230E-10
        7550.   1.644250E-8
        7560.  1.000230E-10
        7570.  1.000230E-10
        7580.  1.000230E-10
        7590.   9.794670E-9
        7600.   2.941220E-8
        7610.   4.884720E-9
        7620.  1.000230E-10
        7630.   2.010530E-8
        7640.   2.451380E-8
        7650.   4.753100E-8
        7660.  1.000230E-10
        7670.   3.195250E-9
        7680.  1.000230E-10
        7690.  1.000230E-10
        7700.  1.000230E-10
        7710.  1.000230E-10
        7720.   1.129770E-8
        7730.  1.000230E-10
        7740.   4.560610E-8
        7750.  1.000230E-10
        7760.  1.000230E-10
        7770.  1.000230E-10
        7780.  1.000230E-10
        7790.   3.932750E-8
        7800.  1.000230E-10
        7810.   2.647540E-8
        7820.   6.380930E-9
        7830.   5.834330E-9
        7840.  1.000230E-10
        7850.   2.406300E-8
        7860.  1.000230E-10
        7870.   6.953560E-8
        7880.   8.187450E-9
        7890.   1.911250E-8
        7900.   2.375770E-8
        7910.  1.000230E-10
        7920.   2.790550E-8
        7930.   1.701400E-8
        7940.   1.739120E-8
        7950.  1.000230E-10
        7960.  1.000230E-10
        7970.   8.702420E-9
        7980.  1.000230E-10
        7990.  1.000230E-10
        8000.   2.087430E-8
        8010.  1.000230E-10
        8020.   2.560810E-8
        8030.   1.123390E-8
        8040.  1.000230E-10
        8050.  1.000230E-10
        8060.  1.000230E-10
        8070.   3.091440E-8
        8080.  1.000230E-10
        8090.  1.000230E-10
        8100.   6.089790E-9
        8110.   3.517350E-8
        8120.  1.000230E-10
        8130.   6.416500E-8
        8140.  1.000230E-10
        8150.  1.000230E-10
        8160.   3.158050E-8
        8170.   4.805650E-8
        8180.  1.000230E-10
        8190.   4.394800E-9
        8200.   2.829490E-8
        8210.  8.505760E-10
        8220.  1.000230E-10
        8230.   3.535840E-8
        8240.   6.408440E-8
        8250.   3.330900E-8
        8260.  1.000230E-10
        8270.   5.150270E-8
        8280.   4.032170E-9
        8290.  1.000230E-10
        8300.   1.613010E-8
        8310.   5.373730E-9
        8320.   9.252660E-9
        8330.   6.056270E-8
        8340.  1.000230E-10
        8350.   3.136360E-8
        8360.   1.402450E-8
        8370.   3.444050E-8
        8380.   1.279020E-8
        8390.   1.032240E-8
        8400.   1.205680E-8
        8410.   1.985860E-8
        8420.   4.386970E-8
        8430.   1.583290E-8
        8440.   1.446840E-8
        8450.   7.124930E-8
        8460.   5.040830E-9
        8470.   4.957020E-8
        8480.   4.034400E-8
        8490.  1.000230E-10
        8500.  1.000230E-10
        8510.  1.000230E-10
        8520.   1.101410E-6
        8530.  1.000230E-10
        8540.  1.000230E-10
        8550.   8.076030E-6
        8560.  1.000230E-10
        8570.   6.550370E-7
        8580.  1.000230E-10
        8590.  1.000230E-10
        8600.  1.000230E-10
        8610.   6.648320E-6
        8620.  1.000230E-10
        8630.  1.000230E-10
        8640.  1.000230E-10
        8650.  1.000230E-10
        8660.  1.000230E-10
        8670.  1.000230E-10
        8680.   6.116400E-6
        8690.   1.905670E-6
        8700.   9.247600E-7
        8710.   3.325870E-6
        8720.   3.032290E-7
        8730.  1.000230E-10
        8740.   2.467660E-6
        8750.  1.000230E-10
        8760.  1.000230E-10
        8770.  1.000230E-10
        8780.  1.000230E-10
        8790.  1.000230E-10
        8800.  1.000230E-10
        8810.  1.000230E-10
        8820.   2.775840E-6
        8830.  1.000230E-10
        8840.  1.000230E-10
        8850.   4.741470E-6
        8860.  1.000230E-10
        8870.  1.000230E-10
        8880.   2.806840E-6
        8890.  1.000230E-10
        8900.   1.124510E-7
        8910.   2.644950E-6
        8920.  1.000230E-10
        8930.   3.136170E-6
        8940.   2.004970E-6
        8950.  1.000230E-10
        8960.  1.000230E-10
        8970.   2.800840E-6
        8980.  1.000230E-10
        8990.  1.000230E-10
        9000.   1.977330E-6
        9010.  1.000230E-10
        9020.  1.000230E-10
        9030.   4.402440E-7
        9040.  1.000230E-10
        9050.  1.000230E-10
        9060.  1.000230E-10
        9070.   1.043540E-6
        9080.   6.010310E-7
        9090.  1.000230E-10
        9100.  1.000230E-10
        9110.  1.000230E-10
        9120.  1.000230E-10
        9130.  1.000230E-10
        9140.   3.083270E-7
        9150.   2.550410E-6
        9160.   2.289790E-6
        9170.  1.000230E-10
        9180.  1.000230E-10
        9190.  1.000230E-10
        9200.  1.000230E-10
        9210.   1.085490E-6
        9220.  1.000230E-10
        9230.  1.000230E-10
        9240.  1.000230E-10
        9250.  1.000230E-10
        9260.  1.000230E-10
        9270.  1.000230E-10
        9280.   3.157260E-7
        9290.   1.558930E-6
        9300.  1.000230E-10
        9310.   3.621380E-7
        9320.   1.874390E-7
        9330.   5.795650E-7
        9340.   1.815650E-7
        9350.   7.738570E-7
        9360.   2.407000E-6
        9370.   2.330220E-7
        9380.  1.000230E-10
        9390.   1.037230E-6
        9400.   1.760100E-7
        9410.  1.000230E-10
        9420.  1.000230E-10
        9430.   2.323670E-6
        9440.  1.000230E-10
        9450.  1.000230E-10
        9460.   7.199880E-8
        9470.  1.000230E-10
        9480.  1.000230E-10
        9490.  1.000230E-10
        9500.   7.009450E-8
        9510.  1.000230E-10
        9520.   5.750310E-7
        9530.  1.000230E-10
        9540.  1.000230E-10
        9550.   1.070610E-6
        9560.  1.000230E-10
        9570.  1.000230E-10
        9580.  1.000230E-10
        9590.  1.000230E-10
        9600.  1.000230E-10
        9610.  1.000230E-10
        9620.   7.760480E-7
        9630.   2.117550E-7
        9640.   3.951690E-7
        9650.  1.000230E-10
        9660.   1.174000E-6
        9670.   3.429760E-7
        9680.  1.000230E-10
        9690.  1.000230E-10
        9700.   9.257420E-8
        9710.   7.410360E-7
        9720.   5.668850E-7
        9730.   4.672600E-7
        9740.  1.000230E-10
        9750.   3.338210E-7
        9760.   5.614950E-7
        9770.   3.968270E-7
        9780.  1.000230E-10
        9790.  1.000230E-10
        9800.   1.187600E-6
        9810.  1.000230E-10
        9820.  1.000230E-10
        9830.  1.000230E-10
        9840.  1.000230E-10
        9850.  1.000230E-10
        9860.   1.266830E-6
        9870.  1.000230E-10
        9880.  1.000230E-10
        9890.  1.000230E-10
        9900.   5.237230E-7
        9910.   7.169780E-7
        9920.   3.372140E-7
        9930.  1.000230E-10
        9940.   2.709860E-7
        9950.  1.000230E-10
        9960.  1.000230E-10
        9970.   6.495970E-9
        9980.  1.000230E-10
        9990.  1.000230E-10
       10000.  1.000230E-10
       10010.  1.000230E-10
       10020.   6.881340E-7
       10030.  1.000230E-10
       10040.   5.633830E-7
       10050.  1.000230E-10
       10060.  1.000230E-10
       10070.  1.000230E-10
       10080.  1.000230E-10
       10090.   4.518790E-7
       10100.  1.000230E-10
       10110.  1.000230E-10
       10120.   2.727660E-7
       10130.  1.000230E-10
       10140.   7.882870E-7
       10150.  1.000230E-10
       10160.  1.000230E-10
       10170.  1.000230E-10
       10180.  1.000230E-10
       10190.  1.000230E-10
       10200.  1.000230E-10
       10210.  1.000230E-10
       10220.  1.000230E-10
       10230.  1.000230E-10
       10240.  1.000230E-10
       10250.  1.000230E-10
       10260.   3.445660E-7
       10270.   7.596800E-7
       10280.   4.317150E-7
       10290.  1.000230E-10
       10300.  1.000230E-10
       10310.  1.000230E-10
       10320.  1.000230E-10
       10330.  1.000230E-10
       10340.  1.000230E-10
       10350.   2.107950E-7
       10360.  1.000230E-10
       10370.   1.166080E-6
       10380.   3.637930E-7
       10390.  1.000230E-10
       10400.  1.000230E-10
       10410.  1.000230E-10
       10420.  1.000230E-10
       10430.  1.000230E-10
       10440.   3.803080E-7
       10450.  1.000230E-10
       10460.  1.000230E-10
       10470.  1.000230E-10
       10480.  1.000230E-10
       10490.  1.000230E-10
       10500.   1.717660E-7
       10510.   1.966170E-7
       10520.  1.000230E-10
       10530.   4.000690E-7
       10540.   2.722090E-7
       10550.  1.000230E-10
       10560.  1.000230E-10
       10570.  1.000230E-10
       10580.  1.000230E-10
       10590.  1.000230E-10
       10600.  1.000230E-10
       10610.  1.000230E-10
       10620.  1.000230E-10
       10630.  1.000230E-10
       10640.  1.000230E-10
       10650.   6.701990E-8
       10660.   5.973600E-7
       10670.  1.000230E-10
       10680.  1.000230E-10
       10690.  1.000230E-10
       10700.  1.000230E-10
       10710.  1.000230E-10
       10720.  1.000230E-10
       10730.   5.870540E-8
       10740.  1.000230E-10
       10750.  1.000230E-10
       10760.  1.000230E-10
       10770.   5.881060E-8
       10780.  1.000230E-10
       10790.   1.028520E-6
       10800.  1.000230E-10
       10810.  1.000230E-10
       10820.  1.000230E-10
       10830.   1.453050E-7
       10840.  1.000230E-10
       10850.  1.000230E-10
       10860.  1.000230E-10
       10870.  1.000230E-10
       10880.   7.112740E-8
       10890.  1.000230E-10
       10900.  1.000230E-10
       10910.  1.000230E-10
       10920.  1.000230E-10
       10930.  1.000230E-10
       10940.  1.000230E-10
       10950.   1.207870E-7
       10960.   2.152150E-7
       10970.  1.000230E-10
       10980.  1.000230E-10
       10990.   9.300560E-8
       11000.  1.000230E-10
       11001.            0.
       11002.            0.
