        1938.            0.
        1939.            0.
        1940.   4.206450E-8
        1950.   1.782490E-7
        1960.   5.255280E-8
        1970.   1.039410E-7
        1980.   6.940610E-8
        1990.   9.024040E-8
        2000.   1.053580E-7
        2010.   3.927100E-8
        2020.   6.154460E-8
        2030.   1.195720E-7
        2040.   4.388960E-8
        2050.   2.469450E-8
        2060.   6.774760E-8
        2070.   4.757430E-8
        2080.   3.882220E-8
        2090.   2.188880E-8
        2100.   1.833170E-8
        2110.   5.083720E-8
        2120.   2.445120E-8
        2130.   3.259420E-8
        2140.   4.451860E-8
        2150.   6.714800E-8
        2160.   1.626290E-8
        2170.   4.075230E-9
        2180.   1.803400E-8
        2190.   3.245730E-8
        2200.   3.661410E-8
        2210.   1.809080E-8
        2220.   3.128950E-8
        2230.  1.000230E-10
        2240.   2.193340E-8
        2250.   2.344400E-8
        2260.   4.501550E-8
        2270.   3.138510E-9
        2280.   2.919090E-8
        2290.   5.379690E-8
        2300.   7.282650E-9
        2310.   6.053340E-8
        2320.   4.296670E-9
        2330.   3.184990E-8
        2340.   4.373400E-8
        2350.   2.907310E-8
        2360.   1.687300E-8
        2370.   1.870950E-8
        2380.   2.399650E-8
        2390.   3.288240E-8
        2400.   2.833900E-8
        2410.   3.968010E-8
        2420.   9.459730E-9
        2430.   2.529460E-9
        2440.  1.000230E-10
        2450.   4.716340E-8
        2460.   4.347560E-8
        2470.   6.306490E-8
        2480.   3.316600E-8
        2490.   4.231340E-9
        2500.   3.129830E-8
        2510.   3.049960E-8
        2520.   2.950410E-8
        2530.   2.783060E-8
        2540.   4.116880E-9
        2550.   3.766920E-8
        2560.   4.307690E-8
        2570.   4.455880E-8
        2580.   2.397940E-8
        2590.   3.897320E-8
        2600.   3.428130E-8
        2610.   2.626270E-8
        2620.   2.668490E-8
        2630.   2.428300E-8
        2640.   2.423550E-8
        2650.   3.645880E-8
        2660.   3.855080E-8
        2670.   3.544770E-8
        2680.   4.935560E-8
        2690.   2.687220E-8
        2700.   3.332700E-8
        2710.   4.730670E-8
        2720.   3.929500E-8
        2730.   3.696440E-8
        2740.   5.564600E-8
        2750.   1.170180E-8
        2760.   4.112270E-8
        2770.   4.554940E-8
        2780.   4.570890E-8
        2790.   1.318980E-8
        2800.   4.687230E-8
        2810.   6.576860E-8
        2820.   4.170740E-8
        2830.   4.973890E-8
        2840.   5.373370E-8
        2850.   3.836380E-8
        2860.   6.343950E-8
        2870.   1.239330E-7
        2880.   1.519190E-7
        2890.   2.523530E-7
        2900.   3.252380E-7
        2910.   4.446680E-7
        2920.   5.988990E-7
        2930.   6.886560E-7
        2940.   8.295660E-7
        2950.   1.080790E-6
        2960.   1.358370E-6
        2970.   1.599720E-6
        2980.   1.853250E-6
        2990.   2.282390E-6
        3000.   2.749360E-6
        3010.   3.054370E-6
        3020.   3.373510E-6
        3030.   3.651550E-6
        3040.   3.762260E-6
        3050.   3.942270E-6
        3060.   3.573850E-6
        3070.   3.427430E-6
        3080.   3.262140E-6
        3090.   3.015400E-6
        3100.   2.946680E-6
        3110.   2.947190E-6
        3120.   3.260820E-6
        3130.   3.631670E-6
        3140.   4.086020E-6
        3150.   4.430940E-6
        3160.   4.749080E-6
        3170.   4.932850E-6
        3180.   4.814930E-6
        3190.   4.728160E-6
        3200.   4.824080E-6
        3210.   4.838110E-6
        3220.   5.061290E-6
        3230.   5.142280E-6
        3240.   5.290550E-6
        3250.   5.419240E-6
        3260.   5.281550E-6
        3270.   5.281200E-6
        3280.   5.080410E-6
        3290.   4.489800E-6
        3300.   3.994040E-6
        3310.   3.305510E-6
        3320.   2.894580E-6
        3330.   2.674980E-6
        3340.   2.724780E-6
        3350.   3.039310E-6
        3360.   3.412360E-6
        3370.   4.011890E-6
        3380.   4.361530E-6
        3390.   4.616110E-6
        3400.   4.746070E-6
        3410.   4.847690E-6
        3420.   5.167890E-6
        3430.   5.451950E-6
        3440.   5.360990E-6
        3450.   5.509770E-6
        3460.   5.600250E-6
        3470.   5.726190E-6
        3480.   5.891730E-6
        3490.   6.037550E-6
        3500.   6.074590E-6
        3510.   6.117240E-6
        3520.   6.168960E-6
        3530.   5.859530E-6
        3540.   5.741760E-6
        3550.   5.820850E-6
        3560.   5.729100E-6
        3570.   6.043190E-6
        3580.   5.988010E-6
        3590.   6.098430E-6
        3600.   6.447160E-6
        3610.   6.301910E-6
        3620.   6.468310E-6
        3630.   6.189920E-6
        3640.   6.425640E-6
        3650.   6.324880E-6
        3660.   6.178940E-6
        3670.   6.326930E-6
        3680.   6.220350E-6
        3690.   6.350850E-6
        3700.   6.206250E-6
        3710.   5.982990E-6
        3720.   6.250090E-6
        3730.   6.201290E-6
        3740.   6.556850E-6
        3750.   6.498870E-6
        3760.   6.676510E-6
        3770.   6.619720E-6
        3780.   6.309440E-6
        3790.   6.217620E-6
        3800.   5.944300E-6
        3810.   5.759080E-6
        3820.   5.149990E-6
        3830.   5.141720E-6
        3840.   5.174300E-6
        3850.   5.059600E-6
        3860.   5.176940E-6
        3870.   5.577630E-6
        3880.   6.035830E-6
        3890.   6.387470E-6
        3900.   6.679940E-6
        3910.   7.034530E-6
        3920.   7.033870E-6
        3930.   7.099140E-6
        3940.   7.296120E-6
        3950.   7.050240E-6
        3960.   6.538210E-6
        3970.   6.917510E-6
        3980.   6.352960E-6
        3990.   6.737600E-6
        4000.   6.593780E-6
        4010.   6.785210E-6
        4020.   7.157280E-6
        4030.   7.404130E-6
        4040.   7.417320E-6
        4050.   7.451990E-6
        4060.   7.097460E-6
        4070.   6.930010E-6
        4080.   6.447440E-6
        4090.   6.128570E-6
        4100.   5.786890E-6
        4110.   5.299800E-6
        4120.   4.410300E-6
        4130.   3.449680E-6
        4140.   2.390470E-6
        4150.   1.483300E-6
        4160.   8.939800E-7
        4170.   5.211950E-7
        4180.   3.810660E-7
        4190.   4.147520E-7
        4200.   4.823050E-7
        4210.   5.495390E-7
        4220.   6.684710E-7
        4230.   7.559600E-7
        4240.   7.872270E-7
        4250.   8.560550E-7
        4260.   1.040850E-6
        4270.   1.441320E-6
        4280.   1.871740E-6
        4290.   2.284870E-6
        4300.   2.527700E-6
        4310.   2.580290E-6
        4320.   2.412200E-6
        4330.   2.162160E-6
        4340.   1.948180E-6
        4350.   1.751820E-6
        4360.   1.708880E-6
        4370.   1.651340E-6
        4380.   1.565670E-6
        4390.   1.434290E-6
        4400.   1.340120E-6
        4410.   1.204290E-6
        4420.   9.496900E-7
        4430.   7.357440E-7
        4440.   5.614780E-7
        4450.   4.067180E-7
        4460.   2.512170E-7
        4470.   1.992070E-7
        4480.   1.211710E-7
        4490.   8.773480E-8
        4500.   2.538030E-8
        4510.   2.206030E-8
        4520.   4.962000E-8
        4530.   2.705520E-8
        4540.   3.254330E-8
        4550.   5.785130E-8
        4560.   3.613990E-8
        4570.   4.994650E-8
        4580.   3.665720E-8
        4590.   2.457960E-8
        4600.   3.092290E-8
        4610.   3.205260E-8
        4620.   5.739700E-8
        4630.   3.110620E-8
        4640.   2.345630E-8
        4650.   2.547780E-8
        4660.  1.000230E-10
        4670.   6.242930E-8
        4680.   6.844650E-8
        4690.   4.385980E-8
        4700.   8.426070E-8
        4710.   3.801770E-8
        4720.   4.032330E-8
        4730.   4.151990E-8
        4740.   3.270050E-8
        4750.   4.928880E-8
        4760.   4.345980E-8
        4770.   6.452340E-8
        4780.   6.921030E-8
        4790.   8.306400E-8
        4800.   6.365230E-8
        4810.   7.959960E-8
        4820.   7.748990E-8
        4830.   9.091030E-8
        4840.   1.343000E-7
        4850.   1.400460E-7
        4860.   2.482610E-7
        4870.   3.439380E-7
        4880.   5.600360E-7
        4890.   9.509310E-7
        4900.   1.741040E-6
       4950.2   2.600000E-5
       4950.4   1.800000E-5
       4950.6   2.300000E-5
       4950.8   2.200000E-5
        4951.   1.500000E-5
       4951.2   2.800000E-5
       4951.4   2.300000E-5
       4951.6   2.400000E-5
       4951.8   2.800000E-5
        4952.   2.300000E-5
       4952.2   2.500000E-5
       4952.4   2.200000E-5
       4952.6   2.500000E-5
       4952.8   2.600000E-5
        4953.   2.600000E-5
       4953.2   3.400000E-5
       4953.4   2.800000E-5
       4953.6   3.500000E-5
       4953.8   3.300000E-5
        4954.   2.900000E-5
       4954.2   3.600000E-5
       4954.4   3.600000E-5
       4954.6   3.900000E-5
       4954.8   3.400000E-5
        4955.   3.500000E-5
       4955.2   3.900000E-5
       4955.4   3.700000E-5
       4955.6   3.700000E-5
       4955.8   3.200000E-5
        4956.   3.000000E-5
       4956.2   4.200000E-5
       4956.4   3.600000E-5
       4956.6   4.300000E-5
       4956.8   3.700000E-5
        4957.   4.100000E-5
       4957.2   3.600000E-5
       4957.4   4.400000E-5
       4957.6   3.500000E-5
       4957.8   5.100000E-5
        4958.   4.300000E-5
       4958.2   4.400000E-5
       4958.4   5.200000E-5
       4958.6   5.100000E-5
       4958.8   5.300000E-5
        4959.   5.300000E-5
       4959.2   5.300000E-5
       4959.4   5.200000E-5
       4959.6   5.800000E-5
       4959.8   6.000000E-5
        4960.   5.500000E-5
       4960.2   5.800000E-5
       4960.4   6.500000E-5
       4960.6   5.600000E-5
       4960.8   6.200000E-5
        4961.   6.600000E-5
       4961.2   6.900000E-5
       4961.4   7.000000E-5
       4961.6   6.500000E-5
       4961.8   7.500000E-5
        4962.   7.700000E-5
       4962.2   7.100000E-5
       4962.4   7.600000E-5
       4962.6   7.100000E-5
       4962.8   7.300000E-5
        4963.   6.500000E-5
       4963.2   7.900000E-5
       4963.4   8.100000E-5
       4963.6   8.500000E-5
       4963.8   8.500000E-5
        4964.   8.000000E-5
       4964.2   8.500000E-5
       4964.4   9.100000E-5
       4964.6   8.600000E-5
       4964.8   9.300000E-5
        4965.   8.900000E-5
       4965.2   9.200000E-5
       4965.4   9.400000E-5
       4965.6   9.000000E-5
       4965.8   1.020000E-4
        4966.   9.900000E-5
       4966.2   1.050000E-4
       4966.4   1.070000E-4
       4966.6   1.040000E-4
       4966.8   1.060000E-4
        4967.   1.080000E-4
       4967.2   1.050000E-4
       4967.4   1.140000E-4
       4967.6   1.180000E-4
       4967.8   1.140000E-4
        4968.   1.140000E-4
       4968.2   1.230000E-4
       4968.4   1.230000E-4
       4968.6   1.310000E-4
       4968.8   1.320000E-4
        4969.   1.390000E-4
       4969.2   1.380000E-4
       4969.4   1.370000E-4
       4969.6   1.400000E-4
       4969.8   1.430000E-4
        4970.   1.520000E-4
       4970.2   1.570000E-4
       4970.4   1.590000E-4
       4970.6   1.490000E-4
       4970.8   1.600000E-4
        4971.   1.590000E-4
       4971.2   1.650000E-4
       4971.4   1.670000E-4
       4971.6   1.770000E-4
       4971.8   1.790000E-4
        4972.   1.780000E-4
       4972.2   1.900000E-4
       4972.4   1.890000E-4
       4972.6   1.980000E-4
       4972.8   1.940000E-4
        4973.   2.030000E-4
       4973.2   1.990000E-4
       4973.4   2.140000E-4
       4973.6   2.240000E-4
       4973.8   2.170000E-4
        4974.   2.270000E-4
       4974.2   2.250000E-4
       4974.4   2.300000E-4
       4974.6   2.460000E-4
       4974.8   2.480000E-4
        4975.   2.630000E-4
       4975.2   2.630000E-4
       4975.4   2.720000E-4
       4975.6   2.770000E-4
       4975.8   2.690000E-4
        4976.   2.850000E-4
       4976.2   2.910000E-4
       4976.4   2.940000E-4
       4976.6   3.030000E-4
       4976.8   3.080000E-4
        4977.   3.140000E-4
       4977.2   3.300000E-4
       4977.4   3.310000E-4
       4977.6   3.350000E-4
       4977.8   3.550000E-4
        4978.   3.560000E-4
       4978.2   3.670000E-4
       4978.4   3.710000E-4
       4978.6   3.830000E-4
       4978.8   3.960000E-4
        4979.   3.930000E-4
       4979.2   4.040000E-4
       4979.4   4.270000E-4
       4979.6   4.360000E-4
       4979.8   4.370000E-4
        4980.   4.470000E-4
       4980.2   4.520000E-4
       4980.4   4.750000E-4
       4980.6   4.800000E-4
       4980.8   4.980000E-4
        4981.   5.150000E-4
       4981.2   5.250000E-4
       4981.4   5.270000E-4
       4981.6   5.480000E-4
       4981.8   5.510000E-4
        4982.   5.640000E-4
       4982.2   5.750000E-4
       4982.4   5.960000E-4
       4982.6   6.140000E-4
       4982.8   6.250000E-4
        4983.   6.470000E-4
       4983.2   6.490000E-4
       4983.4   6.730000E-4
       4983.6   7.030000E-4
       4983.8   7.170000E-4
        4984.   7.230000E-4
       4984.2   7.470000E-4
       4984.4   7.550000E-4
       4984.6   7.760000E-4
       4984.8   8.140000E-4
        4985.   8.250000E-4
       4985.2   8.600000E-4
       4985.4   8.680000E-4
       4985.6   8.940000E-4
       4985.8   9.260000E-4
        4986.   9.320000E-4
       4986.2   9.510000E-4
       4986.4   9.890000E-4
       4986.6      0.001003
       4986.8       0.00103
        4987.      0.001046
       4987.2      0.001079
       4987.4      0.001112
       4987.6      0.001152
       4987.8      0.001187
        4988.      0.001215
       4988.2      0.001237
       4988.4      0.001275
       4988.6      0.001302
       4988.8      0.001344
        4989.      0.001373
       4989.2      0.001421
       4989.4      0.001461
       4989.6      0.001506
       4989.8      0.001534
        4990.      0.001556
       4990.2      0.001618
       4990.4      0.001662
       4990.6      0.001709
       4990.8      0.001724
        4991.      0.001789
       4991.2      0.001844
       4991.4      0.001917
       4991.6      0.001915
       4991.8      0.001984
        4992.      0.002047
       4992.2      0.002128
       4992.4      0.002189
       4992.6      0.002205
       4992.8      0.002285
        4993.      0.002346
       4993.2       0.00241
       4993.4        0.0025
       4993.6      0.002573
       4993.8      0.002647
        4994.      0.002691
       4994.2      0.002785
       4994.4      0.002892
       4994.6       0.00298
       4994.8      0.003071
        4995.      0.003121
       4995.2      0.003219
       4995.4        0.0033
       4995.6      0.003406
       4995.8      0.003526
        4996.      0.003611
       4996.2      0.003698
       4996.4      0.003818
       4996.6      0.003959
       4996.8      0.004065
        4997.      0.004171
       4997.2      0.004252
       4997.4      0.004419
       4997.6      0.004556
       4997.8      0.004725
        4998.      0.004856
       4998.2      0.004998
       4998.4      0.005135
       4998.6      0.005343
       4998.8      0.005512
        4999.      0.005711
       4999.2      0.005862
       4999.4       0.00594
       4999.6      0.006144
       4999.8      0.006321
        5000.      0.006574
       5000.2       0.00676
       5000.4      0.006925
       5000.6      0.007172
       5000.8      0.007419
        5001.      0.007745
       5001.2      0.007949
       5001.4      0.008108
       5001.6      0.008322
       5001.8      0.008668
        5002.      0.008952
       5002.2      0.009321
       5002.4      0.009613
       5002.6        0.0099
       5002.8       0.01024
        5003.      0.010617
       5003.2      0.010931
       5003.4      0.011278
       5003.6      0.011647
       5003.8      0.011939
        5004.      0.012342
       5004.2      0.012818
       5004.4      0.013207
       5004.6      0.013675
       5004.8      0.014087
        5005.      0.014559
       5005.2      0.015048
       5005.4      0.015674
       5005.6      0.016075
       5005.8      0.016593
        5006.      0.017129
       5006.2      0.017818
       5006.4      0.018612
       5006.6      0.019189
       5006.8       0.01982
        5007.      0.020491
       5007.2      0.021238
       5007.4      0.022191
       5007.6      0.022919
       5007.8      0.023555
        5008.      0.024295
       5008.2      0.025123
       5008.4      0.026082
       5008.6      0.027118
       5008.8      0.027961
        5009.      0.028862
       5009.2      0.029902
       5009.4      0.031095
       5009.6       0.03234
       5009.8      0.033393
        5010.      0.034559
       5010.2      0.035528
       5010.4       0.03691
       5010.6      0.038498
       5010.8      0.040117
        5011.      0.041588
       5011.2       0.04302
       5011.4      0.044557
       5011.6      0.046323
       5011.8      0.048559
        5012.      0.049975
       5012.2      0.051739
       5012.4      0.053263
       5012.6      0.055608
       5012.8      0.057598
        5013.      0.060193
       5013.2      0.062032
       5013.4      0.063917
       5013.6      0.066438
       5013.8      0.069605
        5014.      0.072166
       5014.2      0.074728
       5014.4      0.077197
       5014.6      0.079517
       5014.8       0.08303
        5015.      0.087131
       5015.2      0.090144
       5015.4      0.093786
       5015.6      0.096766
       5015.8      0.100952
        5016.      0.104984
       5016.2      0.109329
       5016.4      0.113286
       5016.6      0.116832
       5016.8       0.12105
        5017.      0.126185
       5017.2       0.13144
       5017.4      0.135997
       5017.6      0.140722
       5017.8      0.145592
        5018.      0.151394
       5018.2      0.158619
       5018.4      0.164238
       5018.6      0.169354
       5018.8      0.174385
        5019.      0.180942
       5019.2      0.188208
       5019.4      0.196539
       5019.6      0.203803
       5019.8      0.210927
        5020.      0.217761
       5020.2      0.227043
       5020.4      0.235641
       5020.6      0.244141
       5020.8       0.25211
        5021.      0.259462
       5021.2      0.268241
       5021.4      0.278851
       5021.6      0.288872
       5021.8      0.297468
        5022.      0.306957
       5022.2      0.316347
       5022.4      0.327822
       5022.6      0.340267
       5022.8      0.349954
        5023.      0.359384
       5023.2       0.36899
       5023.4      0.380527
       5023.6      0.393547
       5023.8      0.406864
        5024.      0.417535
       5024.2      0.428253
       5024.4      0.440433
       5024.6      0.456018
       5024.8      0.468297
        5025.       0.47896
       5025.2      0.489594
       5025.4      0.500785
       5025.6      0.514065
       5025.8      0.527174
        5026.      0.539477
       5026.2      0.549087
       5026.4      0.561035
       5026.6      0.574821
       5026.8      0.588368
        5027.      0.599945
       5027.2      0.609061
       5027.4      0.619475
       5027.6      0.629588
       5027.8      0.641301
        5028.      0.654795
       5028.2      0.665298
       5028.4      0.674196
       5028.6      0.685152
       5028.8      0.694118
        5029.      0.706834
       5029.2      0.714585
       5029.4         0.723
       5029.6      0.729888
       5029.8       0.73861
        5030.      0.746135
       5030.2      0.755018
       5030.4      0.763393
       5030.6      0.769382
       5030.8      0.774512
        5031.      0.783018
       5031.2      0.788655
       5031.4      0.794098
       5031.6      0.800595
       5031.8      0.803545
        5032.      0.807472
       5032.2      0.814049
       5032.4      0.817967
       5032.6      0.822875
       5032.8      0.826214
        5033.      0.829877
       5033.2      0.832811
       5033.4      0.837335
       5033.6      0.839912
       5033.8      0.841106
        5034.      0.844029
       5034.2      0.845358
       5034.4      0.848822
       5034.6       0.85021
       5034.8      0.850719
        5035.       0.85359
       5035.2      0.853025
       5035.4      0.854435
       5035.6      0.855943
       5035.8       0.85809
        5036.      0.857673
       5036.2       0.85854
       5036.4        0.8579
       5036.6       0.85942
       5036.8      0.859637
        5037.      0.859377
       5037.2      0.860254
       5037.4      0.859858
       5037.6      0.861013
       5037.8      0.860304
        5038.       0.85845
       5038.2      0.858711
       5038.4      0.860537
       5038.6      0.858631
       5038.8      0.858628
        5039.      0.857772
       5039.2      0.857354
       5039.4      0.857258
       5039.6       0.85556
       5039.8      0.854442
        5040.      0.855138
       5040.2      0.855184
       5040.4      0.856251
       5040.6      0.853772
       5040.8      0.851804
        5041.      0.852271
       5041.2      0.852023
       5041.4      0.851394
       5041.6      0.850797
       5041.8      0.850048
        5042.      0.850222
       5042.2      0.847441
       5042.4      0.848033
       5042.6       0.84681
       5042.8      0.848146
        5043.      0.847711
       5043.2      0.845843
       5043.4       0.84653
       5043.6      0.844973
       5043.8      0.843923
        5044.       0.84392
       5044.2      0.843898
       5044.4      0.843743
       5044.6      0.843045
       5044.8      0.842735
        5045.      0.841596
       5045.2      0.841271
       5045.4      0.841126
       5045.6      0.840122
       5045.8      0.840033
        5046.      0.840978
       5046.2      0.839236
       5046.4      0.838363
       5046.6      0.838463
       5046.8      0.838539
        5047.      0.837763
       5047.2      0.837201
       5047.4       0.83728
       5047.6      0.838154
       5047.8      0.836613
        5048.      0.838016
       5048.2      0.836851
       5048.4      0.837155
       5048.6      0.836401
       5048.8      0.836023
        5049.      0.837986
       5049.2      0.838019
       5049.4      0.836764
       5049.6      0.834859
       5049.8      0.836472
        5050.       0.83643
       5050.2      0.836952
       5050.4      0.835071
       5050.6      0.834909
       5050.8      0.835649
        5051.      0.834687
       5051.2        0.8359
       5051.4      0.835226
       5051.6      0.835963
       5051.8      0.836642
        5052.      0.834905
       5052.2      0.836807
       5052.4      0.835708
       5052.6      0.836116
       5052.8      0.835937
        5053.      0.836688
       5053.2      0.837405
       5053.4      0.836137
       5053.6       0.83634
       5053.8        0.8355
        5054.       0.83724
       5054.2      0.837079
       5054.4      0.838107
       5054.6       0.83645
       5054.8      0.837409
        5055.      0.838931
       5055.2      0.837442
       5055.4      0.837017
       5055.6      0.839944
       5055.8      0.837736
        5056.      0.838956
       5056.2       0.83912
       5056.4      0.838777
       5056.6      0.840251
       5056.8      0.840846
        5057.      0.840022
       5057.2      0.840584
       5057.4      0.840446
       5057.6      0.840084
       5057.8      0.840687
        5058.      0.842519
       5058.2       0.84238
       5058.4       0.84346
       5058.6      0.843351
       5058.8      0.842185
        5059.      0.843322
       5059.2      0.843343
       5059.4      0.844823
       5059.6      0.843994
       5059.8      0.845522
        5060.      0.844977
       5060.2       0.84468
       5060.4      0.845038
       5060.6      0.845738
       5060.8      0.845935
        5061.      0.846335
       5061.2      0.848006
       5061.4      0.848517
       5061.6      0.848522
       5061.8      0.848803
        5062.      0.848516
       5062.2      0.847764
       5062.4       0.84997
       5062.6      0.850172
       5062.8      0.848642
        5063.      0.850734
       5063.2      0.850806
       5063.4      0.851621
       5063.6      0.852703
       5063.8      0.851987
        5064.      0.852064
       5064.2      0.851805
       5064.4       0.85233
       5064.6      0.853153
       5064.8      0.854027
        5065.       0.85314
       5065.2      0.853142
       5065.4      0.855042
       5065.6      0.855247
       5065.8      0.855531
        5066.      0.856277
       5066.2      0.855372
       5066.4      0.856774
       5066.6      0.856611
       5066.8      0.856155
        5067.      0.857024
       5067.2      0.857376
       5067.4      0.858173
       5067.6      0.857942
       5067.8      0.858317
        5068.      0.858448
       5068.2      0.857975
       5068.4      0.858687
       5068.6      0.858724
       5068.8      0.859564
        5069.      0.858934
       5069.2      0.859578
       5069.4      0.860926
       5069.6      0.860937
       5069.8      0.860981
        5070.      0.861391
       5070.2      0.860879
       5070.4      0.862114
       5070.6      0.860668
       5070.8       0.86126
        5071.      0.861845
       5071.2      0.861576
       5071.4      0.862033
       5071.6      0.862055
       5071.8      0.862133
        5072.      0.863125
       5072.2      0.863706
       5072.4      0.863356
       5072.6      0.864038
       5072.8      0.863023
        5073.      0.863547
       5073.2       0.86282
       5073.4      0.863997
       5073.6      0.864575
       5073.8      0.863168
        5074.      0.863926
       5074.2      0.863455
       5074.4       0.86477
       5074.6      0.864613
       5074.8      0.864411
        5075.      0.863636
       5075.2      0.863661
       5075.4      0.861934
       5075.6      0.864198
       5075.8      0.865349
        5076.      0.862768
       5076.2      0.865621
       5076.4       0.86621
       5076.6      0.862685
       5076.8      0.864638
        5077.      0.864007
       5077.2      0.865109
       5077.4      0.863145
       5077.6      0.864016
       5077.8      0.863708
        5078.      0.862933
       5078.2      0.863566
       5078.4      0.862739
       5078.6      0.861873
       5078.8      0.861571
        5079.      0.863191
       5079.2      0.863961
       5079.4      0.862334
       5079.6      0.861964
       5079.8      0.863043
        5080.      0.862731
       5080.2      0.860585
       5080.4      0.861512
       5080.6      0.862132
       5080.8      0.862968
        5081.       0.86208
       5081.2      0.862966
       5081.4      0.861478
       5081.6      0.860869
       5081.8      0.861168
        5082.      0.861838
       5082.2      0.862897
       5082.4      0.861238
       5082.6      0.860124
       5082.8      0.859807
        5083.      0.860973
       5083.2      0.859331
       5083.4      0.861252
       5083.6      0.859066
       5083.8      0.859547
        5084.      0.858639
       5084.2      0.858611
       5084.4      0.858574
       5084.6      0.857866
       5084.8      0.859012
        5085.      0.859548
       5085.2      0.857985
       5085.4      0.855784
       5085.6       0.85734
       5085.8      0.856514
        5086.      0.856083
       5086.2      0.855536
       5086.4      0.857056
       5086.6      0.855857
       5086.8      0.855273
        5087.      0.855144
       5087.2      0.855372
       5087.4        0.8556
       5087.6      0.854479
       5087.8      0.853853
        5088.      0.856081
       5088.2      0.853679
       5088.4      0.853803
       5088.6      0.854161
       5088.8      0.852327
        5089.      0.853748
       5089.2      0.852695
       5089.4      0.852369
       5089.6      0.852324
       5089.8      0.852023
        5090.      0.852029
       5090.2      0.851587
       5090.4      0.852054
       5090.6      0.851306
       5090.8      0.851448
        5091.      0.851662
       5091.2      0.850602
       5091.4      0.849501
       5091.6      0.848994
       5091.8      0.850915
        5092.      0.849691
       5092.2      0.850039
       5092.4      0.849714
       5092.6      0.848916
       5092.8      0.848713
        5093.      0.849062
       5093.2       0.84852
       5093.4      0.849164
       5093.6      0.847802
       5093.8      0.846913
        5094.      0.848106
       5094.2      0.848212
       5094.4      0.848059
       5094.6      0.846596
       5094.8       0.84795
        5095.      0.847495
       5095.2       0.84584
       5095.4      0.846392
       5095.6      0.847281
       5095.8       0.84583
        5096.      0.846669
       5096.2      0.847289
       5096.4       0.84636
       5096.6      0.845266
       5096.8      0.846012
        5097.      0.846819
       5097.2       0.84532
       5097.4       0.84557
       5097.6      0.846201
       5097.8      0.846032
        5098.      0.845096
       5098.2      0.845565
       5098.4      0.845162
       5098.6      0.845127
       5098.8      0.844365
        5099.      0.845884
       5099.2      0.844363
       5099.4      0.845366
       5099.6      0.844524
       5099.8      0.843963
        5100.       0.84451
       5100.2      0.845035
       5100.4        0.8434
       5100.6       0.84403
       5100.8      0.844199
        5101.       0.84301
       5101.2      0.844485
       5101.4       0.84254
       5101.6      0.844147
       5101.8       0.84427
        5102.      0.843275
       5102.2        0.8429
       5102.4      0.844539
       5102.6      0.843133
       5102.8      0.844413
        5103.      0.844891
       5103.2      0.843396
       5103.4      0.844342
       5103.6      0.844425
       5103.8      0.842466
        5104.      0.843515
       5104.2      0.843699
       5104.4      0.844021
       5104.6      0.843304
       5104.8      0.844863
        5105.      0.843406
       5105.2      0.842858
       5105.4      0.843289
       5105.6      0.842609
       5105.8      0.843728
        5106.      0.843499
       5106.2      0.843181
       5106.4      0.843699
       5106.6      0.843986
       5106.8      0.843225
        5107.      0.843239
       5107.2       0.84258
       5107.4      0.844373
       5107.6      0.844622
       5107.8      0.844298
        5108.      0.842441
       5108.2      0.843563
       5108.4      0.842435
       5108.6      0.843829
       5108.8      0.844364
        5109.      0.843679
       5109.2      0.844027
       5109.4       0.84307
       5109.6      0.843746
       5109.8      0.844091
        5110.      0.843726
       5110.2      0.842676
       5110.4      0.843086
       5110.6      0.842985
       5110.8       0.84368
        5111.      0.842136
       5111.2      0.843521
       5111.4      0.844511
       5111.6       0.84388
       5111.8      0.843333
        5112.      0.842892
       5112.2      0.843092
       5112.4      0.843932
       5112.6      0.842809
       5112.8      0.843954
        5113.      0.842605
       5113.2      0.843216
       5113.4      0.842919
       5113.6      0.841964
       5113.8      0.842137
        5114.      0.842772
       5114.2      0.842469
       5114.4       0.84199
       5114.6      0.841472
       5114.8      0.841858
        5115.      0.841663
       5115.2      0.840826
       5115.4      0.840235
       5115.6      0.841374
       5115.8      0.840767
        5116.      0.839922
       5116.2      0.840024
       5116.4       0.84014
       5116.6      0.840845
       5116.8      0.839913
        5117.      0.840455
       5117.2      0.840263
       5117.4      0.838863
       5117.6      0.838518
       5117.8      0.837784
        5118.      0.838395
       5118.2      0.837903
       5118.4      0.837578
       5118.6      0.838564
       5118.8      0.836769
        5119.      0.838263
       5119.2      0.838726
       5119.4      0.837243
       5119.6      0.836465
       5119.8       0.83572
        5120.      0.835462
       5120.2       0.83582
       5120.4      0.835457
       5120.6      0.834884
       5120.8      0.834093
        5121.      0.833982
       5121.2      0.834513
       5121.4      0.834107
       5121.6      0.832135
       5121.8      0.832301
        5122.      0.834576
       5122.2      0.832192
       5122.4         0.832
       5122.6      0.830094
       5122.8      0.830678
        5123.      0.830203
       5123.2      0.829872
       5123.4      0.830546
       5123.6      0.829948
       5123.8      0.829901
        5124.      0.828771
       5124.2      0.827319
       5124.4      0.826929
       5124.6      0.828087
       5124.8      0.827938
        5125.      0.826565
       5125.2      0.825279
       5125.4      0.825366
       5125.6      0.825746
       5125.8      0.824393
        5126.      0.825528
       5126.2      0.824279
       5126.4      0.823173
       5126.6      0.823933
       5126.8      0.821838
        5127.      0.823475
       5127.2      0.821005
       5127.4      0.821128
       5127.6      0.821504
       5127.8      0.821232
        5128.      0.820437
       5128.2      0.820298
       5128.4      0.820449
       5128.6      0.820138
       5128.8       0.81882
        5129.      0.818813
       5129.2       0.81859
       5129.4      0.818479
       5129.6       0.81806
       5129.8      0.817761
        5130.      0.816445
       5130.2      0.817775
       5130.4      0.818644
       5130.6       0.81686
       5130.8       0.81611
        5131.      0.817101
       5131.2      0.817138
       5131.4      0.816333
       5131.6      0.815094
       5131.8      0.815927
        5132.      0.815174
       5132.2      0.813832
       5132.4       0.81506
       5132.6      0.815918
       5132.8      0.815045
        5133.      0.814715
       5133.2      0.815076
       5133.4      0.813253
       5133.6      0.815574
       5133.8      0.814724
        5134.      0.814671
       5134.2      0.814277
       5134.4      0.816146
       5134.6      0.815813
       5134.8        0.8148
        5135.      0.814897
       5135.2      0.816202
       5135.4      0.815536
       5135.6      0.816922
       5135.8      0.815751
        5136.      0.816645
       5136.2      0.816562
       5136.4      0.817232
       5136.6      0.816956
       5136.8      0.817756
        5137.      0.819071
       5137.2      0.818416
       5137.4      0.818772
       5137.6      0.818605
       5137.8      0.819271
        5138.      0.820569
       5138.2      0.820457
       5138.4       0.82065
       5138.6      0.820668
       5138.8      0.823231
        5139.      0.821349
       5139.2      0.823701
       5139.4      0.825135
       5139.6      0.823045
       5139.8      0.824435
        5140.      0.824874
       5140.2      0.824107
       5140.4      0.825341
       5140.6      0.827436
       5140.8      0.827341
        5141.      0.828366
       5141.2      0.830001
       5141.4       0.82895
       5141.6      0.829265
       5141.8      0.830086
        5142.      0.829624
       5142.2      0.829601
       5142.4      0.829727
       5142.6      0.830576
       5142.8      0.831062
        5143.       0.83222
       5143.2      0.830555
       5143.4      0.831323
       5143.6      0.830994
       5143.8       0.83155
        5144.      0.831827
       5144.2      0.830287
       5144.4      0.830323
       5144.6      0.829611
       5144.8      0.829395
        5145.       0.82949
       5145.2      0.827544
       5145.4      0.827189
       5145.6      0.824968
       5145.8      0.825015
        5146.      0.822797
       5146.2       0.82112
       5146.4      0.819187
       5146.6       0.81846
       5146.8      0.814021
        5147.      0.811146
       5147.2      0.808389
       5147.4       0.80779
       5147.6      0.803544
       5147.8      0.797507
        5148.      0.794115
       5148.2      0.790822
       5148.4       0.78892
       5148.6       0.78432
       5148.8       0.77992
        5149.      0.773328
       5149.2      0.766914
       5149.4      0.763381
       5149.6       0.75629
       5149.8      0.750205
        5150.       0.74209
       5150.2      0.736184
       5150.4      0.727739
       5150.6      0.721558
       5150.8      0.715331
        5151.      0.706673
       5151.2      0.695568
       5151.4      0.688501
       5151.6      0.678452
       5151.8      0.670197
        5152.      0.660272
       5152.2      0.648575
       5152.4      0.638956
       5152.6      0.629281
       5152.8      0.621924
        5153.      0.611644
       5153.2      0.598833
       5153.4      0.587053
       5153.6      0.575991
       5153.8      0.565356
        5154.      0.554841
       5154.2      0.541858
       5154.4      0.527847
       5154.6      0.517765
       5154.8      0.508349
        5155.      0.496924
       5155.2      0.486613
       5155.4      0.471278
       5155.6      0.457528
       5155.8      0.447859
        5156.      0.436939
       5156.2      0.425318
       5156.4      0.413086
       5156.6      0.399675
       5156.8      0.389418
        5157.       0.37935
       5157.2      0.371062
       5157.4      0.360498
       5157.6      0.347807
       5157.8      0.337408
        5158.      0.327198
       5158.2      0.318549
       5158.4       0.30819
       5158.6      0.297969
       5158.8      0.286404
        5159.      0.279157
       5159.2      0.271793
       5159.4      0.263332
       5159.6      0.254091
       5159.8      0.243687
        5160.      0.235173
       5160.2      0.227528
       5160.4      0.221191
       5160.6      0.212923
       5160.8      0.204218
        5161.      0.197102
       5161.2      0.191218
       5161.4       0.18512
       5161.6      0.179647
       5161.8      0.173124
        5162.      0.165304
       5162.2       0.16007
       5162.4       0.15471
       5162.6      0.149796
       5162.8      0.144275
        5163.      0.138316
       5163.2      0.133502
       5163.4      0.129621
       5163.6      0.125581
       5163.8      0.121391
        5164.        0.1165
       5164.2      0.111296
       5164.4      0.107869
       5164.6       0.10422
       5164.8      0.100699
        5165.       0.09672
       5165.2      0.092245
       5165.4      0.089686
       5165.6      0.086756
       5165.8      0.084002
        5166.       0.08123
       5166.2      0.078103
       5166.4      0.074912
       5166.6      0.072605
       5166.8      0.070263
        5167.      0.067763
       5167.2      0.065174
       5167.4      0.062725
       5167.6      0.060786
       5167.8       0.05905
        5168.      0.057209
       5168.2      0.055274
       5168.4      0.052823
       5168.6      0.051099
       5168.8      0.049373
        5169.      0.047822
       5169.2      0.046247
       5169.4      0.044437
       5169.6      0.042505
       5169.8      0.041435
        5170.      0.040205
       5170.2      0.038936
       5170.4      0.037487
       5170.6      0.036113
       5170.8      0.034801
        5171.      0.033711
       5171.2      0.032842
       5171.4      0.031666
       5171.6      0.030506
       5171.8       0.02949
        5172.      0.028716
       5172.2      0.027723
       5172.4      0.027059
       5172.6      0.026101
       5172.8      0.024975
        5173.      0.024318
       5173.2      0.023557
       5173.4      0.022875
       5173.6      0.022033
       5173.8      0.021224
        5174.      0.020529
       5174.2      0.019899
       5174.4      0.019386
       5174.6      0.018814
       5174.8      0.018181
        5175.        0.0175
       5175.2       0.01705
       5175.4      0.016416
       5175.6      0.015998
       5175.8      0.015529
        5176.      0.014945
       5176.2      0.014563
       5176.4      0.014126
       5176.6      0.013777
       5176.8      0.013338
        5177.      0.012939
       5177.2      0.012511
       5177.4      0.012131
       5177.6      0.011791
       5177.8      0.011478
        5178.      0.011035
       5178.2      0.010645
       5178.4      0.010379
       5178.6      0.010078
       5178.8      0.009849
        5179.      0.009546
       5179.2      0.009245
       5179.4      0.008981
       5179.6      0.008698
       5179.8      0.008456
        5180.      0.008181
       5180.2      0.007972
       5180.4      0.007703
       5180.6      0.007531
       5180.8      0.007302
        5181.      0.007099
       5181.2      0.006933
       5181.4      0.006666
       5181.6      0.006472
       5181.8        0.0063
        5182.      0.006188
       5182.2      0.005954
       5182.4      0.005772
       5182.6      0.005612
       5182.8       0.00546
        5183.      0.005338
       5183.2      0.005158
       5183.4      0.005024
       5183.6      0.004855
       5183.8      0.004753
        5184.      0.004618
       5184.2      0.004518
       5184.4      0.004392
       5184.6      0.004279
       5184.8      0.004156
        5185.      0.004039
       5185.2      0.003948
       5185.4      0.003882
       5185.6      0.003727
       5185.8      0.003619
        5186.      0.003557
       5186.2       0.00345
       5186.4       0.00337
       5186.6      0.003261
       5186.8      0.003144
        5187.      0.003079
       5187.2      0.003024
       5187.4      0.002923
       5187.6      0.002865
       5187.8      0.002788
        5188.      0.002693
       5188.2       0.00262
       5188.4      0.002567
       5188.6      0.002515
       5188.8      0.002414
        5189.      0.002394
       5189.2      0.002298
       5189.4      0.002248
       5189.6      0.002219
       5189.8      0.002151
        5190.      0.002089
       5190.2      0.002048
       5190.4      0.001998
       5190.6      0.001932
       5190.8      0.001895
        5191.      0.001869
       5191.2      0.001799
       5191.4      0.001743
       5191.6      0.001719
       5191.8      0.001673
        5192.      0.001641
       5192.2       0.00157
       5192.4      0.001541
       5192.6      0.001501
       5192.8      0.001462
        5193.      0.001436
       5193.2       0.00139
       5193.4      0.001373
       5193.6      0.001337
       5193.8      0.001316
        5194.      0.001276
       5194.2      0.001244
       5194.4      0.001212
       5194.6      0.001206
       5194.8      0.001167
        5195.      0.001146
       5195.2      0.001102
       5195.4      0.001083
       5195.6      0.001057
       5195.8      0.001034
        5196.      0.001015
       5196.2   9.910000E-4
       5196.4   9.530000E-4
       5196.6   9.330000E-4
       5196.8   9.000000E-4
        5197.   8.890000E-4
       5197.2   8.660000E-4
       5197.4   8.590000E-4
       5197.6   8.460000E-4
       5197.8   8.040000E-4
        5198.   7.900000E-4
       5198.2   7.900000E-4
       5198.4   7.690000E-4
       5198.6   7.540000E-4
       5198.8   7.190000E-4
        5199.   7.070000E-4
       5199.2   7.010000E-4
       5199.4   6.890000E-4
       5199.6   6.600000E-4
       5199.8   6.460000E-4
        5200.   6.390000E-4
       5200.2   6.230000E-4
       5200.4   6.180000E-4
       5200.6   5.940000E-4
       5200.8   5.780000E-4
        5201.   5.770000E-4
       5201.2   5.530000E-4
       5201.4   5.430000E-4
       5201.6   5.360000E-4
       5201.8   5.230000E-4
        5202.   5.090000E-4
       5202.2   4.910000E-4
       5202.4   4.880000E-4
       5202.6   4.740000E-4
       5202.8   4.770000E-4
        5203.   4.550000E-4
       5203.2   4.520000E-4
       5203.4   4.460000E-4
       5203.6   4.320000E-4
       5203.8   4.240000E-4
        5204.   4.170000E-4
       5204.2   4.020000E-4
       5204.4   3.960000E-4
       5204.6   3.870000E-4
       5204.8   3.850000E-4
        5205.   3.710000E-4
       5205.2   3.550000E-4
       5205.4   3.630000E-4
       5205.6   3.500000E-4
       5205.8   3.440000E-4
        5206.   3.290000E-4
       5206.2   3.240000E-4
       5206.4   3.110000E-4
       5206.6   3.150000E-4
       5206.8   3.050000E-4
        5207.   2.970000E-4
       5207.2   3.020000E-4
       5207.4   2.870000E-4
       5207.6   2.860000E-4
       5207.8   2.880000E-4
        5208.   2.750000E-4
       5208.2   2.640000E-4
       5208.4   2.650000E-4
       5208.6   2.550000E-4
       5208.8   2.500000E-4
        5209.   2.460000E-4
       5209.2   2.430000E-4
       5209.4   2.370000E-4
       5209.6   2.360000E-4
       5209.8   2.390000E-4
        5210.   2.210000E-4
       5210.2   2.200000E-4
       5210.4   2.140000E-4
       5210.6   2.100000E-4
       5210.8   2.050000E-4
        5211.   2.020000E-4
       5211.2   2.040000E-4
       5211.4   1.970000E-4
       5211.6   2.000000E-4
       5211.8   1.990000E-4
        5212.   1.850000E-4
       5212.2   1.860000E-4
       5212.4   1.770000E-4
       5212.6   1.750000E-4
       5212.8   1.710000E-4
        5213.   1.610000E-4
       5213.2   1.680000E-4
       5213.4   1.650000E-4
       5213.6   1.560000E-4
       5213.8   1.600000E-4
        5214.   1.590000E-4
       5214.2   1.500000E-4
       5214.4   1.470000E-4
       5214.6   1.410000E-4
       5214.8   1.380000E-4
        5215.   1.410000E-4
       5215.2   1.420000E-4
       5215.4   1.330000E-4
       5215.6   1.330000E-4
       5215.8   1.230000E-4
        5216.   1.300000E-4
       5216.2   1.310000E-4
       5216.4   1.180000E-4
       5216.6   1.230000E-4
       5216.8   1.210000E-4
        5217.   1.150000E-4
       5217.2   1.100000E-4
       5217.4   1.080000E-4
       5217.6   1.060000E-4
       5217.8   1.070000E-4
        5218.   1.110000E-4
       5218.2   1.030000E-4
       5218.4   1.040000E-4
       5218.6   9.100000E-5
       5218.8   9.800000E-5
        5219.   9.800000E-5
       5219.2   9.100000E-5
        5270.   4.576530E-6
        5280.   1.986060E-6
        5290.   8.690520E-7
        5300.   3.664510E-7
        5310.   1.651890E-7
        5320.   9.800150E-8
        5330.   6.501510E-8
        5340.   7.775430E-8
        5350.   2.753000E-8
        5360.   3.717810E-8
        5370.   8.098620E-9
        5380.   7.379420E-8
        5390.  1.000230E-10
        5400.   5.426180E-8
        5410.   3.519780E-8
        5420.   3.511820E-8
        5430.   3.231160E-8
        5440.   2.342260E-8
        5450.   3.327260E-8
        5460.   3.044240E-8
        5470.   4.174650E-8
        5480.   3.677610E-8
        5490.   1.089710E-8
        5500.   2.134940E-8
        5510.   3.301920E-8
        5520.   1.000020E-8
        5530.   3.963970E-8
        5540.   1.935270E-8
        5550.   3.061070E-8
        5560.   3.587900E-8
        5570.   2.077500E-8
        5580.   3.179430E-8
        5590.   2.263620E-8
        5600.   6.239330E-8
        5610.   6.326110E-8
        5620.   2.937670E-8
        5630.   1.441040E-9
        5640.   3.161490E-8
        5650.   3.164010E-8
        5660.   5.601380E-8
        5670.   2.980150E-8
        5680.  1.000230E-10
        5690.   7.283030E-9
        5700.   2.845140E-8
        5710.   7.163910E-8
        5720.  1.000230E-10
        5730.   8.571070E-8
        5740.   2.836400E-8
        5750.   6.939310E-8
        5760.   3.720800E-8
        5770.   4.251900E-8
        5780.   2.686140E-8
        5790.   1.516500E-8
        5800.   1.257360E-9
        5810.   3.371580E-8
        5820.   2.060420E-8
        5830.   6.244500E-9
        5840.   3.408600E-8
        5850.   1.117570E-8
        5860.  1.000230E-10
        5870.  1.000230E-10
        5880.   4.654010E-8
        5890.   9.122230E-9
        5900.   2.455900E-8
        5910.  1.000230E-10
        5920.   3.315090E-8
        5930.   2.071740E-8
        5940.  1.000230E-10
        5950.  1.000230E-10
        5960.  3.020860E-10
        5970.   4.187530E-8
        5980.   2.718190E-8
        5990.  3.464800E-10
        6000.   2.911220E-9
        6010.   5.661220E-8
        6020.   3.518130E-8
        6030.  1.000230E-10
        6040.  1.000230E-10
        6050.  1.000230E-10
        6060.   1.876230E-8
        6070.   2.172630E-8
        6080.   1.350550E-8
        6090.   1.173750E-8
        6100.  1.000230E-10
        6110.  1.000230E-10
        6120.  1.000230E-10
        6130.  1.000230E-10
        6140.   1.380260E-8
        6150.   3.385130E-8
        6160.   4.238210E-9
        6170.  1.000230E-10
        6180.  1.000230E-10
        6190.   2.316590E-8
        6200.   6.525410E-9
        6210.  1.000230E-10
        6220.   1.315530E-8
        6230.   1.062170E-8
        6240.   3.390270E-8
        6250.  1.000230E-10
        6260.  1.000230E-10
        6270.  1.000230E-10
        6280.   6.425430E-9
        6290.   2.336940E-8
        6300.  1.000230E-10
        6310.   7.405290E-9
        6320.   4.595420E-9
        6330.  1.000230E-10
        6340.   8.157790E-9
        6350.  1.000230E-10
        6360.  1.000230E-10
        6370.  1.000230E-10
        6380.  1.000230E-10
        6390.  1.000230E-10
        6400.   5.471480E-9
        6410.   1.392700E-8
        6420.   2.529160E-8
        6430.   8.362160E-9
        6440.  1.000230E-10
        6450.   6.283750E-9
        6460.  1.000230E-10
        6470.   7.983060E-9
        6480.   1.673930E-8
        6490.  1.000230E-10
        6500.  1.000230E-10
        6510.   1.903800E-8
        6520.  1.000230E-10
        6530.   1.730960E-8
        6540.  1.000230E-10
        6550.  1.000230E-10
        6560.  1.000230E-10
        6570.  1.000230E-10
        6580.   2.939100E-8
        6590.  1.000230E-10
        6600.  1.000230E-10
        6610.   9.471600E-9
        6620.   1.632590E-8
        6630.   1.999320E-9
        6640.  1.000230E-10
        6650.   5.772610E-9
        6660.   1.898820E-8
        6670.   1.746650E-8
        6680.  1.000230E-10
        6690.  1.000230E-10
        6700.  1.000230E-10
        6710.   5.100290E-9
        6720.  1.000230E-10
        6730.   2.617770E-8
        6740.   8.602820E-9
        6750.   5.640850E-9
        6760.   3.424390E-8
        6770.  1.000230E-10
        6780.   1.324380E-8
        6790.   1.322590E-8
        6800.   2.621690E-8
        6810.   4.853570E-9
        6820.   2.505140E-8
        6830.  1.000230E-10
        6840.  3.735880E-10
        6850.  1.000230E-10
        6860.   2.973580E-8
        6870.  2.301710E-10
        6880.  1.000230E-10
        6890.  1.000230E-10
        6900.  1.000230E-10
        6910.   1.626300E-8
        6920.   1.236170E-8
        6930.   1.908640E-8
        6940.  1.000230E-10
        6950.   1.952210E-8
        6960.   5.787900E-9
        6970.   1.795490E-8
        6980.   2.771330E-8
        6990.   1.572660E-8
        7000.   3.493620E-8
        7010.   3.330980E-8
        7020.  1.000230E-10
        7030.   5.144940E-8
        7040.   1.058820E-9
        7050.  1.000230E-10
        7060.   2.203980E-8
        7070.   1.892470E-9
        7080.  5.218620E-10
        7090.   2.174950E-8
        7100.   3.368080E-9
        7110.   4.193030E-8
        7120.   1.969300E-8
        7130.   1.460490E-8
        7140.   8.806300E-9
        7150.   3.773080E-8
        7160.   1.527080E-8
        7170.   2.947890E-8
        7180.   3.713530E-8
        7190.   1.490080E-8
        7200.   3.430520E-9
        7210.   3.310970E-8
        7220.   4.618070E-8
        7230.   4.428780E-8
        7240.   2.107470E-8
        7250.   3.087270E-8
        7260.  1.000230E-10
        7270.   6.555760E-8
        7280.   5.721010E-8
        7290.   5.801400E-8
        7300.  2.996890E-10
        7310.  1.000230E-10
        7320.   3.331410E-8
        7330.   1.574470E-8
        7340.   2.964440E-8
        7350.   1.779460E-8
        7360.   1.558960E-8
        7370.   2.992990E-8
        7380.   4.706060E-8
        7390.   4.218460E-9
        7400.   2.970900E-8
        7410.   2.448190E-8
        7420.   4.652410E-8
        7430.   4.309230E-9
        7440.   1.843670E-8
        7450.   1.885210E-8
        7460.   8.045570E-9
        7470.   2.700670E-8
        7480.   7.638450E-9
        7490.   1.295010E-9
        7500.  1.000230E-10
        7510.   4.930670E-8
        7520.   1.342170E-8
        7530.   3.429040E-8
        7540.   4.125520E-8
        7550.   6.728280E-9
        7560.   6.102980E-8
        7570.  1.000230E-10
        7580.   3.630700E-8
        7590.   6.623080E-8
        7600.  1.000230E-10
        7610.   1.991000E-8
        7620.   2.299320E-8
        7630.   3.666260E-8
        7640.   3.122920E-8
        7650.  1.000230E-10
        7660.  1.000230E-10
        7670.   2.484980E-9
        7680.   4.896980E-8
        7690.  1.000230E-10
        7700.   8.210810E-9
        7710.   8.991830E-9
        7720.   2.077360E-8
        7730.   3.094080E-8
        7740.  1.000230E-10
        7750.   4.699180E-8
        7760.  1.000230E-10
        7770.   2.018450E-8
        7780.   3.495330E-8
        7790.  1.000230E-10
        7800.  8.353370E-10
        7810.   3.429300E-8
        7820.  1.000230E-10
        7830.   6.257490E-9
        7840.  1.000230E-10
        7850.   1.426860E-8
        7860.   6.795650E-8
        7870.   3.862330E-8
        7880.   4.361460E-8
        7890.   5.628090E-8
        7900.   5.576660E-8
        7910.  1.000230E-10
        7920.  1.000230E-10
        7930.   3.826390E-9
        7940.   5.408090E-8
        7950.  1.000230E-10
        7960.   5.369000E-9
        7970.  1.000230E-10
        7980.   3.452530E-8
        7990.   5.305080E-8
        8000.   3.258020E-8
        8010.   2.295770E-8
        8020.  1.000230E-10
        8030.  1.000230E-10
        8040.   4.333660E-8
        8050.   6.450600E-8
        8060.   7.875890E-8
        8070.   8.538590E-8
        8080.   2.591480E-8
        8090.   2.858190E-8
        8100.   6.016710E-8
        8110.   6.312720E-9
        8120.  1.000230E-10
        8130.   9.196320E-8
        8140.  1.000230E-10
        8150.   5.350580E-9
        8160.   5.820350E-8
        8170.   2.562020E-8
        8180.   7.762400E-8
        8190.   4.199400E-9
        8200.   9.294690E-8
        8210.   5.826540E-8
        8220.  1.000230E-10
        8230.   5.818280E-8
        8240.   6.102550E-8
        8250.  1.000230E-10
        8260.   2.012850E-8
        8270.  1.000230E-10
        8280.   5.502970E-9
        8290.   2.520980E-8
        8300.   5.830450E-8
        8310.  1.000230E-10
        8320.  1.000230E-10
        8330.   4.047300E-9
        8340.  1.000230E-10
        8350.   8.523090E-9
        8360.   7.588340E-8
        8370.   7.026790E-8
        8380.  1.000230E-10
        8390.   6.477730E-8
        8400.  1.000230E-10
        8410.   1.225680E-8
        8420.  1.000230E-10
        8430.   7.942120E-8
        8440.   2.358910E-8
        8450.   6.059670E-8
        8460.   8.561920E-9
        8470.  1.000230E-10
        8480.   1.221560E-8
        8490.   1.145050E-8
        8500.  1.000230E-10
        8510.   1.786060E-6
        8520.  1.000230E-10
        8530.  1.000230E-10
        8540.  1.000230E-10
        8550.  1.000230E-10
        8560.  1.000230E-10
        8570.   4.054140E-6
        8580.  1.000230E-10
        8590.   9.808670E-7
        8600.  1.000230E-10
        8610.  1.000230E-10
        8620.  1.000230E-10
        8630.  1.000230E-10
        8640.  1.000230E-10
        8650.  1.000230E-10
        8660.  1.000230E-10
        8670.  1.000230E-10
        8680.  1.000230E-10
        8690.   1.063940E-5
        8700.   2.150490E-6
        8710.   2.846100E-6
        8720.  1.000230E-10
        8730.  1.000230E-10
        8740.   3.978880E-6
        8750.  1.000230E-10
        8760.  1.000230E-10
        8770.  1.000230E-10
        8780.   5.424010E-6
        8790.  1.000230E-10
        8800.  1.000230E-10
        8810.  1.000230E-10
        8820.   2.096680E-6
        8830.   1.941710E-6
        8840.   1.811680E-6
        8850.  1.000230E-10
        8860.   3.638450E-6
        8870.  1.000230E-10
        8880.   1.352850E-6
        8890.   5.863810E-6
        8900.  1.000230E-10
        8910.  1.000230E-10
        8920.   2.213240E-6
        8930.  1.000230E-10
        8940.  1.000230E-10
        8950.   4.241060E-7
        8960.  1.000230E-10
        8970.  1.000230E-10
        8980.  1.000230E-10
        8990.  1.000230E-10
        9000.   2.374490E-7
        9010.   5.778620E-7
        9020.  1.000230E-10
        9030.   3.556480E-6
        9040.  1.000230E-10
        9050.   3.660340E-6
        9060.   1.480750E-6
        9070.  1.000230E-10
        9080.   1.122190E-6
        9090.  1.000230E-10
        9100.  1.000230E-10
        9110.   1.373130E-6
        9120.  1.000230E-10
        9130.  1.000230E-10
        9140.  1.000230E-10
        9150.  1.000230E-10
        9160.  1.000230E-10
        9170.   2.470280E-6
        9180.   3.181660E-7
        9190.  1.000230E-10
        9200.  1.000230E-10
        9210.  1.000230E-10
        9220.  1.000230E-10
        9230.   3.851580E-7
        9240.  1.000230E-10
        9250.   1.208170E-7
        9260.  1.000230E-10
        9270.  1.000230E-10
        9280.   6.702980E-7
        9290.  1.000230E-10
        9300.  1.000230E-10
        9310.   1.162610E-8
        9320.  1.000230E-10
        9330.  1.000230E-10
        9340.  1.000230E-10
        9350.  1.000230E-10
        9360.  1.000230E-10
        9370.   1.065970E-6
        9380.   2.230220E-6
        9390.  1.000230E-10
        9400.   1.462820E-6
        9410.  1.000230E-10
        9420.  1.000230E-10
        9430.  1.000230E-10
        9440.  1.000230E-10
        9450.   2.090280E-7
        9460.   1.262940E-6
        9470.  1.000230E-10
        9480.  1.000230E-10
        9490.  1.000230E-10
        9500.  1.000230E-10
        9510.  1.000230E-10
        9520.  1.000230E-10
        9530.  1.000230E-10
        9540.  1.000230E-10
        9550.  1.000230E-10
        9560.  1.000230E-10
        9570.   4.567730E-7
        9580.  1.000230E-10
        9590.  1.000230E-10
        9600.  1.000230E-10
        9610.   8.713950E-7
        9620.  1.000230E-10
        9630.  1.000230E-10
        9640.  1.000230E-10
        9650.  1.000230E-10
        9660.  1.000230E-10
        9670.  1.000230E-10
        9680.  1.000230E-10
        9690.  1.000230E-10
        9700.  1.000230E-10
        9710.   1.644700E-7
        9720.  1.000230E-10
        9730.   9.978740E-8
        9740.   3.967630E-7
        9750.  1.000230E-10
        9760.  1.000230E-10
        9770.  1.000230E-10
        9780.  1.000230E-10
        9790.  1.000230E-10
        9800.   9.605020E-7
        9810.   5.517270E-7
        9820.  1.000230E-10
        9830.  1.000230E-10
        9840.  1.000230E-10
        9850.  1.000230E-10
        9860.  1.000230E-10
        9870.  1.000230E-10
        9880.  1.000230E-10
        9890.  1.000230E-10
        9900.  1.000230E-10
        9910.   5.414670E-8
        9920.  1.000230E-10
        9930.   5.496570E-7
        9940.  1.000230E-10
        9950.  1.000230E-10
        9960.  1.000230E-10
        9970.   8.320220E-8
        9980.  1.000230E-10
        9990.  1.000230E-10
       10000.  1.000230E-10
       10010.  1.000230E-10
       10020.  1.000230E-10
       10030.  5.974850E-10
       10040.  1.000230E-10
       10050.  1.000230E-10
       10060.  1.000230E-10
       10070.  1.000230E-10
       10080.  1.000230E-10
       10090.  1.000230E-10
       10100.  1.000230E-10
       10110.   5.047000E-7
       10120.  1.000230E-10
       10130.  1.000230E-10
       10140.  1.000230E-10
       10150.  1.000230E-10
       10160.   4.335970E-8
       10170.   1.110680E-7
       10180.   1.337990E-7
       10190.  1.000230E-10
       10200.  1.000230E-10
       10210.   4.692660E-7
       10220.  1.000230E-10
       10230.   3.312740E-7
       10240.  1.000230E-10
       10250.  1.000230E-10
       10260.   5.777460E-9
       10270.  1.000230E-10
       10280.  1.000230E-10
       10290.   5.026780E-7
       10300.  1.000230E-10
       10310.  1.000230E-10
       10320.   4.432930E-7
       10330.  1.000230E-10
       10340.   2.790710E-7
       10350.  1.000230E-10
       10360.  1.000230E-10
       10370.  1.000230E-10
       10380.  1.000230E-10
       10390.  1.000230E-10
       10400.   1.314850E-7
       10410.  1.000230E-10
       10420.  1.000230E-10
       10430.  1.000230E-10
       10440.  1.000230E-10
       10450.  1.000230E-10
       10460.  1.000230E-10
       10470.  1.000230E-10
       10480.  1.000230E-10
       10490.  1.000230E-10
       10500.  1.000230E-10
       10510.  1.000230E-10
       10520.   6.127240E-7
       10530.  1.000230E-10
       10540.  1.000230E-10
       10550.   1.519600E-7
       10560.   2.901250E-7
       10570.  1.000230E-10
       10580.  1.000230E-10
       10590.  1.000230E-10
       10600.  1.000230E-10
       10610.  1.000230E-10
       10620.  1.000230E-10
       10630.  1.000230E-10
       10640.   2.293780E-7
       10650.  1.000230E-10
       10660.  1.000230E-10
       10670.  1.000230E-10
       10680.  1.000230E-10
       10690.  1.000230E-10
       10700.   2.725390E-7
       10710.  1.000230E-10
       10720.  1.000230E-10
       10730.  1.000230E-10
       10740.  1.000230E-10
       10750.   3.630680E-7
       10760.  1.000230E-10
       10770.   2.683680E-8
       10780.  1.000230E-10
       10790.  1.000230E-10
       10800.   3.157890E-7
       10810.  1.000230E-10
       10820.   8.949160E-8
       10830.  1.000230E-10
       10840.  1.000230E-10
       10850.   6.415490E-8
       10860.   9.009750E-8
       10870.  1.000230E-10
       10880.  1.000230E-10
       10890.  1.000230E-10
       10900.  1.000230E-10
       10910.  1.000230E-10
       10920.  1.000230E-10
       10930.  1.000230E-10
       10940.  1.000230E-10
       10950.  1.000230E-10
       10960.  1.000230E-10
       10970.  1.000230E-10
       10980.  1.000230E-10
       10990.  1.000230E-10
       11000.  1.000230E-10
       11001.            0.
       11002.            0.
