        1938.            0.
        1939.            0.
        1940.   5.842400E-8
        1950.   3.514910E-8
        1960.  1.000230E-10
        1970.   1.007120E-8
        1980.  1.000230E-10
        1990.   3.415480E-8
        2000.   4.771170E-8
        2010.   2.334080E-8
        2020.   3.417820E-8
        2030.   7.430760E-8
        2040.   2.958550E-8
        2050.   1.531930E-8
        2060.   7.570610E-8
        2070.   1.665050E-8
        2080.   5.211730E-8
        2090.   1.170270E-8
        2100.   3.864020E-8
        2110.   8.082970E-8
        2120.   3.921410E-8
        2130.   4.724380E-8
        2140.   3.614870E-8
        2150.   2.958150E-8
        2160.   4.880520E-8
        2170.   6.784620E-8
        2180.   6.884790E-9
        2190.   1.645280E-8
        2200.   2.548320E-8
        2210.   2.207190E-8
        2220.   4.543850E-8
        2230.   4.252380E-8
        2240.   3.317720E-8
        2250.   1.792950E-8
        2260.   1.673540E-8
        2270.   3.584020E-8
        2280.   2.960830E-8
        2290.   1.484020E-8
        2300.   2.455960E-8
        2310.   4.057990E-8
        2320.   2.949060E-8
        2330.   5.210320E-9
        2340.   2.262850E-8
        2350.   3.102710E-8
        2360.   5.374450E-8
        2370.   2.419990E-8
        2380.   4.528170E-8
        2390.   3.368060E-8
        2400.   3.475460E-8
        2410.   2.481740E-8
        2420.   3.281110E-8
        2430.   3.885780E-8
        2440.   3.199370E-8
        2450.   3.371980E-8
        2460.   3.909210E-8
        2470.   1.037750E-8
        2480.   3.234490E-8
        2490.   2.428240E-8
        2500.   5.561970E-8
        2510.   1.512420E-8
        2520.   4.806080E-8
        2530.   1.781400E-8
        2540.   4.416760E-8
        2550.   3.743760E-8
        2560.   2.467210E-8
        2570.   2.207900E-8
        2580.   1.246980E-8
        2590.   2.052190E-8
        2600.   5.508080E-9
        2610.   3.842590E-8
        2620.   1.859080E-8
        2630.   4.165640E-8
        2640.   4.330050E-8
        2650.   3.019370E-8
        2660.   4.668260E-8
        2670.   2.837060E-8
        2680.   3.451230E-8
        2690.   4.801000E-8
        2700.   5.869770E-8
        2710.   3.701380E-8
        2720.   7.541560E-9
        2730.   3.939800E-8
        2740.   4.002260E-8
        2750.   2.872090E-8
        2760.   1.906500E-8
        2770.   9.135280E-9
        2780.   2.282210E-8
        2790.   4.149860E-8
        2800.   3.153050E-8
        2810.   4.812860E-8
        2820.   4.415450E-8
        2830.   6.802170E-8
        2840.   1.446580E-8
        2850.   4.366640E-8
        2860.   2.636550E-8
        2870.   2.191440E-8
        2880.   1.517920E-8
        2890.   5.868600E-8
        2900.   3.393350E-8
        2910.   1.829640E-8
        2920.   7.527560E-8
        2930.   5.338210E-8
        2940.   3.831390E-8
        2950.   4.456350E-8
        2960.   4.827430E-8
        2970.   4.455080E-8
        2980.   3.649170E-8
        2990.   6.880550E-8
        3000.   5.464400E-8
        3010.   9.033000E-8
        3020.   8.321490E-8
        3030.   7.374800E-8
        3040.   8.369470E-8
        3050.   7.356330E-8
        3060.   1.358550E-7
        3070.   7.510120E-8
        3080.   8.491690E-8
        3090.   1.325220E-7
        3100.   8.781530E-8
        3110.   1.240220E-7
        3120.   1.680300E-7
        3130.   1.662240E-7
        3140.   1.831730E-7
        3150.   1.478200E-7
        3160.   1.508160E-7
        3170.   1.808400E-7
        3180.   1.991930E-7
        3190.   1.881910E-7
        3200.   1.518380E-7
        3210.   1.513120E-7
        3220.   1.840450E-7
        3230.   2.207300E-7
        3240.   1.881100E-7
        3250.   2.336680E-7
        3260.   1.256620E-7
        3270.   1.297630E-7
        3280.   1.338190E-7
        3290.   1.452090E-7
        3300.   1.713090E-7
        3310.   9.485710E-8
        3320.   1.503370E-7
        3330.   1.664780E-7
        3340.   1.433980E-7
        3350.   1.964250E-7
        3360.   1.573600E-7
        3370.   1.672730E-7
        3380.   1.780010E-7
        3390.   1.688440E-7
        3400.   1.108970E-7
        3410.   5.266850E-8
        3420.   7.405800E-8
        3430.   1.205450E-7
        3440.   1.836800E-7
        3450.   3.535420E-8
        3460.   9.436310E-8
        3470.   1.835220E-7
        3480.   4.654630E-8
        3490.   9.845030E-8
        3500.   1.351240E-7
        3510.   2.484340E-7
        3520.   2.811050E-7
        3530.   1.242060E-7
        3540.   8.580100E-8
        3550.   1.937310E-7
        3560.   1.876230E-7
        3570.   2.010600E-7
        3580.   2.391440E-7
        3590.   2.391200E-7
        3600.   2.276220E-7
        3610.   1.043520E-7
        3620.   2.456110E-7
        3630.   1.984480E-7
        3640.   1.888850E-7
        3650.   3.162270E-7
        3660.   2.174050E-7
        3670.   2.422190E-7
        3680.   1.537710E-7
        3690.   2.223330E-7
        3700.   2.227070E-7
        3710.   2.383600E-7
        3720.   2.254790E-7
        3730.   3.015090E-7
        3740.   1.722740E-7
        3750.   2.142040E-7
        3760.   3.715390E-7
        3770.   1.592680E-7
        3780.   1.135560E-7
        3790.   1.913960E-7
        3800.   2.005440E-7
        3810.   3.309820E-7
        3820.   2.293800E-7
        3830.   2.066910E-7
        3840.   3.502050E-7
        3850.   2.401340E-8
        3860.   4.109120E-7
        3870.   2.704740E-7
        3880.   4.157880E-7
        3890.   2.180720E-7
        3900.   1.416430E-7
        3910.   3.026620E-7
        3920.   1.469660E-7
        3930.   2.863000E-7
        3940.   1.982910E-7
        3950.   1.573170E-7
        3960.   3.130990E-7
        3970.   2.782980E-7
        3980.   2.953020E-7
        3990.   1.310620E-7
        4000.   2.599110E-7
        4010.   2.561190E-7
        4020.   2.611610E-7
        4030.   2.452940E-7
        4040.   2.309760E-7
        4050.   1.904050E-7
        4060.   1.942850E-7
        4070.   2.011210E-7
        4080.   2.334050E-7
        4090.   2.741900E-7
        4100.   2.781380E-7
        4110.   2.277740E-7
        4120.   2.909300E-7
        4130.   2.304450E-7
        4140.   2.317530E-7
        4150.   2.151930E-7
        4160.   2.433300E-7
        4170.   2.542020E-7
        4180.   2.332740E-7
        4190.   2.019160E-7
        4200.   2.351800E-7
        4210.   2.640530E-7
        4220.   2.729030E-7
        4230.   3.165370E-7
        4240.   2.640880E-7
        4250.   2.906890E-7
        4260.   3.201580E-7
        4270.   3.085700E-7
        4280.   3.105910E-7
        4290.   3.262920E-7
        4300.   3.384540E-7
        4310.   3.265160E-7
        4320.   3.355130E-7
        4330.   3.483940E-7
        4340.   3.490300E-7
        4350.   3.418370E-7
        4360.   3.469920E-7
        4370.   3.387650E-7
        4380.   3.421760E-7
        4390.   3.650810E-7
        4400.   3.565190E-7
        4410.   3.183410E-7
        4420.   3.328490E-7
        4430.   3.406200E-7
        4440.   3.119860E-7
        4450.   3.184160E-7
        4460.   3.569210E-7
        4470.   3.236000E-7
        4480.   3.807990E-7
        4490.   3.577290E-7
        4500.   3.428530E-7
        4510.   3.709410E-7
        4520.   3.448820E-7
        4530.   3.331290E-7
        4540.   3.491170E-7
        4550.   3.510830E-7
        4560.   3.077440E-7
        4570.   3.484350E-7
        4580.   3.411360E-7
        4590.   3.338050E-7
        4600.   3.203920E-7
        4610.   3.601290E-7
        4620.   3.624570E-7
        4630.   3.716470E-7
        4640.   3.656070E-7
        4650.   3.977150E-7
        4660.   4.031060E-7
        4670.   3.977500E-7
        4680.   3.700020E-7
        4690.   3.263320E-7
        4700.   3.242130E-7
        4710.   2.913400E-7
        4720.   2.827780E-7
        4730.   3.056810E-7
        4740.   2.074980E-7
        4750.   1.621390E-7
        4760.   1.441580E-7
        4770.   1.538800E-7
        4780.   1.415930E-7
        4790.   1.831880E-7
        4800.   1.898620E-7
        4810.   2.989360E-7
        4820.   3.185080E-7
        4830.   3.456280E-7
        4840.   3.232480E-7
        4850.   3.289050E-7
        4860.   3.113640E-7
        4870.   3.094540E-7
        4880.   2.960780E-7
        4890.   2.451570E-7
        4900.   2.741460E-7
        4910.   2.310360E-7
        4920.   2.025580E-7
        4930.   1.970470E-7
        4940.   1.713730E-7
        4950.   1.658470E-7
        4960.   1.809650E-7
        4970.   1.570820E-7
        4980.   1.057430E-7
        4990.   1.097210E-7
        5000.   1.195550E-7
        5010.   1.434470E-7
        5020.   1.683410E-7
        5030.   2.506590E-7
        5040.   3.079410E-7
        5050.   3.412020E-7
        5060.   3.522500E-7
        5070.   3.500870E-7
        5080.   3.231860E-7
        5090.   3.036280E-7
        5100.   2.796120E-7
        5110.   2.984810E-7
        5120.   3.344020E-7
        5130.   3.769940E-7
        5140.   3.709170E-7
        5150.   3.312940E-7
        5160.   2.942180E-7
        5170.   2.765500E-7
        5180.   2.677950E-7
        5190.   2.675610E-7
        5200.   2.353360E-7
        5210.   2.253230E-7
        5220.   2.061300E-7
        5230.   1.588100E-7
        5240.   1.043100E-7
        5250.   4.645630E-8
        5260.   5.112560E-8
        5270.   5.971320E-8
        5280.   8.623510E-8
        5290.   1.113850E-7
        5300.   1.603580E-7
        5310.   2.334030E-7
        5320.   2.877930E-7
        5330.   3.178650E-7
        5340.   3.876530E-7
        5350.   4.243880E-7
        5360.   4.365050E-7
        5370.   4.250440E-7
        5380.   4.651370E-7
        5390.   4.659000E-7
        5400.   4.967460E-7
        5410.   5.075650E-7
        5420.   5.128910E-7
        5430.   5.382830E-7
        5440.   4.674230E-7
        5450.   4.670550E-7
        5460.   4.461140E-7
        5470.   4.642650E-7
        5480.   4.508190E-7
        5490.   4.703790E-7
        5500.   4.367680E-7
        5510.   4.539700E-7
        5520.   4.398570E-7
        5530.   4.406210E-7
        5540.   4.142050E-7
        5550.   4.726560E-7
        5560.   4.295360E-7
        5570.   4.382720E-7
        5580.   4.431550E-7
        5590.   4.612620E-7
        5600.   4.659430E-7
        5610.   4.353720E-7
        5620.   4.742050E-7
        5630.   4.695380E-7
        5640.   4.754640E-7
        5650.   4.519050E-7
        5660.   4.404000E-7
        5670.   3.931620E-7
        5680.   4.225720E-7
        5690.   4.205600E-7
        5700.   4.092280E-7
        5710.   3.939730E-7
        5720.   4.117380E-7
        5730.   4.091790E-7
        5740.   3.996180E-7
        5750.   4.342120E-7
        5760.   4.654010E-7
        5770.   4.634240E-7
        5780.   3.976680E-7
        5790.   4.225140E-7
        5800.   4.180360E-7
        5810.   2.998210E-7
        5820.   2.654130E-7
        5830.   2.095280E-7
        5840.   2.202930E-7
        5850.   2.115090E-7
        5860.   2.117930E-7
        5870.   1.839880E-7
        5880.   1.906210E-7
        5890.   1.617100E-7
        5900.   1.137630E-7
        5910.   7.699610E-8
        5920.   8.710020E-8
        5930.   7.659110E-8
        5940.   4.337270E-8
        5950.  1.000230E-10
        5960.   5.266970E-8
        5970.   2.822750E-8
        5980.   5.828950E-8
        5990.   3.647610E-8
        6000.   4.647340E-8
        6010.   5.858220E-8
        6020.   6.471160E-8
        6030.   3.759180E-8
        6040.   5.846850E-8
        6050.   2.212920E-8
        6060.   5.971030E-8
        6070.   4.164780E-8
        6080.   5.064210E-8
        6090.   2.485130E-8
        6100.   9.539550E-8
        6110.   4.850850E-8
        6120.   3.473690E-8
        6130.   5.829150E-8
        6140.   4.033190E-8
        6150.   6.854740E-8
        6160.   3.057280E-8
        6170.   7.305200E-8
        6180.   8.189240E-8
        6190.   5.303480E-8
        6200.   6.302420E-8
        6210.   7.481920E-8
        6220.   7.615210E-8
        6230.   7.714360E-8
        6240.   8.013830E-8
        6250.   8.749630E-8
        6260.   6.586160E-8
        6270.   9.182670E-8
        6280.   7.013910E-8
        6290.   6.593890E-8
        6300.   7.562890E-8
        6310.   8.507010E-8
        6320.   6.371810E-8
        6330.   7.574220E-8
        6340.   9.493490E-8
        6350.   8.953240E-8
        6360.   1.005750E-7
        6370.   9.012350E-8
        6380.   8.750900E-8
        6390.   7.356630E-8
        6400.   6.433510E-8
        6410.   7.398910E-8
        6420.   8.260420E-8
        6430.   8.836460E-8
        6440.   9.966940E-8
        6450.   1.062490E-7
        6460.   1.006510E-7
        6470.   8.921580E-8
        6480.   1.012790E-7
        6490.   1.153000E-7
        6500.   7.483630E-8
        6510.   7.948270E-8
        6520.   5.730730E-8
        6530.   6.211210E-8
        6540.   9.698580E-8
        6550.   7.617690E-8
        6560.   7.958070E-8
        6570.   9.540850E-8
        6580.   1.094240E-7
        6590.   1.133630E-7
        6600.   1.131600E-7
        6610.   8.843680E-8
       6696.2   6.000000E-6
       6696.4   8.000000E-6
       6696.6   6.000000E-6
       6696.8   1.000000E-5
        6697.   6.000000E-6
       6697.2   7.000000E-6
       6697.4   6.000000E-6
       6697.6   5.000000E-6
       6697.8   6.000000E-6
        6698.   1.200000E-5
       6698.2   7.000000E-6
       6698.4   1.100000E-5
       6698.6   9.000000E-6
       6698.8   1.100000E-5
        6699.   7.000000E-6
       6699.2   1.000000E-5
       6699.4   8.000000E-6
       6699.6   1.400000E-5
       6699.8   7.000000E-6
        6700.   1.000000E-5
       6700.2   1.600000E-5
       6700.4   1.100000E-5
       6700.6   1.500000E-5
       6700.8   1.100000E-5
        6701.   1.600000E-5
       6701.2   1.700000E-5
       6701.4   1.700000E-5
       6701.6   1.500000E-5
       6701.8   1.900000E-5
        6702.   1.600000E-5
       6702.2   2.100000E-5
       6702.4   1.700000E-5
       6702.6   2.000000E-5
       6702.8   2.000000E-5
        6703.   2.600000E-5
       6703.2   2.600000E-5
       6703.4   2.800000E-5
       6703.6   2.800000E-5
       6703.8   3.100000E-5
        6704.   3.100000E-5
       6704.2   3.200000E-5
       6704.4   3.200000E-5
       6704.6   3.400000E-5
       6704.8   3.800000E-5
        6705.   3.800000E-5
       6705.2   4.700000E-5
       6705.4   4.800000E-5
       6705.6   4.800000E-5
       6705.8   5.100000E-5
        6706.   5.600000E-5
       6706.2   6.400000E-5
       6706.4   7.000000E-5
       6706.6   7.100000E-5
       6706.8   7.800000E-5
        6707.   8.100000E-5
       6707.2   8.300000E-5
       6707.4   9.300000E-5
       6707.6   1.000000E-4
       6707.8   1.130000E-4
        6708.   1.130000E-4
       6708.2   1.170000E-4
       6708.4   1.320000E-4
       6708.6   1.400000E-4
       6708.8   1.530000E-4
        6709.   1.570000E-4
       6709.2   1.770000E-4
       6709.4   1.820000E-4
       6709.6   1.930000E-4
       6709.8   2.020000E-4
        6710.   2.250000E-4
       6710.2   2.380000E-4
       6710.4   2.430000E-4
       6710.6   2.720000E-4
       6710.8   2.950000E-4
        6711.   3.130000E-4
       6711.2   3.350000E-4
       6711.4   3.550000E-4
       6711.6   3.810000E-4
       6711.8   4.170000E-4
        6712.   4.580000E-4
       6712.2   4.960000E-4
       6712.4   5.430000E-4
       6712.6   5.840000E-4
       6712.8   6.440000E-4
        6713.   7.410000E-4
       6713.2   8.160000E-4
       6713.4   9.130000E-4
       6713.6      0.001003
       6713.8      0.001132
        6714.      0.001336
       6714.2      0.001605
       6714.4      0.001912
       6714.6      0.002274
       6714.8      0.002669
        6715.      0.003335
       6715.2      0.004278
       6715.4      0.005152
       6715.6       0.00625
       6715.8      0.007454
        6716.       0.00911
       6716.2      0.011534
       6716.4      0.014858
       6716.6      0.017877
       6716.8      0.021572
        6717.      0.026256
       6717.2      0.033574
       6717.4      0.041667
       6717.6      0.049438
       6717.8      0.058984
        6718.      0.067656
       6718.2      0.082042
       6718.4      0.101879
       6718.6      0.120364
       6718.8      0.141339
        6719.      0.162119
       6719.2      0.187795
       6719.4      0.216936
       6719.6      0.249435
       6719.8       0.27428
        6720.      0.300202
       6720.2      0.326271
       6720.4      0.354158
       6720.6      0.386807
       6720.8      0.412904
        6721.       0.43483
       6721.2      0.450559
       6721.4      0.471973
       6721.6      0.489039
       6721.8      0.502289
        6722.      0.511814
       6722.2      0.519041
       6722.4      0.525939
       6722.6      0.534372
       6722.8      0.543123
        6723.      0.550326
       6723.2      0.556326
       6723.4      0.564329
       6723.6      0.574334
       6723.8      0.585071
        6724.      0.592972
       6724.2      0.601767
       6724.4      0.610225
       6724.6      0.618749
       6724.8      0.628176
        6725.       0.63671
       6725.2      0.642968
       6725.4      0.648371
       6725.6      0.654656
       6725.8      0.658728
        6726.      0.662138
       6726.2       0.66529
       6726.4      0.666968
       6726.6      0.668775
       6726.8      0.669171
        6727.      0.671158
       6727.2      0.671006
       6727.4      0.672166
       6727.6      0.671714
       6727.8      0.672962
        6728.      0.673435
       6728.2      0.674279
       6728.4      0.674064
       6728.6      0.675305
       6728.8      0.676346
        6729.      0.678182
       6729.2      0.677874
       6729.4      0.679621
       6729.6      0.680564
       6729.8      0.681306
        6730.      0.681746
       6730.2      0.682708
       6730.4      0.683173
       6730.6      0.682279
       6730.8      0.682804
        6731.      0.681923
       6731.2      0.680694
       6731.4      0.679142
       6731.6      0.676299
       6731.8      0.673924
        6732.      0.670894
       6732.2      0.666914
       6732.4      0.663867
       6732.6      0.658784
       6732.8      0.654913
        6733.      0.650643
       6733.2      0.646544
       6733.4      0.640945
       6733.6      0.633848
       6733.8      0.630624
        6734.      0.624963
       6734.2      0.622234
       6734.4      0.616046
       6734.6      0.612422
       6734.8      0.607779
        6735.      0.604939
       6735.2      0.600949
       6735.4       0.59734
       6735.6      0.592192
       6735.8      0.587186
        6736.      0.581623
       6736.2       0.57632
       6736.4      0.569213
       6736.6      0.559981
       6736.8      0.546979
        6737.        0.5365
       6737.2      0.524337
       6737.4      0.509174
       6737.6       0.49245
       6737.8      0.469539
        6738.      0.441901
       6738.2      0.420218
       6738.4      0.395535
       6738.6      0.367949
       6738.8      0.336342
        6739.      0.298319
       6739.2      0.270313
       6739.4      0.245775
       6739.6      0.219218
       6739.8      0.190339
        6740.      0.162708
       6740.2      0.134895
       6740.4      0.114481
       6740.6      0.095393
       6740.8      0.080138
        6741.      0.063838
       6741.2      0.050485
       6741.4       0.04285
       6741.6      0.035289
       6741.8      0.029034
        6742.      0.023603
       6742.2      0.018366
       6742.4      0.014501
       6742.6      0.012155
       6742.8      0.010076
        6743.      0.007912
       6743.2      0.006337
       6743.4      0.004948
       6743.6      0.004174
       6743.8      0.003471
        6744.      0.002948
       6744.2      0.002332
       6744.4      0.001909
       6744.6      0.001562
       6744.8      0.001325
        6745.      0.001123
       6745.2   9.260000E-4
       6745.4   7.640000E-4
       6745.6   6.430000E-4
       6745.8   5.680000E-4
        6746.   4.860000E-4
       6746.2   4.290000E-4
       6746.4   3.760000E-4
       6746.6   3.180000E-4
       6746.8   2.770000E-4
        6747.   2.580000E-4
       6747.2   2.240000E-4
       6747.4   1.920000E-4
       6747.6   1.660000E-4
       6747.8   1.590000E-4
        6748.   1.280000E-4
       6748.2   1.310000E-4
       6748.4   1.170000E-4
       6748.6   1.060000E-4
       6748.8   9.600000E-5
        6749.   8.800000E-5
       6749.2   8.100000E-5
       6749.4   7.600000E-5
       6749.6   6.400000E-5
       6749.8   6.700000E-5
        6750.   5.800000E-5
       6750.2   5.700000E-5
       6750.4   5.500000E-5
       6750.6   4.900000E-5
       6750.8   3.800000E-5
        6751.   4.500000E-5
       6751.2   3.900000E-5
       6751.4   4.200000E-5
       6751.6   3.700000E-5
       6751.8   3.200000E-5
        6752.   3.200000E-5
       6752.2   3.000000E-5
       6752.4   2.900000E-5
       6752.6   2.800000E-5
       6752.8   2.300000E-5
        6753.   1.900000E-5
       6753.2   1.900000E-5
       6753.4   2.200000E-5
       6753.6   2.000000E-5
       6753.8   1.700000E-5
        6754.   1.500000E-5
       6754.2   1.100000E-5
       6754.4   1.400000E-5
       6754.6   1.700000E-5
       6754.8   1.600000E-5
        6755.   1.300000E-5
       6755.2   1.100000E-5
       6755.4   1.200000E-5
       6755.6   8.000000E-6
       6755.8   7.000000E-6
        6756.   1.500000E-5
       6756.2   1.100000E-5
       6756.4   9.000000E-6
       6756.6   8.000000E-6
       6756.8   8.000000E-6
        6757.   7.000000E-6
       6757.2   9.000000E-6
       6757.4   7.000000E-6
        6850.   1.082030E-7
        6860.   1.203620E-7
        6870.   1.228560E-7
        6880.   1.087640E-7
        6890.   9.181640E-8
        6900.   9.479900E-8
        6910.   1.008040E-7
        6920.   9.445020E-8
        6930.   8.237050E-8
        6940.   1.014460E-7
        6950.   1.245230E-7
        6960.   1.212040E-7
        6970.   9.848430E-8
        6980.   9.083850E-8
        6990.   9.907790E-8
        7000.   9.561680E-8
        7010.   8.581740E-8
        7020.   1.547610E-7
        7030.   1.175360E-7
        7040.   1.341180E-7
        7050.   7.518510E-8
        7060.   1.034750E-7
        7070.   6.486580E-8
        7080.   7.382390E-8
        7090.   6.100340E-8
        7100.   6.857500E-8
        7110.   6.173540E-8
        7120.   4.138970E-8
        7130.   4.984810E-8
        7140.   7.238340E-8
        7150.   6.370040E-8
        7160.   5.200150E-8
        7170.   6.120290E-8
        7180.   7.405450E-8
        7190.   5.698700E-8
        7200.   5.906840E-8
        7210.   5.105210E-8
        7220.   8.178470E-8
        7230.   9.134440E-8
        7240.   4.110850E-8
        7250.   4.312050E-8
        7260.   8.114450E-8
        7270.   5.318390E-8
        7280.   4.429310E-8
        7290.   3.181520E-8
        7300.   5.829870E-8
        7310.   6.711660E-8
        7320.   7.522550E-8
        7330.   1.969020E-8
        7340.   6.696280E-8
        7350.   3.111930E-8
        7360.   7.174670E-8
        7370.   3.918630E-8
        7380.   1.017570E-7
        7390.   6.935550E-8
        7400.   6.155780E-8
        7410.   7.108040E-8
        7420.   2.551240E-8
        7430.   3.641000E-8
        7440.   4.653460E-8
        7450.   6.389870E-8
        7460.   3.773400E-8
        7470.   3.641550E-8
        7480.   3.959070E-8
        7490.   6.230690E-8
        7500.   4.958330E-8
        7510.   6.228810E-8
        7520.   7.272350E-8
        7530.   3.773920E-8
        7540.   7.515170E-8
        7550.   5.681700E-8
        7560.   7.591800E-8
        7570.   9.811740E-8
        7580.   3.159820E-8
        7590.  1.000230E-10
        7600.   7.973940E-8
        7610.   8.628910E-8
        7620.   7.378480E-8
        7630.   8.965610E-8
        7640.   1.130280E-7
        7650.   8.672340E-8
        7660.   2.206910E-7
        7670.   2.085380E-7
        7680.   2.878990E-7
        7690.   1.945990E-7
        7700.   2.169410E-7
        7710.   2.014320E-7
        7720.   1.600940E-7
        7730.   2.040150E-7
        7740.   4.250080E-7
        7750.   7.318030E-7
        7760.   1.119670E-6
        7770.   1.805260E-6
        7780.   2.706410E-6
        7790.   4.034460E-6
        7800.   5.467250E-6
        7810.   6.730850E-6
        7820.   7.265680E-6
        7830.   6.884870E-6
        7840.   5.261200E-6
        7850.   3.568530E-6
        7860.   2.014770E-6
        7870.   7.930030E-7
        7880.   2.254070E-7
        7890.   1.226650E-7
        7900.   1.180700E-7
        7910.   6.966600E-8
        7920.   1.104660E-7
        7930.   1.477820E-7
        7940.   1.329680E-7
        7950.   2.031510E-7
        7960.   3.366370E-7
        7970.   4.562820E-7
        7980.   8.220180E-7
        7990.   1.334900E-6
        8000.   2.125140E-6
        8010.   2.552500E-6
        8020.   2.897120E-6
        8030.   2.691800E-6
        8040.   2.488770E-6
        8050.   1.876900E-6
        8060.   1.445980E-6
        8070.   1.085980E-6
        8080.   7.417150E-7
        8090.   7.158780E-7
        8100.   6.327280E-7
        8110.   5.911780E-7
        8120.   6.353060E-7
        8130.   9.948920E-7
        8140.   2.043100E-6
        8150.   3.937770E-6
        8160.   6.317770E-6
        8170.   8.551200E-6
        8180.   9.795050E-6
        8190.   9.257570E-6
        8200.   7.627530E-6
        8210.   5.701560E-6
        8220.   3.723220E-6
        8230.   2.531090E-6
        8240.   1.943110E-6
        8250.   1.864170E-6
        8260.   1.359650E-6
        8270.   1.268320E-6
        8280.   1.046540E-6
        8290.   1.041870E-6
        8300.   1.745210E-6
        8310.   3.396430E-6
        8320.   5.260510E-6
        8330.   7.446580E-6
        8340.   8.742810E-6
        8350.   8.052370E-6
        8360.   6.265730E-6
        8370.   4.300060E-6
        8380.   2.327270E-6
        8390.   9.261280E-7
        8400.   5.960460E-7
        8410.   6.133440E-7
        8420.   8.202950E-7
        8430.   1.484250E-6
        8440.   2.617760E-6
        8450.   3.840270E-6
        8460.   5.307420E-6
        8470.   6.044130E-6
        8480.   5.995760E-6
        8490.   4.889550E-6
        8500.   1.026490E-5
        8510.   9.281710E-6
        8520.   1.223540E-5
        8530.   5.561220E-6
        8540.   1.042550E-5
        8550.  1.000230E-10
        8560.   3.189790E-6
        8570.  1.000230E-10
        8580.   3.510180E-6
        8590.   1.243520E-5
        8600.   4.286610E-7
        8610.   1.121740E-5
        8620.   6.108940E-6
        8630.  1.000230E-10
        8640.  1.000230E-10
        8650.  1.000230E-10
        8660.  1.000230E-10
        8670.   1.742390E-6
        8680.   6.233670E-6
        8690.  1.000230E-10
        8700.   2.262400E-6
        8710.   1.266220E-6
        8720.  1.000230E-10
        8730.   5.584560E-6
        8740.   5.345970E-7
        8750.   8.291100E-7
        8760.   4.177010E-6
        8770.  1.000230E-10
        8780.  1.000230E-10
        8790.   8.173220E-7
        8800.   4.900700E-6
        8810.   1.641820E-6
        8820.  1.000230E-10
        8830.   2.388110E-6
        8840.   4.441710E-6
        8850.  1.000230E-10
        8860.   5.028100E-6
        8870.  1.000230E-10
        8880.  1.000230E-10
        8890.   5.307730E-6
        8900.  1.000230E-10
        8910.   4.454690E-8
        8920.  1.000230E-10
        8930.   5.017210E-6
        8940.   8.322530E-6
        8950.  1.000230E-10
        8960.   1.578020E-7
        8970.   4.510910E-6
        8980.  1.000230E-10
        8990.   1.933010E-6
        9000.   7.489930E-6
        9010.   1.279070E-6
        9020.   3.263700E-6
        9030.   2.920980E-6
        9040.   3.775040E-6
        9050.   1.876720E-6
        9060.   2.712530E-6
        9070.   1.840410E-6
        9080.   1.911750E-6
        9090.   5.396470E-7
        9100.   3.804820E-6
        9110.   2.106810E-7
        9120.   4.370310E-6
        9130.   5.532720E-6
        9140.   1.632920E-6
        9150.   1.201360E-6
        9160.   3.303750E-6
        9170.   2.252020E-6
        9180.   2.457370E-6
        9190.   3.057300E-6
        9200.   2.783030E-6
        9210.   1.121720E-6
        9220.   1.313150E-6
        9230.   2.860360E-6
        9240.   2.753660E-6
        9250.   2.115310E-6
        9260.   6.082000E-7
        9270.   1.427520E-6
        9280.   2.221790E-6
        9290.   1.763080E-6
        9300.   1.078130E-7
        9310.  1.000230E-10
        9320.   3.965190E-6
        9330.   2.356930E-6
        9340.   4.600650E-6
        9350.   1.384760E-6
        9360.   7.688770E-7
        9370.   5.964840E-7
        9380.   1.072590E-6
        9390.   6.080680E-8
        9400.   1.560690E-6
        9410.   1.068710E-6
        9420.   6.082960E-7
        9430.   3.117650E-6
        9440.  1.000230E-10
        9450.  1.000230E-10
        9460.   1.071260E-7
        9470.   4.339150E-7
        9480.   3.517830E-6
        9490.   2.159520E-6
        9500.   1.002450E-6
        9510.   1.426710E-7
        9520.   7.893000E-7
        9530.   5.566140E-7
        9540.  1.000230E-10
        9550.   1.953620E-6
        9560.   1.972380E-6
        9570.  1.000230E-10
        9580.   7.860660E-7
        9590.   9.734260E-7
        9600.   2.028810E-6
        9610.  1.000230E-10
        9620.  1.000230E-10
        9630.   6.859400E-7
        9640.   1.238380E-6
        9650.   2.235470E-6
        9660.   1.064160E-6
        9670.   2.840640E-7
        9680.   6.085760E-7
        9690.   6.395580E-7
        9700.   8.786930E-7
        9710.   1.374490E-7
        9720.   1.003290E-6
        9730.   6.911160E-7
        9740.   7.177200E-7
        9750.   2.130830E-7
        9760.  1.000230E-10
        9770.   1.937120E-6
        9780.   3.809910E-7
        9790.  1.000230E-10
        9800.   1.676600E-6
        9810.   7.981820E-7
        9820.   7.642120E-7
        9830.   4.756740E-7
        9840.   6.920750E-7
        9850.   2.239550E-7
        9860.   1.175750E-6
        9870.   2.831550E-7
        9880.  1.000230E-10
        9890.   3.778290E-8
        9900.   7.790910E-7
        9910.   1.451560E-6
        9920.   1.771940E-7
        9930.  1.000230E-10
        9940.   1.601800E-6
        9950.   1.273970E-6
        9960.  1.000230E-10
        9970.   5.165660E-7
        9980.   6.409940E-7
        9990.  1.000230E-10
       10000.   5.164680E-7
       10010.   4.818630E-7
       10020.   1.787040E-7
       10030.   3.092450E-7
       10040.   3.305460E-7
       10050.   8.174540E-7
       10060.   8.381230E-7
       10070.   1.262970E-6
       10080.   1.070910E-6
       10090.   3.274230E-7
       10100.  1.000230E-10
       10110.   2.678770E-7
       10120.   5.834520E-7
       10130.   2.125950E-7
       10140.   1.846130E-7
       10150.   2.047830E-7
       10160.   1.798080E-7
       10170.   1.304150E-8
       10180.   3.646970E-7
       10190.  1.000230E-10
       10200.   8.779120E-7
       10210.   7.064870E-7
       10220.   5.408130E-7
       10230.   1.986520E-7
       10240.   1.760200E-7
       10250.   1.099420E-7
       10260.   1.329820E-7
       10270.  1.000230E-10
       10280.   6.281260E-7
       10290.   7.337180E-7
       10300.   9.734740E-7
       10310.   3.841730E-7
       10320.   6.684330E-7
       10330.   2.143250E-7
       10340.   7.965810E-7
       10350.   8.587490E-7
       10360.   5.837370E-7
       10370.   5.800600E-8
       10380.  1.000230E-10
       10390.  1.000230E-10
       10400.  1.000230E-10
       10410.   6.902200E-7
       10420.   1.374040E-7
       10430.   2.449580E-7
       10440.   3.109580E-7
       10450.   2.125610E-7
       10460.   5.617040E-7
       10470.  1.000230E-10
       10480.  1.000230E-10
       10490.   1.939630E-7
       10500.  1.000230E-10
       10510.  1.000230E-10
       10520.   1.911730E-7
       10530.   1.161260E-6
       10540.   3.992930E-7
       10550.   3.485230E-7
       10560.  1.000230E-10
       10570.   2.047690E-7
       10580.   1.915860E-7
       10590.   1.033260E-7
       10600.   1.290700E-7
       10610.  1.000230E-10
       10620.  1.000230E-10
       10630.   6.267220E-7
       10640.   8.275750E-8
       10650.  1.000230E-10
       10660.   1.752930E-7
       10670.  1.000230E-10
       10680.   2.640450E-7
       10690.   2.167000E-7
       10700.   6.476940E-7
       10710.   1.210170E-7
       10720.   4.779120E-7
       10730.   2.779420E-8
       10740.  1.000230E-10
       10750.   3.361730E-7
       10760.   7.304410E-8
       10770.   9.922730E-8
       10780.  1.000230E-10
       10790.   4.439470E-8
       10800.   5.739500E-7
       10810.   2.075500E-7
       10820.  1.000230E-10
       10830.   1.064250E-8
       10840.   5.003040E-7
       10850.  1.000230E-10
       10860.   5.200140E-7
       10870.   1.190900E-7
       10880.  1.000230E-10
       10890.   2.430300E-7
       10900.  1.000230E-10
       10910.   1.743860E-8
       10920.   3.954170E-7
       10930.   5.594220E-7
       10940.  1.000230E-10
       10950.   4.369030E-7
       10960.  1.000230E-10
       10970.  1.000230E-10
       10980.  1.000230E-10
       10990.   4.074040E-7
       11000.   6.788610E-7
       11001.            0.
       11002.            0.
