        1938.            0.
        1939.            0.
        1940.   1.408340E-7
        1950.   1.337410E-7
        1960.   1.208020E-7
        1970.   1.023690E-7
        1980.   1.092300E-7
        1990.   1.180660E-7
        2000.   7.752420E-8
        2010.   9.097170E-8
        2020.   7.957200E-8
        2030.   1.033420E-7
        2040.   9.435590E-8
        2050.   8.323140E-8
        2060.   8.602130E-8
        2070.   7.138250E-8
        2080.   9.530370E-8
        2090.   7.884540E-8
        2100.   8.680480E-8
        2110.   7.410150E-8
        2120.   1.031020E-7
        2130.   7.103510E-8
        2140.   1.027070E-7
        2150.   5.511310E-8
        2160.   7.954960E-8
        2170.   9.585730E-8
        2180.   8.279860E-8
        2190.   8.546550E-8
        2200.   6.862470E-8
        2210.   7.924020E-8
        2220.   7.865200E-8
        2230.   7.342600E-8
        2240.   9.076550E-8
        2250.   8.110410E-8
        2260.   9.391870E-8
        2270.   7.323010E-8
        2280.   7.442920E-8
        2290.   8.266430E-8
        2300.   7.146060E-8
        2310.   8.585630E-8
        2320.   6.168830E-8
        2330.   9.644570E-8
        2340.   7.159270E-8
        2350.   7.890830E-8
        2360.   1.031580E-7
        2370.   5.850530E-8
        2380.   9.455250E-8
        2390.   9.974570E-8
        2400.   7.196460E-8
        2410.   1.175860E-7
        2420.   1.065410E-7
        2430.   8.648940E-8
        2440.   6.932340E-8
        2450.   8.138510E-8
        2460.   8.030080E-8
        2470.   1.073650E-7
        2480.   1.127020E-7
        2490.   6.928220E-8
        2500.   8.239920E-8
        2510.   8.442630E-8
        2520.   9.969030E-8
        2530.   8.348880E-8
        2540.   6.729090E-8
        2550.   7.114400E-8
        2560.   1.302360E-7
        2570.   8.370050E-8
        2580.   8.997580E-8
        2590.   9.408420E-8
        2600.   8.033110E-8
        2610.   8.513770E-8
        2620.   7.771360E-8
        2630.   1.055340E-7
        2640.   6.839590E-8
        2650.   5.134640E-8
        2660.   7.898050E-8
        2670.   8.627540E-8
        2680.   7.672030E-8
        2690.   1.199650E-7
        2700.   8.616460E-8
        2710.   1.020960E-7
        2720.   9.659200E-8
        2730.   8.216220E-8
        2740.   7.932570E-8
        2750.   8.839710E-8
        2760.   8.743190E-8
        2770.   7.690810E-8
        2780.   8.755990E-8
        2790.   6.318120E-8
        2800.   6.153170E-8
        2810.   1.056770E-7
        2820.   6.473310E-8
        2830.   1.299390E-7
        2840.   7.666010E-8
        2850.   8.691850E-8
        2860.   6.928250E-8
        2870.   7.315850E-8
        2880.   8.237710E-8
        2890.   8.327860E-8
        2900.   8.195210E-8
        2910.   8.444600E-8
        2920.   7.271720E-8
        2930.   9.893480E-8
        2940.   7.720030E-8
        2950.   8.126340E-8
        2960.   1.026330E-7
        2970.   7.486020E-8
        2980.   8.582860E-8
        2990.   1.079260E-7
        3000.   1.210190E-7
        3010.   1.317310E-7
        3020.   1.142720E-7
        3030.   1.109590E-7
        3040.   8.399100E-8
        3050.   9.496070E-8
        3060.   1.015410E-7
        3070.   1.043370E-7
        3080.   1.022890E-7
        3090.   1.424830E-7
        3100.   1.213000E-7
        3110.   1.378340E-7
        3120.   1.387100E-7
        3130.   1.483920E-7
        3140.   1.446090E-7
        3150.   1.436900E-7
        3160.   1.237260E-7
        3170.   1.292730E-7
        3180.   1.662390E-7
        3190.   1.572030E-7
        3200.   1.838270E-7
        3210.   1.691890E-7
        3220.   1.936150E-7
        3230.   1.941320E-7
        3240.   2.086790E-7
        3250.   1.972830E-7
        3260.   1.759700E-7
        3270.   2.107370E-7
        3280.   1.710350E-7
        3290.   1.987040E-7
        3300.   1.807600E-7
        3310.   2.328180E-7
        3320.   1.644690E-7
        3330.   2.345320E-7
        3340.   2.167960E-7
        3350.   2.627390E-7
        3360.   2.656640E-7
        3370.   2.957340E-7
        3380.   2.178220E-7
        3390.   2.496190E-7
        3400.   2.167690E-7
        3410.   2.439240E-7
        3420.   2.653080E-7
        3430.   1.798360E-7
        3440.   2.297660E-7
        3450.   2.075340E-7
        3460.   2.101120E-7
        3470.   2.559340E-7
        3480.   1.767460E-7
        3490.   2.605250E-7
        3500.   2.729320E-7
        3510.   2.770990E-7
        3520.   2.424630E-7
        3530.   2.394090E-7
        3540.   2.699500E-7
        3550.   2.485560E-7
        3560.   1.816960E-7
        3570.   2.386600E-7
        3580.   2.555070E-7
        3590.   1.634200E-7
        3600.   2.675980E-7
        3610.   2.942330E-7
        3620.   2.146410E-7
        3630.   2.720990E-7
        3640.   2.962670E-7
        3650.   2.836590E-7
        3660.   2.795650E-7
        3670.   3.296770E-7
        3680.   3.415710E-7
        3690.   4.328870E-7
        3700.   4.404610E-7
        3710.   4.843890E-7
        3720.   4.678370E-7
        3730.   5.431600E-7
        3740.   5.628600E-7
       3842.6   8.700000E-5
       3842.8   2.960000E-4
        3843.   1.330000E-4
       3843.2   2.270000E-4
       3843.4   1.790000E-4
       3843.6   2.050000E-4
       3843.8   2.790000E-4
        3844.   4.700000E-4
       3844.2   3.620000E-4
       3844.4   5.010000E-4
       3844.6   6.120000E-4
       3844.8   5.700000E-4
        3845.   7.880000E-4
       3845.2   8.410000E-4
       3845.4   8.210000E-4
       3845.6   9.670000E-4
       3845.8      0.001092
        3846.      0.001348
       3846.2      0.001157
       3846.4      0.001492
       3846.6      0.001769
       3846.8      0.001808
        3847.      0.002345
       3847.2      0.002303
       3847.4      0.002374
       3847.6      0.002887
       3847.8      0.003322
        3848.      0.003818
       3848.2      0.004285
       3848.4      0.004646
       3848.6      0.005274
       3848.8       0.00607
        3849.      0.006984
       3849.2       0.00773
       3849.4      0.008728
       3849.6        0.0099
       3849.8      0.011244
        3850.      0.012886
       3850.2      0.014579
       3850.4      0.016055
       3850.6      0.018483
       3850.8      0.020787
        3851.      0.024637
       3851.2      0.027426
       3851.4      0.030506
       3851.6      0.034188
       3851.8       0.03899
        3852.      0.045918
       3852.2      0.052817
       3852.4      0.059429
       3852.6      0.066865
       3852.8      0.076404
        3853.      0.088951
       3853.2      0.103588
       3853.4       0.11394
       3853.6       0.12744
       3853.8      0.141805
        3854.      0.156691
       3854.2      0.179329
       3854.4      0.201108
       3854.6      0.220597
       3854.8      0.238958
        3855.      0.264286
       3855.2      0.292638
       3855.4      0.314992
       3855.6      0.336974
       3855.8      0.356189
        3856.      0.375303
       3856.2      0.399595
       3856.4      0.431178
       3856.6      0.447736
       3856.8      0.465342
        3857.      0.489805
       3857.2       0.50533
       3857.4      0.525439
       3857.6      0.541865
       3857.8      0.553056
        3858.       0.56664
       3858.2      0.575318
       3858.4      0.588532
       3858.6       0.60158
       3858.8      0.606932
        3859.      0.618622
       3859.2      0.622653
       3859.4      0.626699
       3859.6      0.636412
       3859.8      0.641765
        3860.      0.649995
       3860.2      0.650642
       3860.4      0.658208
       3860.6      0.660973
       3860.8      0.663786
        3861.      0.670349
       3861.2      0.673842
       3861.4      0.676102
       3861.6      0.680125
       3861.8      0.688834
        3862.       0.68908
       3862.2      0.690065
       3862.4      0.692898
       3862.6       0.69606
       3862.8      0.698781
        3863.      0.703448
       3863.2      0.701649
       3863.4      0.705119
       3863.6       0.70898
       3863.8      0.710154
        3864.       0.70864
       3864.2      0.711798
       3864.4       0.71409
       3864.6      0.711962
       3864.8      0.714173
        3865.      0.716224
       3865.2      0.715004
       3865.4      0.715435
       3865.6      0.717542
       3865.8      0.719108
        3866.         0.718
       3866.2      0.715263
       3866.4      0.714601
       3866.6      0.714815
       3866.8      0.715258
        3867.      0.713925
       3867.2      0.717339
       3867.4        0.7147
       3867.6      0.715496
       3867.8      0.715583
        3868.      0.719328
       3868.2      0.715253
       3868.4       0.71443
       3868.6      0.716363
       3868.8      0.717329
        3869.      0.715171
       3869.2      0.716981
       3869.4      0.715111
       3869.6      0.715442
       3869.8      0.713418
        3870.      0.712875
       3870.2      0.712728
       3870.4      0.712162
       3870.6      0.710748
       3870.8      0.711793
        3871.      0.711228
       3871.2      0.713275
       3871.4      0.710614
       3871.6      0.709749
       3871.8      0.710603
        3872.      0.707095
       3872.2      0.708443
       3872.4      0.706941
       3872.6      0.704843
       3872.8      0.710616
        3873.      0.707763
       3873.2      0.705024
       3873.4      0.707038
       3873.6      0.705972
       3873.8      0.701644
        3874.      0.702768
       3874.2      0.703231
       3874.4      0.700963
       3874.6      0.700651
       3874.8      0.704324
        3875.      0.699809
       3875.2       0.70059
       3875.4      0.698422
       3875.6      0.698442
       3875.8       0.69915
        3876.      0.695107
       3876.2      0.695334
       3876.4      0.695376
       3876.6      0.695145
       3876.8       0.69245
        3877.      0.694881
       3877.2      0.687043
       3877.4      0.690425
       3877.6      0.688622
       3877.8      0.686459
        3878.      0.686125
       3878.2      0.683639
       3878.4      0.683344
       3878.6      0.682581
       3878.8      0.682218
        3879.      0.681521
       3879.2      0.675493
       3879.4      0.677875
       3879.6      0.674022
       3879.8      0.676143
        3880.      0.670729
       3880.2      0.670433
       3880.4      0.669957
       3880.6      0.668929
       3880.8      0.664936
        3881.      0.662542
       3881.2      0.658379
       3881.4      0.657004
       3881.6      0.654964
       3881.8      0.654041
        3882.      0.656534
       3882.2      0.652207
       3882.4      0.647223
       3882.6      0.647952
       3882.8      0.646643
        3883.      0.646956
       3883.2      0.644941
       3883.4      0.645023
       3883.6      0.639956
       3883.8      0.640272
        3884.      0.640095
       3884.2      0.638641
       3884.4      0.636011
       3884.6      0.636765
       3884.8      0.633871
        3885.      0.633911
       3885.2      0.633292
       3885.4      0.631294
       3885.6       0.62833
       3885.8      0.629001
        3886.      0.628219
       3886.2      0.626165
       3886.4      0.626913
       3886.6      0.621793
       3886.8      0.617734
        3887.      0.617581
       3887.2      0.615303
       3887.4      0.605958
       3887.6      0.598616
       3887.8      0.592518
        3888.      0.586293
       3888.2      0.577553
       3888.4      0.567477
       3888.6      0.555666
       3888.8      0.540577
        3889.      0.525033
       3889.2      0.510978
       3889.4      0.495694
       3889.6      0.474474
       3889.8      0.452976
        3890.      0.424672
       3890.2      0.404165
       3890.4      0.384249
       3890.6      0.363515
       3890.8      0.336764
        3891.      0.300525
       3891.2      0.280719
       3891.4      0.256817
       3891.6      0.233398
       3891.8       0.21006
        3892.      0.188043
       3892.2      0.167934
       3892.4      0.152487
       3892.6      0.137826
       3892.8      0.123458
        3893.      0.109544
       3893.2      0.093283
       3893.4      0.082786
       3893.6      0.073453
       3893.8      0.065049
        3894.      0.055066
       3894.2      0.046357
       3894.4      0.041187
       3894.6      0.036496
       3894.8       0.03268
        3895.      0.029078
       3895.2      0.025754
       3895.4      0.021909
       3895.6      0.019698
       3895.8      0.017382
        3896.      0.015362
       3896.2      0.013653
       3896.4      0.011845
       3896.6      0.010776
       3896.8        0.0093
        3897.      0.008546
       3897.2      0.007752
       3897.4      0.006832
       3897.6      0.005856
       3897.8      0.005402
        3898.      0.004807
       3898.2      0.004244
       3898.4      0.003671
       3898.6      0.003373
       3898.8      0.003054
        3899.      0.002707
       3899.2      0.002592
       3899.4      0.002229
       3899.6      0.002019
       3899.8       0.00184
        3900.      0.001674
       3900.2      0.001499
       3900.4      0.001248
       3900.6      0.001183
       3900.8       0.00112
        3901.   9.970000E-4
       3901.2   8.600000E-4
       3901.4   7.540000E-4
       3901.6   7.550000E-4
       3901.8   7.280000E-4
        3902.   7.200000E-4
       3902.2   4.570000E-4
       3902.4   4.380000E-4
       3902.6   4.760000E-4
       3902.8   5.120000E-4
        3903.   2.660000E-4
       3903.2   2.570000E-4
       3903.4   1.440000E-4
       3903.6   4.240000E-4
       3903.8   2.060000E-4
        3904.   6.800000E-5
       3904.2   2.320000E-4
       3904.4   1.340000E-4
       3904.6   1.410000E-4
       3904.8   1.390000E-4
        3905.   1.790000E-4
        4000.   7.281620E-7
        4010.   5.967020E-7
        4020.   5.751800E-7
        4030.   5.499430E-7
        4040.   5.395990E-7
        4050.   5.766750E-7
        4060.   5.507330E-7
        4070.   5.614070E-7
        4080.   5.511000E-7
        4090.   6.023810E-7
        4100.   5.543090E-7
        4110.   5.880190E-7
        4120.   5.213410E-7
        4130.   4.663760E-7
        4140.   3.354760E-7
        4150.   2.610100E-7
        4160.   3.043340E-7
        4170.   1.739580E-7
        4180.   1.614470E-7
        4190.   1.724170E-7
        4200.   1.827630E-7
        4210.   1.033900E-7
        4220.   1.170710E-7
        4230.   1.603880E-7
        4240.   5.226210E-8
        4250.   1.093560E-7
        4260.   9.627280E-8
        4270.   7.363970E-8
        4280.   1.018880E-7
        4290.   1.108780E-7
        4300.   1.599460E-7
        4310.   1.085880E-7
        4320.   7.746760E-8
        4330.   1.057940E-7
        4340.   8.830210E-8
        4350.   1.187260E-7
        4360.   9.021070E-8
        4370.   6.244220E-8
        4380.   1.049490E-7
        4390.   9.286740E-8
        4400.   1.160350E-7
        4410.   7.024120E-8
        4420.   1.012720E-7
        4430.   7.165520E-8
        4440.   1.013770E-7
        4450.   9.452810E-8
        4460.   1.243750E-7
        4470.   1.350120E-7
        4480.   1.126880E-7
        4490.   1.569340E-7
        4500.   1.895960E-7
        4510.   1.676000E-7
        4520.   2.078200E-7
        4530.   1.480720E-7
        4540.   1.972760E-7
        4550.   2.024360E-7
        4560.   1.683410E-7
        4570.   2.127810E-7
        4580.   2.250540E-7
        4590.   2.650650E-7
        4600.   2.590400E-7
        4610.   2.326060E-7
        4620.   2.091580E-7
        4630.   1.580070E-7
        4640.   1.502560E-7
        4650.   1.462300E-7
        4660.   8.889130E-8
        4670.   1.060600E-7
        4680.   1.311580E-7
        4690.   1.217820E-7
        4700.   1.066810E-7
        4710.   1.187060E-7
        4720.   1.153420E-7
        4730.   1.268810E-7
        4740.   1.600550E-7
        4750.   1.288960E-7
        4760.   8.103020E-8
        4770.   1.062300E-7
        4780.   9.893680E-8
        4790.   1.284800E-7
        4800.   1.314640E-7
        4810.   1.013560E-7
        4820.   1.126950E-7
        4830.   1.122090E-7
        4840.   1.295680E-7
        4850.   1.254830E-7
        4860.   1.556920E-7
        4870.   1.225180E-7
        4880.   1.518180E-7
        4890.   1.700450E-7
        4900.   1.382960E-7
        4910.   1.332870E-7
        4920.   1.479070E-7
        4930.   1.457380E-7
        4940.   1.214890E-7
        4950.   1.892190E-7
        4960.   1.239150E-7
        4970.   1.431390E-7
        4980.   1.769070E-7
        4990.   1.761380E-7
        5000.   1.506030E-7
        5010.   1.483340E-7
        5020.   1.396150E-7
        5030.   1.833510E-7
        5040.   1.550280E-7
        5050.   1.581120E-7
        5060.   1.474680E-7
        5070.   1.498270E-7
        5080.   1.329980E-7
        5090.   1.219990E-7
        5100.   1.489260E-7
        5110.   1.332260E-7
        5120.   1.611010E-7
        5130.   1.586630E-7
        5140.   1.662830E-7
        5150.   1.089240E-7
        5160.   1.551970E-7
        5170.   1.516370E-7
        5180.   1.485170E-7
        5190.   1.525940E-7
        5200.   1.428980E-7
        5210.   1.667810E-7
        5220.   1.388070E-7
        5230.   1.265700E-7
        5240.   1.590070E-7
        5250.   1.536790E-7
        5260.   1.455370E-7
        5270.   1.074500E-7
        5280.   1.388680E-7
        5290.   1.374750E-7
        5300.   1.684500E-7
        5310.   1.885150E-7
        5320.   2.160860E-7
        5330.   2.212250E-7
        5340.   2.592160E-7
        5350.   2.137200E-7
        5360.   1.808350E-7
        5370.   1.793630E-7
        5380.   1.717840E-7
        5390.   1.522530E-7
        5400.   1.123560E-7
        5410.   1.311470E-7
        5420.   1.652790E-7
        5430.   1.708980E-7
        5440.   1.807670E-7
        5450.   2.116380E-7
        5460.   1.943020E-7
        5470.   2.833410E-7
        5480.   4.295210E-7
        5490.   5.582170E-7
        5500.   6.706020E-7
        5510.   8.630620E-7
        5520.   1.092530E-6
        5530.   1.350180E-6
        5540.   1.576670E-6
        5550.   1.787410E-6
        5560.   2.069910E-6
        5570.   2.193110E-6
        5580.   2.445510E-6
        5590.   2.539720E-6
        5600.   2.568000E-6
        5610.   2.554480E-6
        5620.   2.432930E-6
        5630.   2.276890E-6
        5640.   2.093920E-6
        5650.   1.924090E-6
        5660.   1.767650E-6
        5670.   1.568230E-6
        5680.   1.359910E-6
        5690.   1.133450E-6
        5700.   1.032680E-6
        5710.   8.151810E-7
        5720.   6.453330E-7
        5730.   5.072190E-7
        5740.   4.110760E-7
        5750.   3.337500E-7
        5760.   3.093170E-7
        5770.   1.975170E-7
        5780.   1.161260E-7
        5790.   1.587230E-7
        5800.   9.108290E-8
        5810.   1.266940E-7
        5820.   1.182930E-7
        5830.   1.087830E-7
        5840.   1.064450E-7
        5850.   8.338540E-8
        5860.   6.038530E-8
        5870.   1.030410E-7
        5880.   9.292380E-8
        5890.   8.742950E-8
        5900.   1.179200E-7
        5910.   6.189790E-8
        5920.   1.000540E-7
        5930.   8.409150E-8
        5940.   9.856030E-8
        5950.   8.911850E-8
        5960.   7.344700E-8
        5970.   6.596370E-8
        5980.   8.931150E-8
        5990.   2.720450E-8
        6000.   9.403080E-8
        6010.   1.082330E-7
        6020.   5.581760E-8
        6030.   9.612890E-8
        6040.   5.145130E-8
        6050.   5.912510E-8
        6060.   7.984280E-8
        6070.   9.309900E-8
        6080.   5.936810E-8
        6090.   7.917280E-8
        6100.   5.880900E-8
        6110.   8.804490E-8
        6120.   6.009510E-8
        6130.   7.922090E-8
        6140.   4.916890E-8
        6150.   5.129850E-8
        6160.   6.005390E-8
        6170.   7.480830E-8
        6180.   1.206430E-7
        6190.  1.000230E-10
        6200.   1.457320E-7
        6210.   1.256950E-7
        6220.   8.867070E-8
        6230.   1.022610E-7
        6240.   7.635930E-8
        6250.   6.173640E-8
        6260.   1.062290E-7
        6270.   8.199250E-8
        6280.   1.074040E-7
        6290.   9.472620E-8
        6300.   1.075250E-7
        6310.   9.701880E-8
        6320.   9.965590E-8
        6330.   9.427880E-8
        6340.   9.806160E-8
        6350.   9.429120E-8
        6360.   7.345210E-8
        6370.   1.051070E-7
        6380.   8.846330E-8
        6390.   9.155010E-8
        6400.   1.026760E-7
        6410.   7.172990E-8
        6420.   1.002710E-7
        6430.   5.928800E-8
        6440.   1.492940E-7
        6450.   1.124980E-7
        6460.   1.290900E-7
        6470.   1.214870E-7
        6480.   8.991660E-8
        6490.   7.474570E-8
        6500.   1.199080E-7
        6510.   1.030730E-7
        6520.   1.099940E-7
        6530.   1.276270E-7
        6540.   1.477800E-7
        6550.   8.582400E-8
        6560.   1.228000E-7
        6570.   1.166500E-7
        6580.   1.243530E-7
        6590.   1.474830E-7
        6600.   1.088370E-7
        6610.   1.097410E-7
        6620.   1.396660E-7
        6630.   9.427660E-8
        6640.   1.185850E-7
        6650.   1.246590E-7
        6660.   1.467840E-7
        6670.   9.937930E-8
        6680.   1.125570E-7
        6690.   1.005450E-7
        6700.   8.178070E-8
        6710.   1.306210E-7
        6720.   8.591720E-8
        6730.   1.345450E-7
        6740.   1.120870E-7
        6750.   1.483420E-7
        6760.   1.432040E-7
        6770.   1.262390E-7
        6780.   9.182590E-8
        6790.   1.474210E-7
        6800.   8.663790E-8
        6810.   1.237270E-7
        6820.   1.534690E-7
        6830.   1.430220E-7
        6840.   1.669580E-7
        6850.   1.976030E-7
        6860.   2.238830E-7
        6870.   2.778240E-7
        6880.   3.637000E-7
        6890.   3.732740E-7
        6900.   4.506660E-7
        6910.   6.135720E-7
        6920.   6.269390E-7
        6930.   7.945290E-7
        6940.   8.233790E-7
        6950.   9.209880E-7
        6960.   9.951990E-7
        6970.   1.024000E-6
        6980.   1.055420E-6
        6990.   1.085690E-6
        7000.   1.018210E-6
        7010.   9.204600E-7
        7020.   8.782140E-7
        7030.   8.701090E-7
        7040.   7.740780E-7
        7050.   7.306140E-7
        7060.   6.584940E-7
        7070.   5.782530E-7
        7080.   5.197640E-7
        7090.   4.890120E-7
        7100.   4.375220E-7
        7110.   4.060400E-7
        7120.   4.085670E-7
        7130.   3.530770E-7
        7140.   3.710000E-7
        7150.   3.500820E-7
        7160.   2.717810E-7
        7170.   2.951780E-7
        7180.   2.513130E-7
        7190.   2.547760E-7
        7200.   2.773980E-7
        7210.   2.039400E-7
        7220.   1.637360E-7
        7230.   1.919620E-7
        7240.   1.554030E-7
        7250.   1.458740E-7
        7260.   1.794700E-7
        7270.   1.748420E-7
        7280.   1.578210E-7
        7290.   1.402820E-7
        7300.   1.634060E-7
        7310.   1.217120E-7
        7320.   1.544440E-7
        7330.   1.313030E-7
        7340.   1.255310E-7
        7350.   1.058660E-7
        7360.   1.531990E-7
        7370.   1.506340E-7
        7380.   1.228790E-7
        7390.   1.708000E-7
        7400.   1.312240E-7
        7410.   1.402490E-7
        7420.   1.941140E-7
        7430.   1.312650E-7
        7440.   1.295240E-7
        7450.   1.411520E-7
        7460.   1.482580E-7
        7470.   1.473190E-7
        7480.   1.093880E-7
        7490.   1.586060E-7
        7500.   1.360040E-7
        7510.   1.200060E-7
        7520.   1.078630E-7
        7530.   1.283360E-7
        7540.   1.536960E-7
        7550.   1.465800E-7
        7560.   1.240260E-7
        7570.   1.306710E-7
        7580.   1.523050E-7
        7590.   1.384870E-7
        7600.   1.448980E-7
        7610.   1.394730E-7
        7620.   1.646430E-7
        7630.   1.475540E-7
        7640.   1.294160E-7
        7650.   1.235280E-7
        7660.   1.042160E-7
        7670.   9.633720E-8
        7680.   1.173880E-7
        7690.   8.072440E-8
        7700.   1.452190E-7
        7710.   1.604560E-7
        7720.   1.573780E-7
        7730.   9.231300E-8
        7740.   1.014720E-7
        7750.   1.219870E-7
        7760.   1.329060E-7
        7770.   1.317420E-7
        7780.   1.238970E-7
        7790.   9.620820E-8
        7800.   1.016020E-7
        7810.   1.117310E-7
        7820.   1.050000E-7
        7830.   1.189440E-7
        7840.   1.322030E-7
        7850.   1.423980E-7
        7860.   1.168180E-7
        7870.   1.196390E-7
        7880.   1.045010E-7
        7890.   1.112260E-7
        7900.   1.208420E-7
        7910.   1.173410E-7
        7920.   8.865490E-8
        7930.   1.543850E-7
        7940.   1.101590E-7
        7950.   8.950950E-8
        7960.   1.263280E-7
        7970.   8.217940E-8
        7980.   7.061690E-8
        7990.   1.062670E-7
        8000.   1.256300E-7
        8010.   1.276550E-7
        8020.   7.726360E-8
        8030.   8.540140E-8
        8040.   1.212910E-7
        8050.   1.505850E-7
        8060.   1.325130E-7
        8070.   3.389050E-8
        8080.   1.891080E-7
        8090.   7.391200E-8
        8100.   7.555110E-8
        8110.   1.263930E-7
        8120.   1.326740E-7
        8130.   1.941450E-7
        8140.   1.195270E-7
        8150.   8.856290E-8
        8160.   1.168980E-7
        8170.   1.093620E-7
        8180.   1.403180E-7
        8190.   1.068460E-7
        8200.   1.536140E-7
        8210.   1.116720E-7
        8220.   1.228250E-7
        8230.   1.294070E-7
        8240.   1.409850E-7
        8250.   9.951830E-8
        8260.   1.734920E-7
        8270.   1.804470E-7
        8280.   1.550630E-7
        8290.   1.438070E-7
        8300.   6.706900E-8
        8310.   1.212070E-7
        8320.   1.674500E-7
        8330.   1.435830E-7
        8340.   1.103720E-7
        8350.   1.176190E-7
        8360.   1.765140E-7
        8370.   1.907540E-7
        8380.   1.741900E-7
        8390.   1.594890E-7
        8400.   1.973150E-7
        8410.   1.682020E-7
        8420.   1.642840E-7
        8430.   1.725470E-7
        8440.   1.435730E-7
        8450.   1.863580E-7
        8460.   1.414320E-7
        8470.   1.176670E-7
        8480.   1.213800E-7
        8490.   1.251340E-7
        8500.   1.468300E-6
        8510.  1.000230E-10
        8520.  1.000230E-10
        8530.  1.000230E-10
        8540.  1.000230E-10
        8550.  1.000230E-10
        8560.  1.000230E-10
        8570.  1.000230E-10
        8580.  1.000230E-10
        8590.  1.000230E-10
        8600.   1.804390E-6
        8610.  1.000230E-10
        8620.  1.000230E-10
        8630.  1.000230E-10
        8640.  1.000230E-10
        8650.  1.000230E-10
        8660.  1.000230E-10
        8670.  1.000230E-10
        8680.  1.000230E-10
        8690.  1.000230E-10
        8700.  1.000230E-10
        8710.  1.000230E-10
        8720.  1.000230E-10
        8730.   4.457480E-7
        8740.  1.000230E-10
        8750.  1.000230E-10
        8760.  1.000230E-10
        8770.  1.000230E-10
        8780.  1.000230E-10
        8790.  1.000230E-10
        8800.  1.000230E-10
        8810.  1.000230E-10
        8820.  1.000230E-10
        8830.  1.000230E-10
        8840.  1.000230E-10
        8850.  1.000230E-10
        8860.  1.000230E-10
        8870.  1.000230E-10
        8880.  1.000230E-10
        8890.  1.000230E-10
        8900.  1.000230E-10
        8910.  1.000230E-10
        8920.  1.000230E-10
        8930.  1.000230E-10
        8940.  1.000230E-10
        8950.   2.711520E-7
        8960.  1.000230E-10
        8970.  1.000230E-10
        8980.  1.000230E-10
        8990.  1.000230E-10
        9000.  1.000230E-10
        9010.  1.000230E-10
        9020.  1.000230E-10
        9030.  1.000230E-10
        9040.  1.000230E-10
        9050.   1.585010E-7
        9060.  1.000230E-10
        9070.  1.000230E-10
        9080.  1.000230E-10
        9090.  1.000230E-10
        9100.  1.000230E-10
        9110.  1.000230E-10
        9120.  1.000230E-10
        9130.  1.000230E-10
        9140.  1.000230E-10
        9150.  1.000230E-10
        9160.  1.000230E-10
        9170.  1.000230E-10
        9180.  1.000230E-10
        9190.  1.000230E-10
        9200.  1.000230E-10
        9210.  1.000230E-10
        9220.  1.000230E-10
        9230.  1.000230E-10
        9240.  1.000230E-10
        9250.  1.000230E-10
        9260.  1.000230E-10
        9270.  1.000230E-10
        9280.  1.000230E-10
        9290.  1.000230E-10
        9300.  1.000230E-10
        9310.  1.000230E-10
        9320.  1.000230E-10
        9330.  1.000230E-10
        9340.  1.000230E-10
        9350.  1.000230E-10
        9360.  1.000230E-10
        9370.   2.212910E-7
        9380.  1.000230E-10
        9390.  1.000230E-10
        9400.  1.000230E-10
        9410.  1.000230E-10
        9420.  1.000230E-10
        9430.  1.000230E-10
        9440.  1.000230E-10
        9450.  1.000230E-10
        9460.  1.000230E-10
        9470.  1.000230E-10
        9480.  1.000230E-10
        9490.  1.000230E-10
        9500.  1.000230E-10
        9510.  1.000230E-10
        9520.  1.000230E-10
        9530.  1.000230E-10
        9540.  1.000230E-10
        9550.  1.000230E-10
        9560.  1.000230E-10
        9570.  1.000230E-10
        9580.  1.000230E-10
        9590.  1.000230E-10
        9600.  1.000230E-10
        9610.  1.000230E-10
        9620.  1.000230E-10
        9630.  1.000230E-10
        9640.   8.220510E-9
        9650.  1.000230E-10
        9660.  1.000230E-10
        9670.  1.000230E-10
        9680.  1.000230E-10
        9690.  1.000230E-10
        9700.  1.000230E-10
        9710.  1.000230E-10
        9720.  1.000230E-10
        9730.  1.000230E-10
        9740.  1.000230E-10
        9750.  1.000230E-10
        9760.  1.000230E-10
        9770.  1.000230E-10
        9780.  1.000230E-10
        9790.  1.000230E-10
        9800.   1.519450E-8
        9810.  1.000230E-10
        9820.  1.000230E-10
        9830.  1.000230E-10
        9840.  1.000230E-10
        9850.  1.000230E-10
        9860.   4.083370E-8
        9870.  1.000230E-10
        9880.  1.000230E-10
        9890.  1.000230E-10
        9900.  1.000230E-10
        9910.  1.000230E-10
        9920.  1.000230E-10
        9930.  1.000230E-10
        9940.  1.000230E-10
        9950.  1.000230E-10
        9960.  1.000230E-10
        9970.  1.000230E-10
        9980.  1.000230E-10
        9990.  1.000230E-10
       10000.  1.000230E-10
       10010.  1.000230E-10
       10020.  1.000230E-10
       10030.  1.000230E-10
       10040.  1.000230E-10
       10050.  1.000230E-10
       10060.  1.000230E-10
       10070.  1.000230E-10
       10080.  1.000230E-10
       10090.  1.000230E-10
       10100.  1.000230E-10
       10110.  1.000230E-10
       10120.  1.000230E-10
       10130.  1.000230E-10
       10140.  1.000230E-10
       10150.  1.000230E-10
       10160.  1.000230E-10
       10170.  1.000230E-10
       10180.  1.000230E-10
       10190.  1.000230E-10
       10200.  1.000230E-10
       10210.  1.000230E-10
       10220.  1.000230E-10
       10230.  1.000230E-10
       10240.  1.000230E-10
       10250.  1.000230E-10
       10260.  1.000230E-10
       10270.  1.000230E-10
       10280.  1.000230E-10
       10290.  1.000230E-10
       10300.  1.000230E-10
       10310.  1.000230E-10
       10320.  1.000230E-10
       10330.  1.000230E-10
       10340.  1.000230E-10
       10350.  1.000230E-10
       10360.  1.000230E-10
       10370.  1.000230E-10
       10380.  1.000230E-10
       10390.  1.000230E-10
       10400.  1.000230E-10
       10410.   2.172290E-7
       10420.  1.000230E-10
       10430.  1.000230E-10
       10440.  1.000230E-10
       10450.  1.000230E-10
       10460.  1.000230E-10
       10470.  1.000230E-10
       10480.  1.000230E-10
       10490.  1.000230E-10
       10500.  1.000230E-10
       10510.   3.033740E-8
       10520.  1.000230E-10
       10530.  1.000230E-10
       10540.  1.000230E-10
       10550.  1.000230E-10
       10560.  1.000230E-10
       10570.  1.000230E-10
       10580.  1.000230E-10
       10590.  1.000230E-10
       10600.  1.000230E-10
       10610.  1.000230E-10
       10620.  1.000230E-10
       10630.  1.000230E-10
       10640.   1.053090E-7
       10650.  1.000230E-10
       10660.  1.000230E-10
       10670.  1.000230E-10
       10680.  1.000230E-10
       10690.  1.000230E-10
       10700.  1.000230E-10
       10710.  1.000230E-10
       10720.  1.000230E-10
       10730.  1.000230E-10
       10740.  1.000230E-10
       10750.  1.000230E-10
       10760.  1.000230E-10
       10770.  1.000230E-10
       10780.  1.000230E-10
       10790.  1.000230E-10
       10800.  1.000230E-10
       10810.   8.086140E-8
       10820.  1.000230E-10
       10830.  1.000230E-10
       10840.   5.250290E-8
       10850.  1.000230E-10
       10860.  1.000230E-10
       10870.  1.000230E-10
       10880.  1.000230E-10
       10890.  1.000230E-10
       10900.  1.000230E-10
       10910.  1.000230E-10
       10920.  1.000230E-10
       10930.  1.000230E-10
       10940.  1.000230E-10
       10950.  1.000230E-10
       10960.  1.000230E-10
       10970.  1.000230E-10
       10980.  1.000230E-10
       10990.  1.000230E-10
       11000.  1.000230E-10
       11001.            0.
       11002.            0.
