        1938.            0.
        1939.            0.
        1940.   3.910650E-7
        1960.   1.319310E-6
        1980.   5.315230E-7
        2000.   5.334170E-8
        2020.   6.172740E-7
        2040.   5.788220E-7
        2060.   4.320940E-7
        2080.   1.288140E-7
        2100.   2.421960E-6
        2120.   9.279980E-6
        2140.   2.655600E-5
        2160.   5.977210E-5
        2180.   1.177170E-4
        2200.   2.153280E-4
        2220.   4.523360E-4
        2240.   6.966590E-4
        2260.   7.438390E-4
        2280.    0.00114897
        2300.   6.153060E-4
        2320.   3.687440E-4
        2340.   9.553090E-4
        2360.   7.423970E-4
        2380.   1.192800E-4
        2400.   6.708480E-4
        2420.    0.00117569
        2440.   7.199030E-4
        2460.   2.023530E-4
        2480.   1.892430E-5
        2500.   4.769400E-6
        2520.   5.165180E-8
        2540.   1.200250E-7
        2560.   1.660620E-7
        2580.   3.510270E-7
        2600.   2.760040E-7
        2620.   7.749210E-9
        2640.   2.959780E-7
        2660.   8.421280E-7
        2680.   6.986980E-6
        2700.   1.492900E-5
        2720.   2.512330E-5
        2750.   1.663050E-4
       2750.5   2.820940E-4
        2751.   3.993950E-5
       2751.5   2.961240E-4
        2752.   4.143510E-4
       2752.5   3.080570E-4
        2753.   4.007790E-4
       2753.5   4.082180E-4
        2754.   3.478180E-4
       2754.5   4.639190E-4
        2755.   4.851030E-4
       2755.5   4.077460E-4
        2756.   7.121320E-4
       2756.5   8.329520E-4
        2757.   9.399400E-4
       2757.5   9.552210E-4
        2758.    0.00120422
       2758.5    0.00130404
        2759.    0.00151303
       2759.5    0.00143507
        2760.    0.00192701
       2760.5    0.00204898
        2761.    0.00215113
       2761.5    0.00261581
        2762.    0.00282265
       2762.5    0.00349296
        2763.    0.00436726
       2763.5    0.00451288
        2764.    0.00542031
       2764.5    0.00645426
        2765.    0.00748701
       2765.5    0.00883148
        2766.     0.0108293
       2766.5     0.0125182
        2767.     0.0148389
       2767.5     0.0181363
        2768.     0.0211524
       2768.5     0.0251399
        2769.     0.0306649
       2769.5     0.0366101
        2770.     0.0436576
       2770.5     0.0529779
        2771.      0.063156
       2771.5     0.0738143
        2772.     0.0851877
       2772.5     0.0977652
        2773.      0.110967
       2773.5      0.124049
        2774.      0.134714
       2774.5      0.145014
        2775.      0.153798
       2775.5      0.160699
        2776.      0.165716
       2776.5      0.170349
        2777.       0.17157
       2777.5      0.174175
        2778.      0.175876
       2778.5      0.177508
        2779.      0.178103
       2779.5      0.180524
        2780.      0.181359
       2780.5       0.18356
        2781.      0.184482
       2781.5      0.189181
        2782.      0.191127
       2782.5      0.195377
        2783.      0.199033
       2783.5       0.20399
        2784.      0.207063
       2784.5       0.21107
        2785.      0.216104
       2785.5      0.220705
        2786.      0.224117
       2786.5      0.229115
        2787.      0.233817
       2787.5      0.239683
        2788.      0.242807
       2788.5      0.245976
        2789.      0.248282
       2789.5      0.251623
        2790.      0.252319
       2790.5      0.255735
        2791.      0.257644
       2791.5      0.259051
        2792.      0.261487
       2792.5      0.261017
        2793.      0.261203
       2793.5      0.261732
        2794.       0.26254
       2794.5      0.263372
        2795.      0.263607
       2795.5      0.263074
        2796.      0.262858
       2796.5      0.263732
        2797.      0.263906
       2797.5       0.26421
        2798.      0.264188
       2798.5      0.265332
        2799.      0.265786
       2799.5      0.266222
        2800.      0.267309
       2800.5      0.268347
        2801.      0.268305
       2801.5      0.269781
        2802.      0.271174
       2802.5      0.270765
        2803.      0.270234
       2803.5      0.271579
        2804.      0.270878
       2804.5       0.27098
        2805.      0.270126
       2805.5      0.270104
        2806.      0.268008
       2806.5      0.264315
        2807.      0.262111
       2807.5       0.25875
        2808.      0.253443
       2808.5      0.249936
        2809.      0.245875
       2809.5      0.240609
        2810.      0.234253
       2810.5      0.227662
        2811.       0.22086
       2811.5      0.213949
        2812.      0.205802
       2812.5      0.197177
        2813.      0.188817
       2813.5      0.180196
        2814.      0.172215
       2814.5      0.163133
        2815.      0.153843
       2815.5      0.146544
        2816.      0.138608
       2816.5      0.129717
        2817.      0.121359
       2817.5      0.114055
        2818.      0.106615
       2818.5     0.0985027
        2819.     0.0908156
       2819.5     0.0841671
        2820.     0.0783481
       2820.5     0.0720663
        2821.     0.0664803
       2821.5     0.0612851
        2822.     0.0561747
       2822.5     0.0517167
        2823.     0.0472601
       2823.5     0.0436073
        2824.     0.0402691
       2824.5     0.0368651
        2825.     0.0336565
       2825.5     0.0306239
        2826.     0.0281764
       2826.5     0.0259937
        2827.     0.0235943
       2827.5     0.0212197
        2828.     0.0196577
       2828.5     0.0182441
        2829.     0.0166962
       2829.5     0.0152429
        2830.     0.0141572
       2830.5      0.013099
        2831.     0.0120493
       2831.5     0.0110924
        2832.     0.0103327
       2832.5    0.00941802
        2833.     0.0086779
       2833.5    0.00786403
        2834.    0.00728492
       2834.5    0.00688803
        2835.    0.00646319
       2835.5    0.00580773
        2836.    0.00546292
       2836.5    0.00532291
        2837.    0.00472324
       2837.5     0.0043546
        2838.    0.00404703
       2838.5    0.00387729
        2839.     0.0036613
       2839.5    0.00322778
        2840.     0.0030386
       2840.5    0.00288929
        2841.     0.0025716
       2841.5    0.00248633
        2842.    0.00232317
       2842.5    0.00206781
        2843.    0.00199352
       2843.5     0.0019511
        2844.    0.00172869
       2844.5    0.00147577
        2845.    0.00166189
       2845.5    0.00168299
        2846.    0.00156928
       2846.5    0.00144655
        2847.    0.00134725
       2847.5    0.00105591
        2848.    0.00125346
       2848.5    0.00110606
        2849.    0.00101248
       2849.5   9.290020E-4
        2850.   7.230080E-4
       2850.5   7.691230E-4
        2851.   8.485710E-4
       2851.5    0.00108264
        2852.    0.00101019
       2852.5   6.894260E-4
        2853.   6.949170E-4
       2853.5   4.904810E-4
        2854.   4.716120E-4
       2854.5   4.293400E-4
        2855.   3.015960E-4
       2855.5   4.880650E-4
        2856.   4.121020E-4
       2856.5   2.599990E-4
        2857.   2.503980E-4
       2857.5   3.465670E-4
        2858.   4.562070E-4
       2858.5   2.890030E-4
        2859.   2.035560E-4
       2859.5   2.642710E-4
        2860.   2.791780E-4
       2860.5   3.983810E-4
        2861.   2.345450E-4
       2861.5   2.676280E-4
        2862.   6.188400E-5
       2862.5   2.642630E-4
        2863.   2.942150E-4
       2863.5   1.955160E-4
        2880.   7.488420E-5
        2900.   1.827600E-5
        2920.   9.877480E-6
        2940.   1.279560E-5
        2960.   1.704810E-5
        2980.   1.011780E-5
        3000.   4.109270E-6
        3020.   4.463080E-6
        3040.   1.301210E-5
        3060.   3.496880E-5
        3080.   2.201310E-5
        3100.   1.034810E-5
        3120.   3.209590E-5
        3140.   9.436760E-5
        3160.   3.352090E-5
        3180.   4.420690E-6
        3200.   3.631980E-6
        3220.   1.595440E-5
        3240.   6.272940E-5
        3260.   6.322840E-5
        3280.   7.607170E-6
        3300.   5.628620E-6
        3320.   1.366620E-5
        3340.   2.258470E-5
        3360.   6.533200E-6
        3380.   9.091200E-7
        3400.   1.674190E-7
        3420.   2.705860E-7
        3440.   1.111560E-7
        3460.   1.428070E-7
        3480.   8.395120E-7
        3500.   2.607720E-6
        3520.   7.012660E-6
        3540.   1.480070E-5
        3560.   1.619640E-5
        3580.   9.847530E-6
        3600.   7.523440E-6
        3620.   8.627660E-6
        3640.   1.346520E-5
        3660.   2.244550E-5
        3680.   3.330200E-5
        3700.   3.679100E-5
        3720.   3.156010E-5
        3740.   2.603960E-5
        3760.   2.366470E-5
        3780.   2.396500E-5
        3800.   2.714090E-5
        3820.   3.328260E-5
        3840.   4.472810E-5
        3860.   6.592500E-5
        3880.   9.687370E-5
        3900.   1.349480E-4
        3920.   1.798030E-4
        3940.   2.629880E-4
        3960.   5.381260E-4
        3980.    0.00123645
        4000.    0.00161529
        4020.   8.954410E-4
        4040.   3.679750E-4
        4060.   2.535710E-4
        4080.   2.677480E-4
        4100.   3.982970E-4
        4120.   6.821800E-4
        4140.   9.409810E-4
        4160.   9.052510E-4
        4180.   7.332840E-4
        4200.   6.528480E-4
        4220.   5.532020E-4
        4240.   3.578400E-4
        4260.   1.832430E-4
        4280.   9.721410E-5
        4300.   6.267910E-5
        4320.   4.988650E-5
        4340.   4.884720E-5
        4360.   5.986880E-5
        4380.   9.322940E-5
        4400.   1.792880E-4
        4420.   3.034460E-4
        4440.   3.224600E-4
        4460.   2.170510E-4
        4480.   1.338550E-4
        4500.   1.036160E-4
        4520.   9.914300E-5
        4540.   1.060230E-4
        4560.   1.102480E-4
        4580.   9.898500E-5
        4600.   7.618840E-5
        4620.   5.581600E-5
        4640.   4.364060E-5
        4660.   3.845050E-5
        4680.   3.864730E-5
        4700.   4.450260E-5
        4720.   5.809890E-5
        4740.   7.981180E-5
        4760.   1.007040E-4
        4780.   1.031600E-4
        4800.   8.664610E-5
        4820.   6.715140E-5
        4840.   5.460720E-5
        4860.   4.941530E-5
        4880.   4.882180E-5
        4900.   4.985330E-5
        4920.   4.875820E-5
        4940.   4.283890E-5
        4960.   3.324000E-5
        4980.   2.455160E-5
        5000.   1.833020E-5
        5020.   1.481760E-5
        5040.   1.273050E-5
        5060.   1.150840E-5
        5080.   1.177810E-5
        5100.   1.264700E-5
        5120.   1.579610E-5
        5140.   1.985970E-5
        5160.   2.599600E-5
        5180.   3.457410E-5
        5200.   3.941120E-5
        5220.   3.701270E-5
        5240.   3.019790E-5
        5260.   2.326720E-5
        5280.   1.859380E-5
        5300.   1.575790E-5
        5320.   1.399500E-5
        5340.   1.365930E-5
        5360.   1.396920E-5
        5380.   1.497150E-5
        5400.   1.658270E-5
        5420.   1.861330E-5
        5440.   2.073590E-5
        5460.   2.190530E-5
        5480.   2.152730E-5
        5500.   1.979110E-5
        5520.   1.700860E-5
        5540.   1.411510E-5
        5560.   1.179960E-5
        5580.   9.329640E-6
        5600.   8.098190E-6
        5620.   7.149520E-6
        5640.   6.417620E-6
        5660.   5.798130E-6
        5680.   5.417730E-6
        5700.   5.027820E-6
        5720.   4.899890E-6
        5740.   4.835230E-6
        5760.   5.119860E-6
        5780.   4.985540E-6
        5800.   4.951260E-6
        5820.   5.757130E-6
        5840.   6.311610E-6
        5860.   6.762110E-6
        5880.   8.256270E-6
        5900.   8.899790E-6
        5920.   9.548540E-6
        5940.   1.007840E-5
        5960.   1.064010E-5
        5980.   1.097730E-5
        6000.   1.106890E-5
        6020.   1.026020E-5
        6040.   1.051200E-5
        6060.   1.031160E-5
        6080.   9.603770E-6
        6100.   9.840470E-6
        6120.   9.341270E-6
        6140.   9.123630E-6
        6160.   8.888510E-6
        6180.   8.636610E-6
        6200.   8.447420E-6
        6220.   7.582930E-6
        6240.   7.067860E-6
        6260.   6.634390E-6
        6280.   5.853180E-6
        6300.   5.531220E-6
        6320.   5.022340E-6
        6340.   4.562990E-6
        6360.   4.373430E-6
        6380.   3.844740E-6
        6400.   4.168610E-6
        6420.   3.869320E-6
        6440.   3.848050E-6
        6460.   3.397510E-6
        6480.   3.520670E-6
        6500.   3.364960E-6
        6520.   3.387060E-6
        6540.   3.657190E-6
        6560.   3.277100E-6
        6580.   3.301790E-6
        6600.   2.964240E-6
        6620.   3.378510E-6
        6640.   2.027950E-6
        6660.   2.992750E-6
        6680.   2.884590E-6
        6700.   2.734120E-6
        6720.   2.605610E-6
        6740.   2.660550E-6
        6760.   2.763820E-6
        6780.   2.959010E-6
        6800.   3.541830E-6
        6820.   3.600220E-6
        6840.   4.499240E-6
        6860.   4.730980E-6
        6880.   5.776980E-6
        6900.   6.758070E-6
        6920.   7.289660E-6
        6940.   8.237970E-6
        6960.   9.556130E-6
        6980.   1.018760E-5
        7000.   8.041310E-6
        7020.   8.591180E-6
        7040.   6.501840E-6
        7060.   5.699300E-6
        7080.   4.237550E-6
        7100.   4.190290E-6
        7120.   3.264670E-6
        7140.   4.015980E-6
        7160.   2.351290E-6
        7180.   2.393710E-6
        7200.   2.403580E-6
        7220.   2.191720E-6
        7240.   2.461520E-6
        7260.   2.428360E-6
        7280.   2.710230E-6
        7300.   2.452730E-6
        7320.   3.229600E-6
        7340.   2.735500E-6
        7360.   3.265170E-6
        7380.   4.013030E-6
        7400.   4.197660E-6
        7420.   4.784990E-6
        7440.   5.146620E-6
        7460.   6.364980E-6
        7480.   6.315270E-6
        7500.   7.653340E-6
        7520.   8.182710E-6
        7540.   8.567990E-6
        7560.   8.207880E-6
        7580.   8.756950E-6
        7600.   8.203480E-6
        7620.   7.849550E-6
        7640.   6.253260E-6
        7660.   7.184380E-6
        7680.   6.085560E-6
        7700.   5.710500E-6
        7720.   5.787920E-6
        7740.   5.989080E-6
        7760.   5.344810E-6
        7780.   5.381690E-6
        7800.   5.339250E-6
        7820.   5.602520E-6
        7840.   5.738270E-6
        7860.   5.344660E-6
        7880.   5.640020E-6
        7900.   5.673580E-6
        7920.   6.934020E-6
        7940.   7.215590E-6
        7960.   7.856480E-6
        7980.   8.408450E-6
        8000.   8.893730E-6
        8020.   9.434660E-6
        8040.   9.508210E-6
        8060.   1.011060E-5
        8080.   1.116670E-5
        8100.   1.165240E-5
        8120.   1.162180E-5
        8140.   1.034600E-5
        8160.   1.281210E-5
        8180.   1.211300E-5
        8200.   1.272850E-5
        8220.   1.319400E-5
        8240.   1.220000E-5
        8260.   1.201280E-5
        8280.   1.301120E-5
        8300.   1.382510E-5
        8320.   1.302830E-5
        8340.   1.317840E-5
        8360.   1.364930E-5
        8380.   1.336690E-5
        8400.   1.367020E-5
        8420.   1.475840E-5
        8440.   1.503560E-5
        8460.   1.517930E-5
        8480.   1.530180E-5
        8500.   1.350460E-5
        8520.   1.355800E-5
        8540.   3.163540E-6
        8560.   1.258300E-5
        8580.   1.307480E-5
        8600.   4.081800E-6
        8620.   1.605000E-5
        8640.   9.740920E-6
        8660.   1.001030E-6
        8680.   3.144200E-5
        8700.   3.855230E-5
        8720.   2.718950E-5
        8740.   3.499650E-5
        8760.   2.471840E-5
        8780.   2.062500E-6
        8800.   1.754660E-5
        8820.   1.068940E-6
        8840.   1.242590E-5
        8860.   2.782430E-5
        8880.   2.205050E-5
        8900.   1.459540E-5
        8920.   2.249110E-5
        8940.   1.398630E-5
        8960.   8.433560E-6
        8980.   1.932960E-5
        9000.   6.679620E-6
        9020.   1.444550E-5
        9040.   1.460120E-5
        9060.   9.957880E-6
        9080.   1.451690E-5
        9100.   2.467200E-5
        9120.   1.372710E-5
        9140.   1.417350E-5
        9160.   2.204800E-5
        9180.   1.321900E-5
        9200.   1.667000E-5
        9220.   1.802570E-5
        9240.   2.059910E-5
        9260.   1.789020E-5
        9280.   2.521910E-5
        9300.   1.532490E-5
        9320.   1.633280E-5
        9340.   2.326730E-5
        9360.   2.106520E-5
        9380.   2.388420E-5
        9400.   2.026310E-5
        9420.   2.032680E-5
        9440.   1.920290E-5
        9460.   2.897680E-5
        9480.   1.922940E-5
        9500.   1.958220E-5
        9520.   2.000580E-5
        9540.   1.676510E-5
        9560.   1.943090E-5
        9580.   1.748160E-5
        9600.   1.869040E-5
        9620.   1.414510E-5
        9640.   1.766000E-5
        9660.   9.287610E-6
        9680.   1.077460E-5
        9700.   8.646710E-6
        9720.   9.466880E-6
        9740.   1.518690E-5
        9760.   1.342540E-5
        9780.   1.102660E-5
        9800.   5.398010E-6
        9820.   1.278680E-5
        9840.   4.125220E-6
        9860.   9.065130E-6
        9880.   6.747530E-6
        9900.   7.857270E-6
        9920.   7.324820E-6
        9940.   5.957790E-6
        9960.   6.023150E-6
        9980.   5.176030E-6
       10000.   1.297080E-5
       10020.   1.255280E-6
       10040.   7.696300E-6
       10060.   2.238720E-6
       10080.   6.871380E-6
       10100.   8.895910E-6
       10120.   6.717700E-6
       10140.   7.684810E-6
       10160.   5.599950E-6
       10180.   8.304780E-6
       10200.   5.042350E-6
       10220.   1.105170E-5
       10240.   8.065360E-6
       10260.   8.475530E-6
       10280.   9.698440E-6
       10300.   6.402430E-6
       10320.   8.801660E-6
       10340.   1.124570E-5
       10360.   1.406060E-5
       10380.   8.246810E-6
       10400.   1.332390E-5
       10420.   1.007070E-5
       10440.   1.209470E-5
       10460.   1.810110E-5
       10480.   2.192890E-5
       10500.   1.725460E-5
       10520.   4.800650E-6
       10540.   1.300330E-5
       10560.   1.154500E-5
       10580.   1.252210E-5
       10600.   1.138900E-5
       10620.   1.259820E-5
       10640.   1.319040E-5
       10660.   6.668610E-6
       10680.   9.913410E-6
       10700.   3.976360E-7
       10720.   1.523800E-5
       10740.   1.740260E-5
       10760.   1.194300E-5
       10780.   1.063020E-5
       10800.   7.892340E-6
       10820.   8.913290E-6
       10840.   8.481060E-6
       10860.   9.562740E-6
       10880.   8.126700E-6
       10900.   5.862340E-6
       10920.   7.604720E-6
       10940.   7.637150E-6
       10960.   4.323700E-6
       10980.   1.894180E-6
       11000.   4.989990E-6
       11001.            0.
       11002.            0.
