        1938.            0.
        1939.            0.
        1940.   8.255360E-8
        1950.   3.711060E-8
        1960.   8.975240E-8
        1970.   6.237680E-8
        1980.   6.753210E-8
        1990.   3.704850E-8
        2000.   5.119430E-8
        2010.   4.873650E-8
        2020.   4.750430E-8
        2030.   5.037560E-8
        2040.   2.822230E-8
        2050.   6.221600E-8
        2060.   3.631590E-8
        2070.   4.333150E-8
        2080.   5.298190E-8
        2090.   3.969560E-8
        2100.   6.066010E-8
        2110.   2.351600E-8
        2120.   3.923640E-8
        2130.   2.115290E-8
        2140.   5.845000E-8
        2150.   3.268260E-8
        2160.   5.378890E-8
        2170.   2.571780E-8
        2180.   4.623780E-8
        2190.   1.475520E-8
        2200.   2.634750E-8
        2210.   3.782900E-8
        2220.   3.391470E-8
        2230.   2.952280E-8
        2240.   2.791230E-8
        2250.   1.747880E-8
        2260.   2.172890E-8
        2270.  2.362810E-10
        2280.   4.472820E-8
        2290.  1.000230E-10
        2300.   1.978750E-8
        2310.   2.994570E-8
        2320.  1.000230E-10
        2330.   3.525720E-8
        2340.   2.604370E-8
        2350.   9.766530E-9
        2360.   2.490480E-8
        2370.   2.081360E-8
        2380.   9.192090E-9
        2390.   1.556580E-8
        2400.   7.375920E-9
        2410.   1.045790E-8
        2420.  1.000230E-10
        2430.   2.413240E-8
        2440.   3.396650E-8
        2450.   3.721610E-8
        2460.   1.282280E-8
        2470.   2.997790E-8
        2480.   2.994740E-8
        2490.   1.646130E-8
        2500.   4.690620E-8
        2510.   2.590500E-8
        2520.   3.263100E-8
        2530.   1.923780E-8
        2540.   2.243520E-8
        2550.   3.656620E-8
        2560.   2.495480E-8
        2570.   3.894600E-8
        2580.   3.525390E-8
        2590.   3.804340E-8
        2600.   5.623650E-8
        2610.   8.862130E-8
        2620.   2.548220E-8
        2630.   6.071890E-8
        2640.   3.760530E-8
        2650.   4.216720E-8
        2660.   5.764790E-8
        2670.   1.763850E-8
        2680.   6.083150E-8
        2690.   3.600370E-8
        2700.   4.162840E-8
        2710.   5.032120E-8
        2720.   4.910160E-8
        2730.   5.773550E-8
        2740.   1.770500E-8
        2750.   4.368090E-8
        2760.   6.530950E-8
        2770.   6.944560E-8
        2780.   6.919780E-8
        2790.   3.130090E-8
        2800.   5.603110E-8
        2810.   7.542220E-8
        2820.   6.803760E-8
        2830.   7.419450E-8
        2840.   7.584460E-8
        2850.   2.906980E-8
        2860.   4.650180E-8
        2870.   3.321380E-8
        2880.   7.822320E-8
        2890.   5.753110E-8
        2900.   4.031490E-8
        2910.   4.355870E-8
        2920.   4.609760E-8
        2930.   4.123130E-8
        2940.   5.436570E-8
        2950.   1.698660E-8
        2960.   5.258380E-8
        2970.   3.785260E-8
        2980.   6.847560E-8
        2990.   6.070660E-8
        3000.   6.641740E-8
        3010.   3.327260E-8
        3020.   7.822130E-8
        3030.   6.388890E-8
        3040.   5.190340E-8
        3050.   5.203880E-8
        3060.   5.964590E-8
        3070.   1.036390E-7
        3080.   1.013400E-7
        3090.   1.052640E-7
        3100.   8.602090E-8
        3110.   9.773590E-8
        3120.   8.157630E-8
        3130.   5.830750E-8
        3140.   6.917010E-8
        3150.   7.099880E-8
        3160.   1.123300E-7
        3170.   8.144360E-8
        3180.   7.148630E-8
        3190.   1.062100E-7
        3200.   8.049650E-8
        3210.   8.789000E-8
        3220.   1.015160E-7
        3230.   1.385470E-7
        3240.   1.266340E-7
        3250.   1.500500E-7
        3260.   1.153500E-7
        3270.   1.451570E-7
        3280.   9.089420E-8
        3290.   1.116780E-7
        3300.   1.227850E-7
        3310.   1.674990E-7
        3320.   1.521890E-7
        3330.   1.826670E-7
        3340.   1.425300E-7
        3350.   1.452030E-7
        3360.   1.712120E-7
        3370.   2.026870E-7
        3380.   1.981910E-7
        3390.   1.685850E-7
        3400.   1.607360E-7
        3410.   1.596560E-7
        3420.   2.142200E-7
        3430.   1.946010E-7
        3440.   1.777990E-7
        3450.   2.219650E-7
        3460.   1.825040E-7
        3470.   2.806350E-7
        3480.   2.516180E-7
        3490.   2.508270E-7
        3500.   3.100150E-7
        3510.   2.762050E-7
        3520.   2.921250E-7
        3530.   3.178570E-7
        3540.   2.996960E-7
        3550.   3.162350E-7
        3560.   3.070940E-7
        3570.   3.134950E-7
        3580.   3.217610E-7
        3590.   3.996270E-7
        3600.   2.653950E-7
        3610.   3.174430E-7
        3620.   2.683100E-7
        3630.   3.336750E-7
        3640.   3.255060E-7
        3650.   3.652620E-7
        3660.   3.536880E-7
        3670.   2.889220E-7
        3680.   3.620640E-7
        3690.   3.923630E-7
        3700.   3.653100E-7
        3710.   2.548930E-7
        3720.   2.497280E-7
        3730.   3.047100E-7
        3740.   2.645090E-7
        3750.   3.286600E-7
        3760.   2.643070E-7
        3770.   2.226830E-7
        3780.   3.610350E-7
        3790.   3.562990E-7
        3800.   2.673970E-7
        3810.   2.881440E-7
        3820.   3.548250E-7
        3830.   3.062530E-7
        3840.   2.417860E-7
        3850.   3.561570E-7
        3860.   2.777130E-7
        3870.   2.985720E-7
        3880.   3.745660E-7
        3890.   2.890950E-7
        3900.   2.622200E-7
        3910.   3.206360E-7
        3920.   3.741250E-7
        3930.   3.077260E-7
        3940.   2.735510E-7
        3950.   3.752840E-7
        3960.   3.634210E-7
        3970.   3.656890E-7
        3980.   2.921560E-7
        3990.   2.783880E-7
        4000.   4.476150E-7
        4010.   4.456790E-7
        4020.   4.017140E-7
        4030.   4.295140E-7
        4040.   4.707330E-7
        4050.   4.401420E-7
        4060.   3.953110E-7
        4070.   4.517850E-7
        4080.   4.598290E-7
        4090.   4.174170E-7
        4100.   4.261140E-7
        4110.   4.535330E-7
        4120.   4.667810E-7
        4130.   4.309780E-7
        4140.   4.255510E-7
        4150.   4.234520E-7
        4160.   4.275740E-7
        4170.   4.138490E-7
        4180.   4.725590E-7
        4190.   4.126630E-7
        4200.   4.302470E-7
        4210.   4.166010E-7
        4220.   4.541890E-7
        4230.   4.333980E-7
        4240.   4.627640E-7
        4250.   4.294840E-7
        4260.   4.475640E-7
        4270.   4.343440E-7
        4280.   4.141910E-7
        4290.   4.153450E-7
        4300.   4.359930E-7
        4310.   4.647800E-7
        4320.   4.252180E-7
        4330.   4.145560E-7
        4340.   4.389570E-7
        4350.   4.569110E-7
        4360.   4.905980E-7
        4370.   4.396620E-7
        4380.   4.406460E-7
        4390.   4.121610E-7
        4400.   4.125250E-7
        4410.   3.988970E-7
        4420.   4.281320E-7
        4430.   4.824310E-7
        4440.   4.194870E-7
        4450.   4.598200E-7
        4460.   3.729590E-7
        4470.   4.338360E-7
        4480.   4.584850E-7
        4490.   4.531260E-7
        4500.   4.550380E-7
        4510.   4.523420E-7
        4520.   4.245650E-7
        4530.   4.363500E-7
        4540.   4.227170E-7
        4550.   4.633320E-7
        4560.   4.146210E-7
        4570.   4.255130E-7
        4580.   4.394250E-7
        4590.   4.423350E-7
        4600.   4.414410E-7
        4610.   4.648480E-7
        4620.   4.917090E-7
        4630.   4.377020E-7
        4640.   4.731700E-7
        4650.   4.759930E-7
        4660.   5.003480E-7
        4670.   4.622060E-7
        4680.   4.835860E-7
        4690.   5.180630E-7
        4700.   4.883250E-7
        4710.   4.941390E-7
        4720.   5.129130E-7
        4730.   4.661120E-7
        4740.   5.118520E-7
        4750.   4.575730E-7
        4760.   4.941710E-7
        4770.   5.016220E-7
        4780.   5.324980E-7
        4790.   5.085260E-7
        4800.   4.925360E-7
        4810.   4.622630E-7
        4820.   4.873640E-7
        4830.   5.070060E-7
        4840.   4.784770E-7
        4850.   4.929810E-7
        4860.   5.287180E-7
        4870.   4.890090E-7
        4880.   5.316040E-7
        4890.   4.729810E-7
        4900.   4.753960E-7
        4910.   4.996390E-7
        4920.   5.413090E-7
        4930.   4.965840E-7
        4940.   5.386540E-7
        4950.   5.069270E-7
        4960.   5.024910E-7
        4970.   4.977440E-7
        4980.   5.299800E-7
        4990.   5.324390E-7
        5000.   5.353750E-7
        5010.   5.036290E-7
        5020.   5.093240E-7
        5030.   4.793500E-7
        5040.   5.457480E-7
        5050.   5.597370E-7
        5060.   5.184420E-7
        5070.   5.553170E-7
        5080.   5.424300E-7
        5090.   5.361660E-7
        5100.   4.890620E-7
        5110.   5.284600E-7
        5120.   5.089970E-7
        5130.   5.522820E-7
        5140.   5.333940E-7
        5150.   5.430680E-7
        5160.   5.581680E-7
        5170.   5.623940E-7
        5180.   5.575910E-7
        5190.   5.481240E-7
        5200.   5.406400E-7
        5210.   5.645180E-7
        5220.   5.656360E-7
        5230.   5.524500E-7
        5240.   5.004140E-7
        5250.   5.493250E-7
        5260.   5.332020E-7
        5270.   5.307340E-7
        5280.   5.042410E-7
        5290.   5.588950E-7
        5300.   5.438000E-7
        5310.   5.031180E-7
        5320.   5.041090E-7
        5330.   5.321380E-7
        5340.   5.724630E-7
        5350.   5.481000E-7
        5360.   5.274840E-7
        5370.   5.392850E-7
        5380.   5.505580E-7
        5390.   5.398850E-7
        5400.   5.132870E-7
        5410.   5.570250E-7
        5420.   5.209090E-7
        5430.   5.157650E-7
        5440.   5.431680E-7
        5450.   5.925140E-7
        5460.   5.636640E-7
        5470.   5.712050E-7
        5480.   5.395220E-7
        5490.   5.448290E-7
        5500.   5.737750E-7
        5510.   6.197580E-7
        5520.   5.583040E-7
        5530.   5.419520E-7
        5540.   6.139910E-7
        5550.   5.666280E-7
        5560.   5.489020E-7
        5570.   5.728640E-7
        5580.   5.842100E-7
        5590.   6.260200E-7
        5600.   6.120080E-7
        5610.   5.784710E-7
        5620.   5.758130E-7
        5630.   6.311960E-7
        5640.   5.970810E-7
        5650.   6.276030E-7
        5660.   5.567340E-7
        5670.   6.173650E-7
        5680.   6.057760E-7
        5690.   5.898630E-7
        5700.   6.170030E-7
        5710.   6.272330E-7
        5720.   6.060740E-7
        5730.   6.256250E-7
        5740.   6.474330E-7
        5750.   6.234860E-7
        5760.   5.945930E-7
        5770.   6.043590E-7
        5780.   6.175260E-7
        5790.   6.093640E-7
        5800.   6.091190E-7
        5810.   5.940130E-7
        5820.   6.090190E-7
        5830.   6.365070E-7
        5840.   6.013740E-7
        5850.   6.041670E-7
        5860.   6.128210E-7
        5870.   5.856230E-7
        5880.   6.118920E-7
        5890.   5.852170E-7
        5900.   6.117080E-7
        5910.   6.204930E-7
        5920.   5.934700E-7
        5930.   5.999000E-7
        5940.   5.974100E-7
        5950.   5.777030E-7
        5960.   5.836590E-7
        5970.   6.217040E-7
        5980.   5.817280E-7
        5990.   5.950640E-7
        6000.   5.474170E-7
        6010.   5.693120E-7
        6020.   5.836050E-7
        6030.   6.013910E-7
        6040.   5.650540E-7
        6050.   5.607670E-7
        6060.   5.456000E-7
        6070.   5.098720E-7
        6080.   5.135310E-7
        6090.   5.592400E-7
        6100.   5.269440E-7
        6110.   5.301730E-7
        6120.   5.443620E-7
        6130.   5.088130E-7
        6140.   4.700480E-7
        6150.   5.275320E-7
        6160.   4.765530E-7
        6170.   4.739840E-7
        6180.   4.717120E-7
        6190.   4.271260E-7
        6200.   4.359450E-7
        6210.   4.078510E-7
        6220.   4.107660E-7
        6230.   4.281210E-7
        6240.   4.136730E-7
        6250.   4.218760E-7
        6260.   3.907480E-7
        6270.   3.868250E-7
        6280.   3.478970E-7
        6290.   3.845390E-7
        6300.   3.718920E-7
        6310.   3.362720E-7
        6320.   3.385690E-7
        6330.   3.192320E-7
        6340.   3.321440E-7
        6350.   3.017750E-7
        6360.   3.339490E-7
        6370.   2.948340E-7
        6380.   2.752920E-7
        6390.   2.720900E-7
        6400.   2.719640E-7
        6410.   2.857070E-7
        6420.   2.783770E-7
        6430.   2.438620E-7
        6440.   3.008910E-7
        6450.   2.357630E-7
        6460.   2.527940E-7
        6470.   2.889300E-7
        6480.   2.607210E-7
        6490.   2.609940E-7
        6500.   2.564660E-7
        6510.   2.989470E-7
        6520.   3.619100E-7
        6530.   4.724180E-7
        6540.   5.358250E-7
        6550.   8.227710E-7
        6560.   1.105800E-6
        6570.   1.512610E-6
        6580.   2.189130E-6
        6590.   3.123820E-6
        6600.   4.390410E-6
        6610.   6.221660E-6
        6620.   8.634000E-6
        6630.   1.192430E-5
        6640.   1.590970E-5
        6650.   2.165480E-5
        6660.   2.878080E-5
        6670.   3.863130E-5
        6700.   6.100000E-5
        6710.   8.600000E-5
        6720.   1.280000E-4
        6730.   1.610000E-4
        6740.   2.020000E-4
        6750.   2.660000E-4
        6760.   3.390000E-4
        6770.   4.540000E-4
        6780.   6.060000E-4
        6790.   8.020000E-4
        6800.      0.001056
        6810.      0.001409
        6820.      0.001852
        6830.      0.002493
        6840.      0.003344
        6850.      0.004511
        6860.      0.006059
        6870.      0.008206
        6880.      0.011309
        6890.      0.015604
        6900.      0.021371
        6910.      0.029551
        6920.      0.041346
        6930.      0.057504
        6940.      0.079589
        6950.      0.110109
        6960.      0.151234
        6970.      0.203515
        6980.      0.267142
        6990.      0.340906
        7000.      0.422445
        7010.      0.502894
        7020.      0.575658
        7030.        0.6376
        7040.      0.688271
        7050.      0.724326
        7060.      0.749623
        7070.      0.767562
        7080.      0.779704
        7090.      0.789515
        7100.      0.796875
        7110.      0.803616
        7120.      0.809371
        7130.      0.814731
        7140.      0.819182
        7150.      0.823274
        7160.      0.827406
        7170.      0.830376
        7180.      0.832965
        7190.      0.834291
        7200.      0.833986
        7210.      0.833906
        7220.      0.832003
        7230.       0.82986
        7240.      0.828116
        7250.      0.825482
        7260.      0.823356
        7270.      0.821086
        7280.      0.819783
        7290.      0.818183
        7300.      0.817607
        7310.      0.817841
        7320.      0.817567
        7330.      0.819056
        7340.      0.820513
        7350.      0.822904
        7360.      0.824685
        7370.      0.826349
        7380.      0.829206
        7390.      0.831454
        7400.      0.833127
        7410.      0.834706
        7420.      0.835182
        7430.      0.835903
        7440.      0.835332
        7450.      0.835614
        7460.      0.835023
        7470.      0.833459
        7480.      0.832171
        7490.      0.831214
        7500.      0.830415
        7510.      0.828857
        7520.      0.827747
        7530.      0.827269
        7540.      0.826557
        7550.      0.826121
        7560.      0.826108
        7570.      0.825919
        7580.       0.82685
        7590.      0.827804
        7600.      0.828297
        7610.      0.829465
        7620.      0.829949
        7630.      0.831159
        7640.      0.832353
        7650.      0.832503
        7660.      0.832945
        7670.      0.833028
        7680.      0.833783
        7690.      0.833962
        7700.      0.834682
        7710.      0.833911
        7720.      0.834457
        7730.      0.833365
        7740.      0.833481
        7750.      0.832393
        7760.      0.832097
        7770.       0.83175
        7780.      0.831676
        7790.      0.830682
        7800.      0.831216
        7810.      0.831161
        7820.      0.830704
        7830.      0.829988
        7840.      0.830746
        7850.      0.831241
        7860.      0.831297
        7870.       0.83229
        7880.      0.832537
        7890.      0.833333
        7900.       0.83429
        7910.      0.834708
        7920.      0.836609
        7930.      0.837573
        7940.      0.837913
        7950.      0.839262
        7960.      0.839499
        7970.      0.841345
        7980.      0.841854
        7990.      0.841447
        8000.      0.841793
        8010.      0.843248
        8020.      0.843435
        8030.      0.844967
        8040.      0.845688
        8050.      0.845215
        8060.      0.845282
        8070.      0.846138
        8080.       0.84717
        8090.      0.847463
        8100.      0.847267
        8110.       0.84768
        8120.      0.847582
        8130.      0.846889
        8140.       0.84703
        8150.      0.845406
        8160.      0.844448
        8170.      0.843477
        8180.      0.841082
        8190.      0.839256
        8200.      0.837021
        8210.      0.834529
        8220.      0.832251
        8230.       0.83026
        8240.      0.829417
        8250.       0.82801
        8260.      0.827611
        8270.      0.827625
        8280.      0.829255
        8290.      0.830386
        8300.       0.83167
        8310.      0.834505
        8320.      0.835106
        8330.      0.835544
        8340.      0.835089
        8350.      0.832446
        8360.      0.828392
        8370.      0.823382
        8380.       0.81856
        8390.      0.813077
        8400.      0.808599
        8410.      0.805939
        8420.      0.804487
        8430.      0.802331
        8440.      0.795007
        8450.      0.769967
        8460.       0.71291
        8470.      0.620464
        8480.      0.500571
        8490.      0.373618
        8500.      0.259705
        8510.      0.173505
        8520.      0.113809
        8530.      0.074854
        8540.      0.048647
        8550.      0.032375
        8560.      0.022064
        8570.      0.015158
        8580.      0.010384
        8590.      0.007322
        8600.      0.005244
        8610.       0.00378
        8620.       0.00278
        8630.      0.002086
        8640.      0.001526
        8650.      0.001154
        8660.   8.800000E-4
        8670.   6.480000E-4
        8680.   4.780000E-4
        8690.   4.100000E-4
        8700.   3.080000E-4
        8710.   2.470000E-4
        8720.   2.110000E-4
        8730.   1.840000E-4
        8740.   1.470000E-4
        8750.   9.900000E-5
        8760.   9.800000E-5
        8770.   8.300000E-5
        8780.   7.900000E-5
        8820.   7.114640E-5
        8830.   5.564000E-5
        8840.   4.798020E-5
        8850.   3.888430E-5
        8860.   3.082800E-5
        8870.   2.279880E-5
        8880.   1.948400E-5
        8890.   1.569890E-5
        8900.   1.485730E-5
        8910.   1.108580E-5
        8920.   9.076140E-6
        8930.   1.013650E-5
        8940.   4.706550E-6
        8950.   6.211920E-6
        8960.   6.372420E-6
        8970.   4.754720E-6
        8980.   3.875440E-6
        8990.   3.013610E-6
        9000.   1.589060E-6
        9010.   1.956660E-6
        9020.   2.410350E-6
        9030.   2.582050E-6
        9040.   1.540680E-6
        9050.   1.353440E-6
        9060.   2.155680E-6
        9070.  1.000230E-10
        9080.   7.669550E-7
        9090.   1.139260E-7
        9100.   1.474030E-6
        9110.   1.110030E-6
        9120.   1.068010E-6
        9130.   3.900750E-7
        9140.   1.636890E-6
        9150.   9.113370E-7
        9160.   5.703250E-7
        9170.   1.443450E-6
        9180.   2.884990E-7
        9190.   3.991940E-8
        9200.  1.000230E-10
        9210.   5.048460E-7
        9220.   3.696290E-7
        9230.   2.969360E-7
        9240.   1.161190E-6
        9250.   1.121620E-6
        9260.   9.359490E-7
        9270.   5.075070E-7
        9280.   2.872830E-7
        9290.  1.000230E-10
        9300.  1.000230E-10
        9310.   8.264980E-7
        9320.   2.547930E-7
        9330.   2.366440E-7
        9340.  1.000230E-10
        9350.   2.404060E-7
        9360.  1.000230E-10
        9370.   6.209960E-7
        9380.   7.197750E-7
        9390.  1.000230E-10
        9400.  1.000230E-10
        9410.  1.000230E-10
        9420.   6.583670E-7
        9430.   5.870850E-8
        9440.   2.698870E-7
        9450.  1.000230E-10
        9460.   1.592860E-7
        9470.  1.000230E-10
        9480.   4.120090E-7
        9490.   2.849230E-7
        9500.  1.000230E-10
        9510.   1.069860E-7
        9520.   2.939570E-7
        9530.   3.835750E-8
        9540.  1.000230E-10
        9550.  1.000230E-10
        9560.   3.246050E-7
        9570.   3.008510E-7
        9580.   1.547380E-7
        9590.   2.295170E-7
        9600.   3.023040E-7
        9610.   1.301930E-8
        9620.   5.652950E-8
        9630.   7.024090E-8
        9640.  1.000230E-10
        9650.   2.737570E-7
        9660.  1.000230E-10
        9670.  1.000230E-10
        9680.  1.000230E-10
        9690.  1.000230E-10
        9700.  1.000230E-10
        9710.   4.954060E-7
        9720.   1.346890E-7
        9730.  1.000230E-10
        9740.  1.000230E-10
        9750.   1.368880E-7
        9760.  1.000230E-10
        9770.  1.000230E-10
        9780.  1.000230E-10
        9790.   2.344380E-7
        9800.  1.000230E-10
        9810.   4.209470E-7
        9820.  1.000230E-10
        9830.  1.000230E-10
        9840.   1.880340E-7
        9850.  1.000230E-10
        9860.   2.379720E-7
        9870.  1.000230E-10
        9880.  1.000230E-10
        9890.  1.000230E-10
        9900.  1.000230E-10
        9910.   5.364680E-7
        9920.  1.000230E-10
        9930.  1.000230E-10
        9940.  1.000230E-10
        9950.  1.000230E-10
        9960.  1.000230E-10
        9970.   1.008190E-7
        9980.   2.354050E-7
        9990.  1.000230E-10
       10000.   7.775080E-8
       10010.  1.000230E-10
       10020.  1.000230E-10
       10030.  1.000230E-10
       10040.  1.000230E-10
       10050.   6.562100E-7
       10060.  1.000230E-10
       10070.  1.000230E-10
       10080.  1.000230E-10
       10090.  1.000230E-10
       10100.   1.707330E-7
       10110.  1.000230E-10
       10120.  1.000230E-10
       10130.   4.429190E-8
       10140.   1.664120E-8
       10150.  1.000230E-10
       10160.  1.000230E-10
       10170.  1.000230E-10
       10180.  1.000230E-10
       10190.   2.850170E-7
       10200.  1.000230E-10
       10210.  1.000230E-10
       10220.  1.000230E-10
       10230.  1.000230E-10
       10240.  1.000230E-10
       10250.  1.000230E-10
       10260.  1.000230E-10
       10270.  1.000230E-10
       10280.   3.262890E-7
       10290.   9.853240E-8
       10300.   3.313300E-7
       10310.  1.000230E-10
       10320.   2.359970E-7
       10330.  1.000230E-10
       10340.   7.426120E-7
       10350.   1.937120E-7
       10360.  1.000230E-10
       10370.   2.380460E-7
       10380.   2.666620E-7
       10390.   7.099540E-8
       10400.   1.324390E-7
       10410.  1.000230E-10
       10420.  1.000230E-10
       10430.  1.000230E-10
       10440.  1.000230E-10
       10450.   1.860540E-7
       10460.  1.000230E-10
       10470.   1.537150E-7
       10480.   1.056330E-7
       10490.   4.006080E-7
       10500.   1.382530E-7
       10510.  1.000230E-10
       10520.   4.128140E-7
       10530.   3.295020E-8
       10540.   3.223630E-9
       10550.   3.589100E-8
       10560.   9.749380E-8
       10570.  1.000230E-10
       10580.   1.888060E-7
       10590.  1.000230E-10
       10600.   4.308440E-7
       10610.  1.000230E-10
       10620.   4.925500E-8
       10630.  1.000230E-10
       10640.   6.858610E-8
       10650.   3.917890E-7
       10660.  1.000230E-10
       10670.   2.785310E-7
       10680.  1.000230E-10
       10690.   1.401280E-7
       10700.   2.563590E-7
       10710.  1.000230E-10
       10720.   2.340330E-7
       10730.  1.000230E-10
       10740.  1.000230E-10
       10750.   6.059700E-8
       10760.  1.000230E-10
       10770.   8.493440E-8
       10780.  1.000230E-10
       10790.  1.000230E-10
       10800.  1.000230E-10
       10810.   7.515340E-8
       10820.   2.395420E-8
       10830.   4.269810E-8
       10840.  1.000230E-10
       10850.  1.000230E-10
       10860.   6.887790E-8
       10870.   1.967290E-7
       10880.  1.000230E-10
       10890.   2.458040E-7
       10900.   7.437930E-9
       10910.  1.000230E-10
       10920.  1.000230E-10
       10930.   2.241400E-7
       10940.  1.000230E-10
       10950.   1.138750E-7
       10960.   2.510200E-7
       10970.   1.121640E-7
       10980.  1.000230E-10
       10990.   3.130160E-9
       11000.  1.000230E-10
       11001.            0.
       11002.            0.
