        1938.            0.
        1939.            0.
        1940.   3.808230E-8
        1950.   5.277610E-8
        1960.   3.030200E-9
        1970.   6.850610E-8
        1980.   1.506220E-8
        1990.   4.782550E-8
        2000.   2.780510E-8
        2010.   1.835160E-8
        2020.   3.760070E-8
        2030.   1.900390E-8
        2040.   2.477430E-8
        2050.   1.627390E-8
        2060.   3.710630E-8
        2070.   2.484170E-8
        2080.   2.305180E-8
        2090.   1.595020E-8
        2100.   2.201250E-8
        2110.   3.712960E-8
        2120.   2.526340E-8
        2130.   1.961350E-8
        2140.   2.758390E-8
        2150.   2.516320E-8
        2160.   3.449510E-8
        2170.   1.014200E-8
        2180.   3.328090E-8
        2190.   2.806570E-8
        2200.   3.770780E-8
        2210.   1.755420E-8
        2220.   3.071560E-9
        2230.   3.952200E-8
        2240.   3.363360E-9
        2250.   1.108950E-8
        2260.   2.014860E-8
        2270.   1.626500E-8
        2280.   3.522190E-8
        2290.   1.863580E-8
        2300.   3.432620E-8
        2310.   2.318100E-8
        2320.   4.443340E-8
        2330.  1.000230E-10
        2340.   6.648420E-9
        2350.   6.582770E-8
        2360.   1.699800E-8
        2370.   3.400440E-8
        2380.   4.448870E-8
        2390.   1.591920E-8
        2400.   4.240470E-8
        2410.   6.684360E-9
        2420.   2.605580E-8
        2430.   3.124060E-8
        2440.   2.979400E-8
        2450.   2.569620E-8
        2460.  1.000230E-10
        2470.  1.000230E-10
        2480.   4.289450E-8
        2490.   1.968540E-8
        2500.   3.084270E-8
        2510.   2.495110E-8
        2520.   2.212470E-8
        2530.   2.634330E-8
        2540.   3.780950E-8
        2550.   3.824480E-8
        2560.   1.858320E-8
        2570.   3.057880E-8
        2580.   4.386720E-8
        2590.   3.884170E-8
        2600.   5.535540E-8
        2610.   1.549810E-8
        2620.   5.729880E-8
        2630.   1.081630E-8
        2640.   3.349090E-8
        2650.   5.343880E-8
        2660.   2.206080E-8
        2670.   4.634690E-9
        2680.   2.409710E-8
        2690.   2.295210E-8
        2700.   2.183010E-8
        2710.   3.895240E-8
        2720.   2.921300E-8
        2730.   4.289430E-8
        2740.   5.577490E-8
        2750.   6.196670E-8
        2760.   1.950760E-8
        2770.   3.458560E-8
        2780.   5.079770E-8
        2790.   3.013390E-8
        2800.   1.158140E-8
        2810.   4.849020E-8
        2820.   3.753710E-8
        2830.   6.565160E-8
        2840.   4.806040E-8
        2850.   3.025440E-8
        2860.   2.877210E-8
        2870.   6.682610E-8
        2880.   2.693310E-8
        2890.   4.827160E-8
        2900.   4.699230E-8
        2910.   4.645030E-8
        2920.   5.302520E-8
        2930.   3.621790E-8
        2940.   2.882480E-8
        2950.   2.178290E-8
        2960.   4.760450E-8
        2970.   3.650050E-8
        2980.   3.520280E-8
        2990.   2.140530E-8
        3000.   3.626470E-8
        3010.   4.160860E-8
        3020.   2.932570E-8
        3030.   4.681250E-8
        3040.   4.941900E-8
        3050.   6.765280E-8
        3060.   3.415850E-8
        3070.   3.846000E-8
        3080.   7.721540E-8
        3090.   1.592030E-7
        3100.   1.325180E-7
        3110.   1.713430E-7
        3120.   2.024480E-7
        3130.   2.256130E-7
        3140.   2.498490E-7
        3150.   2.041830E-7
        3160.   2.270100E-7
        3170.   2.664250E-7
        3180.   2.446250E-7
        3190.   2.371930E-7
        3200.   2.073190E-7
        3210.   2.204020E-7
        3220.   2.109270E-7
        3230.   1.877940E-7
        3240.   2.043210E-7
        3250.   1.918200E-7
        3260.   2.509190E-7
        3270.   2.207080E-7
        3280.   2.828350E-7
        3290.   2.326090E-7
        3300.   3.039870E-7
        3310.   3.039610E-7
        3320.   2.271440E-7
        3330.   2.930640E-7
        3340.   2.821190E-7
        3350.   2.828120E-7
        3360.   2.658880E-7
        3370.   2.289360E-7
        3380.   2.870600E-7
        3390.   2.429410E-7
        3400.   2.738900E-7
        3410.   2.715360E-7
        3420.   3.227250E-7
        3430.   2.515100E-7
        3440.   2.708150E-7
        3450.   2.301010E-7
        3460.   2.342420E-7
        3470.   2.013070E-7
        3480.   2.163030E-7
        3490.   2.253080E-7
        3500.   1.991870E-7
        3510.   1.958590E-7
        3520.   1.822290E-7
        3530.   1.245580E-7
        3540.   2.124670E-7
        3550.   1.242800E-7
        3560.   2.285070E-7
        3570.   2.296160E-7
        3580.   2.772900E-7
        3590.   2.055330E-7
        3600.   2.705320E-7
        3610.   2.750620E-7
        3620.   2.410370E-7
        3630.   2.625430E-7
        3640.   2.784520E-7
        3650.   3.259910E-7
        3660.   2.690400E-7
        3670.   2.922520E-7
        3680.   3.175610E-7
        3690.   3.804040E-7
        3700.   3.371940E-7
        3710.   3.071020E-7
        3720.   3.458170E-7
        3730.   3.073990E-7
        3740.   2.916270E-7
        3750.   2.579380E-7
        3760.   3.653220E-7
        3770.   3.233120E-7
        3780.   2.457380E-7
        3790.   2.480010E-7
        3800.   2.879960E-7
        3810.   3.090410E-7
        3820.   3.199350E-7
        3830.   2.295680E-7
        3840.   2.930390E-7
        3850.   3.180660E-7
        3860.   3.208480E-7
        3870.   2.795810E-7
        3880.   2.729170E-7
        3890.   1.549610E-7
        3900.   2.283780E-7
        3910.   2.754840E-7
        3920.   2.012670E-7
        3930.   2.845690E-7
        3940.   2.823780E-7
        3950.   2.291290E-7
        3960.   2.866370E-7
        3970.   2.389540E-7
        3980.   2.313830E-7
        3990.   3.003260E-7
        4000.   3.269510E-7
        4010.   3.031550E-7
        4020.   3.048310E-7
        4030.   2.835070E-7
        4040.   3.638260E-7
        4050.   2.865480E-7
        4060.   2.831890E-7
        4070.   2.360900E-7
        4080.   1.964660E-7
        4090.   2.278700E-7
        4100.   2.079050E-7
        4110.   2.471180E-7
        4120.   2.483130E-7
        4130.   1.995230E-7
        4140.   1.911570E-7
        4150.   2.154890E-7
        4160.   1.890390E-7
        4170.   2.124110E-7
        4180.   2.464480E-7
        4190.   2.851170E-7
        4200.   2.910620E-7
        4210.   2.699390E-7
        4220.   2.951680E-7
        4230.   2.569460E-7
        4240.   2.414190E-7
        4250.   3.136760E-7
        4260.   3.383020E-7
        4270.   3.888740E-7
        4280.   4.458800E-7
        4290.   5.318550E-7
        4300.   4.154250E-7
        4310.   3.926610E-7
        4320.   3.119650E-7
        4330.   2.281120E-7
        4340.   2.304940E-7
        4350.   1.976960E-7
        4360.   2.550980E-7
        4370.   3.324970E-7
        4380.   4.010820E-7
        4390.   4.583730E-7
        4400.   5.611460E-7
        4410.   5.361150E-7
        4420.   5.303540E-7
        4430.   4.883920E-7
        4440.   5.230270E-7
        4450.   5.480220E-7
        4460.   5.810110E-7
        4470.   5.481670E-7
        4480.   5.464310E-7
        4490.   5.205470E-7
        4500.   4.543000E-7
        4510.   4.494840E-7
        4520.   4.159260E-7
        4530.   3.992860E-7
        4540.   5.010150E-7
        4550.   5.530100E-7
        4560.   5.887600E-7
        4570.   5.896250E-7
        4580.   5.368690E-7
        4590.   4.374810E-7
        4600.   4.043140E-7
        4610.   3.344720E-7
        4620.   2.681110E-7
        4630.   2.388180E-7
        4640.   2.338450E-7
        4650.   2.428670E-7
        4660.   3.147130E-7
        4670.   3.449820E-7
        4680.   3.265410E-7
        4690.   3.192630E-7
        4700.   2.968880E-7
        4710.   3.482260E-7
        4720.   3.147650E-7
        4730.   3.466270E-7
        4740.   3.408400E-7
        4750.   3.610250E-7
        4760.   3.996160E-7
        4770.   4.261320E-7
        4780.   4.335580E-7
        4790.   4.429360E-7
        4800.   4.881680E-7
        4810.   4.931770E-7
        4820.   5.291270E-7
        4830.   5.567810E-7
        4840.   6.075800E-7
        4850.   6.112020E-7
        4860.   5.722080E-7
        4870.   5.195300E-7
        4880.   5.139280E-7
        4890.   4.381780E-7
        4900.   4.026340E-7
        4910.   3.147370E-7
        4920.   2.903530E-7
        4930.   1.994090E-7
        4940.   2.007710E-7
        4950.   1.650440E-7
        4960.   2.175280E-7
        4970.   2.140100E-7
        4980.   2.079210E-7
        4990.   1.571460E-7
        5000.   1.928700E-7
        5010.   1.232000E-7
        5020.   1.137960E-7
        5030.   9.228650E-8
        5040.   1.060620E-7
        5050.   5.894890E-8
        5060.   8.487350E-8
        5070.   7.470760E-8
        5080.   1.294220E-7
        5090.   1.066640E-7
        5100.   1.555180E-7
        5110.   9.232320E-8
        5120.   8.624040E-8
        5130.   9.494060E-8
        5140.   6.112180E-8
        5150.   9.247060E-8
        5160.   8.851050E-8
        5170.   8.199570E-8
        5180.   9.792300E-8
        5190.   1.260230E-7
        5200.   4.400270E-8
        5210.   2.742070E-8
        5220.   4.184550E-8
        5230.   8.437660E-8
        5240.   6.335040E-8
        5250.   9.577260E-8
        5260.   1.067480E-7
        5270.   9.281130E-8
        5280.   7.593570E-8
        5290.   1.016190E-7
        5300.   9.610930E-8
        5310.   5.580980E-8
        5320.   8.959200E-8
        5330.   1.451400E-7
        5340.   1.552660E-7
        5350.   1.640070E-7
        5360.   1.818150E-7
        5370.   2.219280E-7
        5380.   2.439830E-7
        5390.   2.451940E-7
        5400.   1.751170E-7
        5410.   1.911950E-7
        5420.   1.898820E-7
        5430.   1.611360E-7
        5440.   1.752420E-7
        5450.   1.913040E-7
        5460.   1.567550E-7
        5470.   2.166740E-7
        5480.   1.749230E-7
        5490.   1.424250E-7
        5500.   1.522690E-7
        5510.   1.327130E-7
        5520.   9.850840E-8
        5530.   9.241570E-8
        5540.   8.018020E-8
        5550.   8.716200E-8
        5560.   1.031050E-7
        5570.   1.143320E-7
        5580.   6.234000E-8
        5590.   1.213340E-7
        5600.   1.078250E-7
        5610.   8.539770E-8
        5620.   9.175040E-8
        5630.   9.252710E-8
        5640.   7.102060E-8
        5650.   7.889060E-8
        5660.   6.958090E-8
        5670.   9.212620E-8
        5680.   7.268970E-8
        5690.   9.562910E-8
        5700.   4.686560E-8
        5710.   8.544310E-8
        5720.   8.454150E-8
        5730.   6.969800E-8
        5740.   8.674170E-8
        5750.   1.073180E-7
        5760.   8.383990E-8
        5770.   1.118540E-7
        5780.   6.497170E-8
        5790.   5.944800E-8
        5800.   8.939590E-8
        5810.   8.245650E-8
        5820.   9.258230E-8
        5830.   5.257980E-8
        5840.   1.034080E-7
        5850.   7.056980E-8
        5860.   8.004550E-8
        5870.   3.997140E-8
        5880.   8.541160E-8
        5890.   8.532390E-8
        5900.   3.452170E-8
        5910.   6.149460E-8
        5920.   7.192420E-8
        5930.   7.630620E-8
        5940.   7.632520E-8
        5950.   4.799420E-8
        5960.   9.075340E-8
        5970.   6.072590E-8
        5980.   8.701820E-8
        5990.   6.633240E-8
        6000.   3.894530E-8
        6010.   9.304840E-8
        6020.   9.196970E-8
        6030.   5.921450E-8
        6040.   1.021680E-7
        6050.   2.438410E-7
        6060.   2.540340E-7
        6070.   2.527940E-7
        6080.   2.444560E-7
        6090.   2.611190E-7
        6100.   2.751320E-7
        6110.   3.029110E-7
        6120.   3.139850E-7
        6130.   3.333190E-7
        6140.   3.173670E-7
        6150.   3.276410E-7
        6160.   3.029200E-7
        6170.   2.790570E-7
        6180.   2.926780E-7
        6190.   2.997720E-7
        6200.   3.543630E-7
        6210.   3.920750E-7
        6220.   3.803430E-7
        6230.   4.299630E-7
        6240.   4.688240E-7
        6250.   4.120600E-7
        6260.   4.086540E-7
        6270.   4.915950E-7
        6280.   5.334320E-7
        6290.   5.870210E-7
        6300.   6.017410E-7
        6310.   6.662400E-7
        6320.   7.419880E-7
        6330.   8.713390E-7
        6340.   9.630310E-7
        6350.   1.175750E-6
        6360.   1.362440E-6
        6370.   1.667850E-6
        6380.   1.958980E-6
        6390.   2.434820E-6
        6400.   3.181680E-6
        6410.   4.296170E-6
        6420.   5.934910E-6
        6430.   8.468530E-6
        6457.   1.400000E-5
        6458.   2.000000E-5
        6459.   2.100000E-5
        6460.   1.500000E-5
        6461.   1.600000E-5
        6462.   1.800000E-5
        6463.   2.600000E-5
        6464.   1.700000E-5
        6465.   2.400000E-5
        6466.   1.900000E-5
        6467.   2.200000E-5
        6468.   2.700000E-5
        6469.   2.400000E-5
        6470.   3.000000E-5
        6471.   3.000000E-5
        6472.   3.100000E-5
        6473.   3.000000E-5
        6474.   2.800000E-5
        6475.   3.800000E-5
        6476.   4.100000E-5
        6477.   3.800000E-5
        6478.   3.700000E-5
        6479.   4.100000E-5
        6480.   4.900000E-5
        6481.   4.700000E-5
        6482.   5.100000E-5
        6483.   5.000000E-5
        6484.   5.700000E-5
        6485.   6.100000E-5
        6486.   6.100000E-5
        6487.   6.900000E-5
        6488.   6.900000E-5
        6489.   7.700000E-5
        6490.   7.800000E-5
        6491.   7.800000E-5
        6492.   8.900000E-5
        6493.   8.900000E-5
        6494.   1.000000E-4
        6495.   1.110000E-4
        6496.   1.170000E-4
        6497.   1.270000E-4
        6498.   1.340000E-4
        6499.   1.400000E-4
        6500.   1.440000E-4
        6501.   1.580000E-4
        6502.   1.630000E-4
        6503.   1.760000E-4
        6504.   1.890000E-4
        6505.   2.050000E-4
        6506.   2.180000E-4
        6507.   2.320000E-4
        6508.   2.420000E-4
        6509.   2.690000E-4
        6510.   2.850000E-4
        6511.   3.000000E-4
        6512.   3.250000E-4
        6513.   3.460000E-4
        6514.   3.780000E-4
        6515.   4.010000E-4
        6516.   4.310000E-4
        6517.   4.740000E-4
        6518.   5.020000E-4
        6519.   5.500000E-4
        6520.   5.950000E-4
        6521.   6.380000E-4
        6522.   6.830000E-4
        6523.   7.400000E-4
        6524.   7.960000E-4
        6525.   8.780000E-4
        6526.   9.380000E-4
        6527.       0.00102
        6528.      0.001106
        6529.        0.0012
        6530.      0.001299
        6531.      0.001412
        6532.      0.001535
        6533.      0.001684
        6534.      0.001858
        6535.      0.002038
        6536.      0.002184
        6537.        0.0024
        6538.      0.002618
        6539.      0.002889
        6540.      0.003153
        6541.      0.003424
        6542.      0.003771
        6543.      0.004096
        6544.      0.004475
        6545.      0.004945
        6546.      0.005492
        6547.      0.006068
        6548.      0.006725
        6549.      0.007409
        6550.      0.008202
        6551.       0.00905
        6552.      0.010022
        6553.      0.011087
        6554.       0.01218
        6555.      0.013521
        6556.      0.014816
        6557.      0.016499
        6558.      0.018314
        6559.       0.02049
        6560.      0.022903
        6561.      0.025562
        6562.      0.028537
        6563.      0.031915
        6564.      0.035648
        6565.      0.039817
        6566.      0.044495
        6567.      0.049424
        6568.      0.055108
        6569.      0.061182
        6570.       0.06852
        6571.       0.07656
        6572.      0.085864
        6573.      0.096803
        6574.      0.108735
        6575.       0.12187
        6576.      0.135667
        6577.      0.151325
        6578.      0.168609
        6579.      0.187786
        6580.      0.207756
        6581.      0.229241
        6582.      0.250214
        6583.      0.276121
        6584.      0.303275
        6585.      0.332419
        6586.      0.363304
        6587.      0.396261
        6588.       0.42989
        6589.      0.462548
        6590.      0.495146
        6591.      0.527094
        6592.      0.560579
        6593.       0.59238
        6594.      0.621701
        6595.      0.648915
        6596.      0.675255
        6597.      0.699886
        6598.      0.726459
        6599.      0.749999
        6600.      0.770238
        6601.      0.789707
        6602.      0.806602
        6603.      0.821901
        6604.      0.833807
        6605.      0.845608
        6606.      0.855432
        6607.      0.865026
        6608.      0.872171
        6609.      0.877744
        6610.      0.883025
        6611.      0.888949
        6612.      0.892299
        6613.      0.895279
        6614.      0.898239
        6615.      0.900943
        6616.      0.902508
        6617.      0.903385
        6618.      0.903289
        6619.      0.903874
        6620.      0.904678
        6621.      0.903302
        6622.      0.904032
        6623.      0.903008
        6624.      0.902352
        6625.      0.901767
        6626.      0.900868
        6627.      0.899199
        6628.      0.898434
        6629.      0.897755
        6630.      0.896112
        6631.      0.894525
        6632.      0.892847
        6633.      0.893345
        6634.      0.890635
        6635.      0.889066
        6636.       0.88745
        6637.      0.886238
        6638.      0.884917
        6639.      0.883691
        6640.       0.88283
        6641.      0.880793
        6642.      0.880998
        6643.      0.879115
        6644.      0.878582
        6645.       0.87734
        6646.      0.878802
        6647.      0.876649
        6648.      0.875269
        6649.      0.876785
        6650.      0.876564
        6651.      0.876374
        6652.      0.876774
        6653.      0.876441
        6654.      0.875986
        6655.      0.876751
        6656.      0.878384
        6657.      0.879377
        6658.      0.879565
        6659.      0.879918
        6660.      0.881651
        6661.      0.882585
        6662.      0.884233
        6663.      0.884706
        6664.      0.885191
        6665.      0.885085
        6666.      0.887589
        6667.      0.887838
        6668.      0.888177
        6669.      0.889131
        6670.      0.889051
        6671.       0.88887
        6672.      0.890344
        6673.       0.89039
        6674.      0.888728
        6675.      0.889119
        6676.      0.887408
        6677.      0.886626
        6678.       0.88551
        6679.      0.883765
        6680.      0.882511
        6681.      0.881706
        6682.       0.87926
        6683.      0.876624
        6684.       0.87499
        6685.       0.87188
        6686.      0.870949
        6687.      0.868209
        6688.      0.866124
        6689.      0.863955
        6690.      0.862277
        6691.      0.861975
        6692.      0.859407
        6693.      0.858834
        6694.      0.857354
        6695.      0.857159
        6696.      0.857451
        6697.      0.858533
        6698.      0.859299
        6699.      0.860757
        6700.      0.861128
        6701.      0.863019
        6702.      0.864766
        6703.       0.86591
        6704.      0.866732
        6705.      0.866749
        6706.      0.865507
        6707.      0.861738
        6708.      0.857475
        6709.      0.849929
        6710.      0.838706
        6711.      0.824379
        6712.      0.804926
        6713.      0.782611
        6714.      0.752205
        6715.      0.721341
        6716.      0.687863
        6717.      0.648284
        6718.      0.604804
        6719.      0.554397
        6720.      0.504669
        6721.      0.458791
        6722.      0.412832
        6723.      0.367935
        6724.      0.327267
        6725.      0.290911
        6726.      0.256191
        6727.      0.227407
        6728.      0.200201
        6729.      0.177464
        6730.      0.156307
        6731.       0.13739
        6732.       0.11988
        6733.      0.104513
        6734.      0.091089
        6735.      0.080011
        6736.      0.070179
        6737.       0.06173
        6738.      0.054501
        6739.       0.04822
        6740.      0.042793
        6741.      0.038032
        6742.         0.034
        6743.      0.030269
        6744.      0.027276
        6745.       0.02415
        6746.      0.021484
        6747.      0.019159
        6748.      0.017083
        6749.      0.015326
        6750.        0.0138
        6751.      0.012421
        6752.       0.01125
        6753.      0.010181
        6754.      0.009204
        6755.      0.008388
        6756.      0.007653
        6757.      0.006933
        6758.      0.006297
        6759.      0.005774
        6760.      0.005251
        6761.      0.004755
        6762.      0.004336
        6763.      0.003956
        6764.      0.003674
        6765.      0.003338
        6766.      0.003049
        6767.       0.00281
        6768.      0.002625
        6769.      0.002405
        6770.      0.002245
        6771.      0.002062
        6772.      0.001915
        6773.      0.001752
        6774.      0.001622
        6775.      0.001484
        6776.      0.001374
        6777.      0.001288
        6778.      0.001205
        6779.       0.00111
        6780.      0.001029
        6781.   9.610000E-4
        6782.   8.980000E-4
        6783.   8.440000E-4
        6784.   7.870000E-4
        6785.   7.350000E-4
        6786.   6.910000E-4
        6787.   6.380000E-4
        6788.   5.910000E-4
        6789.   5.570000E-4
        6790.   5.200000E-4
        6791.   4.820000E-4
        6792.   4.580000E-4
        6793.   4.310000E-4
        6794.   4.160000E-4
        6795.   3.790000E-4
        6796.   3.590000E-4
        6797.   3.450000E-4
        6798.   3.200000E-4
        6799.   2.970000E-4
        6800.   2.890000E-4
        6801.   2.600000E-4
        6802.   2.470000E-4
        6803.   2.390000E-4
        6804.   2.280000E-4
        6805.   2.080000E-4
        6806.   1.950000E-4
        6807.   1.860000E-4
        6808.   1.780000E-4
        6809.   1.660000E-4
        6810.   1.620000E-4
        6811.   1.540000E-4
        6812.   1.430000E-4
        6813.   1.420000E-4
        6814.   1.260000E-4
        6815.   1.300000E-4
        6816.   1.190000E-4
        6817.   1.210000E-4
        6818.   1.010000E-4
        6819.   1.010000E-4
        6820.   9.300000E-5
        6821.   9.300000E-5
        6822.   9.300000E-5
        6823.   8.600000E-5
        6824.   8.100000E-5
        6825.   7.800000E-5
        6826.   8.100000E-5
        6827.   7.400000E-5
        6828.   6.800000E-5
        6829.   6.200000E-5
        6830.   6.600000E-5
        6831.   5.600000E-5
        6832.   5.500000E-5
        6833.   5.600000E-5
        6834.   5.100000E-5
        6835.   4.700000E-5
        6836.   4.100000E-5
        6837.   4.600000E-5
        6838.   4.100000E-5
        6839.   4.100000E-5
        6840.   3.600000E-5
        6841.   3.500000E-5
        6850.   3.258520E-5
        6860.   2.196870E-5
        6870.   1.516830E-5
        6880.   1.096260E-5
        6890.   8.087900E-6
        6900.   6.112520E-6
        6910.   4.791590E-6
        6920.   3.848460E-6
        6930.   3.131770E-6
        6940.   2.527130E-6
        6950.   2.226370E-6
        6960.   1.913960E-6
        6970.   1.644070E-6
        6980.   1.462880E-6
        6990.   1.359720E-6
        7000.   1.261270E-6
        7010.   1.179060E-6
        7020.   1.059440E-6
        7030.   9.540630E-7
        7040.   9.393820E-7
        7050.   9.108900E-7
        7060.   8.935970E-7
        7070.   8.898170E-7
        7080.   8.145790E-7
        7090.   7.558190E-7
        7100.   5.966510E-7
        7110.   4.808240E-7
        7120.   3.210610E-7
        7130.   2.254650E-7
        7140.   1.993820E-7
        7150.   1.457070E-7
        7160.   9.338860E-8
        7170.   1.196970E-7
        7180.   8.286710E-8
        7190.   9.104350E-8
        7200.   5.521090E-8
        7210.   8.496600E-8
        7220.   5.056210E-8
        7230.   3.219500E-8
        7240.   4.267790E-8
        7250.   6.052100E-8
        7260.   7.012260E-8
        7270.   9.187850E-8
        7280.   3.737070E-8
        7290.   3.779730E-8
        7300.   8.040830E-8
        7310.   6.198520E-8
        7320.   4.075820E-8
        7330.   7.113710E-8
        7340.   4.339340E-8
        7350.   8.332820E-8
        7360.   3.441030E-8
        7370.   6.024500E-8
        7380.   3.018370E-8
        7390.   6.718380E-8
        7400.   5.795550E-8
        7410.   7.642250E-8
        7420.   9.186050E-8
        7430.   7.389190E-8
        7440.   4.297300E-8
        7450.   9.349960E-8
        7460.   1.160000E-7
        7470.   1.402780E-7
        7480.   1.633250E-7
        7490.   1.921580E-7
        7500.   2.151710E-7
        7510.   1.990630E-7
        7520.   1.762840E-7
        7530.   1.734820E-7
        7540.   1.837980E-7
        7550.   1.578650E-7
        7560.   1.775660E-7
        7570.   1.270280E-7
        7580.   1.576670E-7
        7590.   1.757780E-7
        7600.   1.704320E-7
        7610.   1.659070E-7
        7620.   1.787160E-7
        7630.   1.876220E-7
        7640.   1.819860E-7
        7650.   1.299050E-7
        7660.   1.653320E-7
        7670.   1.512380E-7
        7680.   1.825820E-7
        7690.   1.863240E-7
        7700.   1.621930E-7
        7710.   1.736430E-7
        7720.   1.758230E-7
        7730.   1.356760E-7
        7740.   1.212360E-7
        7750.   1.837420E-7
        7760.   1.309490E-7
        7770.   1.238620E-7
        7780.   1.345880E-7
        7790.   1.864920E-7
        7800.   2.288060E-7
        7810.   1.174920E-7
        7820.   1.511670E-7
        7830.   1.675860E-7
        7840.   8.907730E-8
        7850.   1.547650E-7
        7860.   1.322240E-7
        7870.   1.330480E-7
        7880.   9.028700E-8
        7890.   8.314800E-8
        7900.   1.187110E-7
        7910.   9.902550E-8
        7920.   9.107240E-8
        7930.   1.556660E-7
        7940.   1.298330E-7
        7950.   1.008190E-7
        7960.   9.242540E-8
        7970.   8.301140E-8
        7980.   9.237910E-8
        7990.   3.410160E-8
        8000.   6.880750E-8
        8010.   5.593080E-8
        8020.   3.091210E-8
        8030.   4.368870E-8
        8040.   5.474940E-8
        8050.   3.650470E-8
        8060.   8.300840E-8
        8070.   7.057160E-8
        8080.   6.866950E-8
        8090.   6.895490E-8
        8100.   8.346250E-8
        8110.   7.576770E-8
        8120.   5.748650E-8
        8130.   7.758800E-8
        8140.   1.165110E-7
        8150.   1.080770E-7
        8160.   7.287790E-8
        8170.   1.183870E-7
        8180.   1.227110E-7
        8190.   1.782370E-7
        8200.   1.304500E-7
        8210.   1.469270E-7
        8220.   6.763090E-8
        8230.   1.257030E-7
        8240.   1.254850E-7
        8250.   1.256630E-7
        8260.   8.282850E-8
        8270.   1.419800E-7
        8280.   1.353940E-7
        8290.   1.043280E-7
        8300.   8.716280E-8
        8310.   1.494910E-7
        8320.   1.107540E-7
        8330.   1.227850E-7
        8340.   7.726950E-8
        8350.   1.052680E-7
        8360.   1.024130E-7
        8370.   8.449460E-8
        8380.   1.270590E-7
        8390.   1.277750E-7
        8400.   1.520160E-7
        8410.   1.027680E-7
        8420.   7.645150E-8
        8430.   1.229600E-7
        8440.   7.618470E-8
        8450.   1.417420E-7
        8460.   9.549400E-8
        8470.   1.281290E-7
        8480.   4.909770E-8
        8490.   9.189080E-8
        8500.   2.035470E-6
        8510.  1.000230E-10
        8520.   4.500010E-7
        8530.   1.152200E-6
        8540.  1.000230E-10
        8550.  1.000230E-10
        8560.  1.000230E-10
        8570.  1.000230E-10
        8580.  1.000230E-10
        8590.  1.000230E-10
        8600.  1.000230E-10
        8610.   1.445560E-6
        8620.   3.697520E-6
        8630.  1.000230E-10
        8640.   8.722500E-7
        8650.  1.000230E-10
        8660.   2.431320E-6
        8670.  1.000230E-10
        8680.   6.105550E-6
        8690.  1.000230E-10
        8700.   1.836710E-6
        8710.   3.121700E-6
        8720.  1.000230E-10
        8730.   2.570490E-7
        8740.   2.938280E-6
        8750.   1.323310E-6
        8760.  1.000230E-10
        8770.   1.637300E-7
        8780.  1.000230E-10
        8790.   3.604900E-6
        8800.   4.470290E-7
        8810.   7.567400E-7
        8820.  1.000230E-10
        8830.   4.056130E-7
        8840.  1.000230E-10
        8850.   1.086420E-6
        8860.   7.223810E-7
        8870.  1.000230E-10
        8880.   2.740700E-7
        8890.  1.000230E-10
        8900.   1.536760E-6
        8910.   1.191120E-6
        8920.   1.073780E-6
        8930.  1.000230E-10
        8940.  1.000230E-10
        8950.  1.000230E-10
        8960.  1.000230E-10
        8970.  1.000230E-10
        8980.   9.980380E-7
        8990.  1.000230E-10
        9000.  1.000230E-10
        9010.   1.025780E-6
        9020.   2.363280E-7
        9030.   6.378890E-8
        9040.   4.678180E-7
        9050.  1.000230E-10
        9060.   5.952210E-7
        9070.  1.000230E-10
        9080.  1.000230E-10
        9090.   6.824810E-7
        9100.   2.287790E-7
        9110.   4.249090E-7
        9120.  1.000230E-10
        9130.  1.000230E-10
        9140.  1.000230E-10
        9150.   1.508580E-7
        9160.   7.204790E-8
        9170.   1.184080E-7
        9180.  1.000230E-10
        9190.  1.000230E-10
        9200.  1.000230E-10
        9210.  1.000230E-10
        9220.   3.020380E-8
        9230.   2.921450E-7
        9240.  1.000230E-10
        9250.   3.364500E-8
        9260.  1.000230E-10
        9270.   4.612990E-7
        9280.  1.000230E-10
        9290.  1.000230E-10
        9300.  1.000230E-10
        9310.   2.211270E-7
        9320.  1.000230E-10
        9330.  1.000230E-10
        9340.  1.000230E-10
        9350.  1.000230E-10
        9360.   2.585060E-7
        9370.  1.000230E-10
        9380.  1.000230E-10
        9390.  1.000230E-10
        9400.  1.000230E-10
        9410.  1.000230E-10
        9420.  1.000230E-10
        9430.  1.000230E-10
        9440.  1.000230E-10
        9450.  1.000230E-10
        9460.   3.475510E-8
        9470.  1.000230E-10
        9480.   7.833230E-8
        9490.   2.430050E-7
        9500.   3.341950E-7
        9510.  1.000230E-10
        9520.  1.000230E-10
        9530.  1.000230E-10
        9540.   1.127380E-7
        9550.  1.000230E-10
        9560.  1.000230E-10
        9570.  1.000230E-10
        9580.  1.000230E-10
        9590.  1.000230E-10
        9600.   5.255720E-9
        9610.  1.000230E-10
        9620.   4.098190E-7
        9630.  1.000230E-10
        9640.   7.075300E-9
        9650.  1.000230E-10
        9660.  1.000230E-10
        9670.  1.000230E-10
        9680.  1.000230E-10
        9690.  1.000230E-10
        9700.  1.000230E-10
        9710.  1.000230E-10
        9720.   1.207280E-7
        9730.  1.000230E-10
        9740.  1.000230E-10
        9750.   6.963400E-8
        9760.  1.000230E-10
        9770.  1.000230E-10
        9780.  1.000230E-10
        9790.  1.000230E-10
        9800.  1.000230E-10
        9810.   2.731710E-8
        9820.  1.000230E-10
        9830.  1.000230E-10
        9840.   2.034880E-7
        9850.  1.000230E-10
        9860.  1.000230E-10
        9870.  1.000230E-10
        9880.  1.000230E-10
        9890.  1.000230E-10
        9900.  1.000230E-10
        9910.  1.000230E-10
        9920.  1.000230E-10
        9930.  1.000230E-10
        9940.  1.000230E-10
        9950.  1.000230E-10
        9960.   1.289050E-8
        9970.   4.205400E-8
        9980.  1.000230E-10
        9990.   1.005470E-7
       10000.  1.000230E-10
       10010.  1.000230E-10
       10020.  1.000230E-10
       10030.  1.000230E-10
       10040.  1.000230E-10
       10050.  1.000230E-10
       10060.  1.000230E-10
       10070.   7.038220E-8
       10080.  1.000230E-10
       10090.   8.916920E-8
       10100.  1.000230E-10
       10110.  1.000230E-10
       10120.   1.330930E-9
       10130.  1.000230E-10
       10140.  1.000230E-10
       10150.  1.000230E-10
       10160.  1.000230E-10
       10170.  1.000230E-10
       10180.  1.000230E-10
       10190.  1.000230E-10
       10200.  1.000230E-10
       10210.   1.914160E-7
       10220.  1.000230E-10
       10230.  1.000230E-10
       10240.  1.000230E-10
       10250.  1.000230E-10
       10260.  1.000230E-10
       10270.  1.000230E-10
       10280.  1.000230E-10
       10290.  1.000230E-10
       10300.  1.000230E-10
       10310.  1.000230E-10
       10320.  1.000230E-10
       10330.  1.000230E-10
       10340.  1.000230E-10
       10350.  1.000230E-10
       10360.  1.000230E-10
       10370.   1.830240E-7
       10380.  1.000230E-10
       10390.  1.000230E-10
       10400.  1.000230E-10
       10410.   1.380600E-7
       10420.  1.000230E-10
       10430.   1.167460E-7
       10440.   1.153470E-7
       10450.  1.000230E-10
       10460.  1.000230E-10
       10470.  1.000230E-10
       10480.  1.000230E-10
       10490.  1.000230E-10
       10500.  1.000230E-10
       10510.  1.000230E-10
       10520.  1.000230E-10
       10530.   2.431780E-7
       10540.  1.000230E-10
       10550.   3.765750E-8
       10560.  1.000230E-10
       10570.  1.000230E-10
       10580.  1.000230E-10
       10590.   1.224760E-7
       10600.  1.000230E-10
       10610.  1.000230E-10
       10620.  1.000230E-10
       10630.  1.000230E-10
       10640.  1.000230E-10
       10650.  1.000230E-10
       10660.  1.000230E-10
       10670.  1.000230E-10
       10680.   5.348320E-8
       10690.  1.000230E-10
       10700.  1.000230E-10
       10710.  1.000230E-10
       10720.  1.000230E-10
       10730.  1.000230E-10
       10740.  1.000230E-10
       10750.  1.000230E-10
       10760.  1.000230E-10
       10770.  1.000230E-10
       10780.  1.000230E-10
       10790.  1.000230E-10
       10800.  1.000230E-10
       10810.  1.000230E-10
       10820.   4.758400E-8
       10830.  1.000230E-10
       10840.  1.000230E-10
       10850.  1.000230E-10
       10860.  1.000230E-10
       10870.   4.339280E-8
       10880.  1.000230E-10
       10890.  1.000230E-10
       10900.  1.000230E-10
       10910.  1.000230E-10
       10920.  1.000230E-10
       10930.   1.593340E-7
       10940.  1.000230E-10
       10950.  1.000230E-10
       10960.  1.000230E-10
       10970.  1.000230E-10
       10980.  1.000230E-10
       10990.  1.000230E-10
       11000.  1.000230E-10
       11001.            0.
       11002.            0.
