        1938.            0.
        1939.            0.
        1940.   8.880740E-7
        1950.   8.247150E-7
        1960.   8.294300E-7
        1970.   7.334390E-7
        1980.   6.594020E-7
        1990.   6.723590E-7
        2000.   6.762870E-7
        2010.   6.184550E-7
        2020.   5.717620E-7
        2030.   5.363090E-7
        2040.   5.086150E-7
        2050.   4.981620E-7
        2060.   4.752070E-7
        2070.   4.415910E-7
        2080.   4.427130E-7
        2090.   3.880750E-7
        2100.   3.988640E-7
        2110.   4.023840E-7
        2120.   3.648460E-7
        2130.   3.439500E-7
        2140.   3.632420E-7
        2150.   3.472680E-7
        2160.   3.711720E-7
        2170.   3.755530E-7
        2180.   3.670140E-7
        2190.   3.438240E-7
        2200.   3.872600E-7
        2210.   3.434730E-7
        2220.   3.961580E-7
        2230.   3.882370E-7
        2240.   3.806700E-7
        2250.   3.776560E-7
        2260.   3.663090E-7
        2270.   3.373640E-7
        2280.   3.716950E-7
        2290.   3.666860E-7
        2300.   3.597810E-7
        2310.   3.807580E-7
        2320.   3.591000E-7
        2330.   3.711670E-7
        2340.   3.226380E-7
        2350.   3.419230E-7
        2360.   3.327120E-7
        2370.   3.340520E-7
        2380.   3.314320E-7
        2390.   3.210060E-7
        2400.   3.333600E-7
        2410.   3.531990E-7
        2420.   3.434100E-7
        2430.   3.091710E-7
        2440.   3.355140E-7
        2450.   3.585800E-7
        2460.   3.420090E-7
        2470.   3.491850E-7
        2480.   3.837970E-7
        2490.   3.354520E-7
        2500.   3.560320E-7
        2510.   3.930430E-7
        2520.   4.033360E-7
        2530.   3.900030E-7
        2540.   4.301250E-7
        2550.   4.394340E-7
        2560.   4.587580E-7
        2570.   4.156120E-7
        2580.   4.997630E-7
        2590.   4.905540E-7
        2600.   4.751910E-7
        2610.   5.128280E-7
        2620.   5.428410E-7
        2630.   5.487940E-7
        2640.   5.482320E-7
        2650.   5.721880E-7
        2660.   6.069210E-7
        2670.   6.086310E-7
        2680.   6.002870E-7
        2690.   6.359060E-7
        2700.   6.641590E-7
        2710.   6.918240E-7
        2720.   6.980720E-7
        2730.   6.868910E-7
        2740.   7.015900E-7
        2750.   7.166880E-7
        2760.   7.318770E-7
        2770.   7.324470E-7
        2780.   7.363160E-7
        2790.   7.664580E-7
        2800.   7.309290E-7
        2810.   7.185170E-7
        2820.   7.482230E-7
        2830.   7.180540E-7
        2840.   6.872110E-7
        2850.   7.151070E-7
        2860.   6.834870E-7
        2870.   6.329700E-7
        2880.   6.003710E-7
        2890.   5.853070E-7
        2900.   5.647270E-7
        2910.   5.244470E-7
        2920.   5.266710E-7
        2930.   4.664130E-7
        2940.   4.570200E-7
        2950.   4.418310E-7
        2960.   3.854530E-7
        2970.   3.403720E-7
        2980.   3.347560E-7
        2990.   3.222300E-7
        3000.   3.052140E-7
        3010.   2.599230E-7
        3020.   2.560820E-7
        3030.   2.249780E-7
        3040.   2.109300E-7
        3050.   2.020840E-7
        3060.   2.069580E-7
        3070.   1.741560E-7
        3080.   1.218480E-7
        3090.   1.182080E-7
        3100.   1.366830E-7
        3110.   1.395550E-7
        3120.   1.013160E-7
        3130.   1.436070E-7
        3140.   1.526760E-7
        3150.   1.052820E-7
        3160.   1.088340E-7
        3170.   7.416010E-8
        3180.   9.738460E-8
        3190.   6.949940E-8
        3200.   4.576300E-8
        3210.   8.113400E-8
        3220.   8.031750E-8
        3230.   6.197150E-8
        3240.   6.814730E-8
        3250.   7.729010E-8
        3260.   5.032620E-8
        3270.   8.285910E-8
        3280.   3.346920E-8
        3290.   9.221700E-8
        3300.   1.011650E-7
        3310.   7.193050E-8
        3320.   4.306050E-8
        3330.   6.583430E-8
        3340.   8.508970E-8
        3350.   5.219710E-8
        3360.   9.095490E-8
        3370.   8.305760E-8
        3380.   5.053120E-8
        3390.   7.443810E-8
        3400.   5.537490E-8
        3410.   8.478180E-8
        3420.   7.798700E-8
        3430.   8.475470E-8
        3440.   6.002710E-8
        3450.   6.514840E-8
        3460.   6.325650E-8
        3470.   4.954510E-8
        3480.   3.586520E-8
        3490.   6.258350E-8
        3500.   5.204680E-8
        3510.   5.107030E-8
        3520.   6.668880E-8
        3530.   8.510030E-8
        3540.   7.653620E-8
        3550.   4.074350E-8
        3560.   5.944160E-8
        3570.   8.612340E-8
        3580.   7.355480E-8
        3590.   7.903710E-8
        3600.   4.115560E-8
        3610.   3.783500E-8
        3620.   7.329580E-8
        3630.   6.226100E-8
        3640.   1.047160E-7
        3650.   6.972030E-8
        3660.   1.448780E-7
        3670.   8.626070E-8
        3680.   6.431820E-8
        3690.   4.725840E-8
        3700.   1.496700E-7
        3710.   9.465310E-8
        3720.   6.311610E-8
        3730.   8.778150E-8
        3740.   7.271310E-8
        3750.   3.053940E-8
        3760.   9.691970E-8
        3770.   1.043690E-7
        3780.   1.132470E-7
        3790.   7.475120E-8
        3800.  1.000230E-10
        3810.   1.093640E-7
        3820.   9.109760E-8
        3830.   1.006270E-7
        3840.   1.044680E-7
        3850.   3.914780E-8
        3860.   2.742920E-8
        3870.   6.356940E-8
        3880.   1.431890E-7
        3890.   9.636720E-8
        3900.   1.417070E-7
        3910.   1.022620E-7
        3920.   1.034340E-7
        3930.   1.234050E-7
        3940.   1.963300E-7
        3950.   1.362820E-7
        3960.   2.261980E-7
        3970.   2.696120E-7
        3980.   1.777100E-7
        3990.   2.881280E-7
        4000.   3.490310E-7
        4010.   3.165380E-7
        4020.   2.887430E-7
        4030.   3.239870E-7
        4040.   3.371550E-7
        4050.   3.313770E-7
        4060.   3.509110E-7
        4070.   3.161000E-7
        4080.   3.129420E-7
        4090.   2.854500E-7
        4100.   2.612570E-7
        4110.   2.496740E-7
        4120.   2.974860E-7
        4130.   2.713940E-7
        4140.   2.740130E-7
        4150.   2.613350E-7
        4160.   2.133340E-7
        4170.   2.172390E-7
        4180.   1.754640E-7
        4190.   1.502690E-7
        4200.   1.206680E-7
        4210.   1.314860E-7
        4220.   1.578120E-7
        4230.   1.205160E-7
        4240.   1.473640E-7
        4250.   1.260640E-7
        4260.   1.270170E-7
        4270.   8.378010E-8
        4280.   8.983900E-8
        4290.   1.232320E-7
        4300.   9.524950E-8
        4310.   8.897140E-8
        4320.   7.473540E-8
        4330.   1.102700E-7
        4340.   1.180470E-7
        4350.   1.041060E-7
        4360.   8.788100E-8
        4370.   7.953950E-8
        4380.   1.052820E-7
        4390.   1.232490E-7
        4400.   1.174970E-7
        4410.   1.054910E-7
        4420.   1.053060E-7
        4430.   1.507260E-7
        4440.   1.173860E-7
        4450.   1.247080E-7
        4460.   8.780130E-8
        4470.   7.068720E-8
        4480.   1.317340E-7
        4490.   1.096990E-7
        4500.   1.442890E-7
        4510.   1.113080E-7
        4520.   1.397920E-7
        4530.   1.272490E-7
        4540.   1.028210E-7
        4550.   1.362170E-7
        4560.   1.035230E-7
        4570.   1.587910E-7
        4580.   1.016480E-7
        4590.   1.244900E-7
        4600.   1.303650E-7
        4610.   1.301490E-7
        4620.   1.300650E-7
        4630.   1.356510E-7
        4640.   1.361300E-7
        4650.   1.386200E-7
        4660.   9.262990E-8
        4670.   1.202310E-7
        4680.   1.061860E-7
        4690.   1.215190E-7
        4700.   1.063690E-7
        4710.   1.191730E-7
        4720.   1.226950E-7
        4730.   1.181700E-7
        4740.   1.172610E-7
        4750.   1.109490E-7
        4760.   1.231870E-7
        4770.   1.235580E-7
        4780.   1.028320E-7
        4790.   1.078550E-7
        4800.   1.071190E-7
        4810.   1.241810E-7
        4820.   9.530200E-8
        4830.   1.486460E-7
        4840.   1.191320E-7
        4850.   1.002480E-7
        4860.   8.037460E-8
        4870.   1.392510E-7
        4880.   1.257310E-7
        4890.   1.454940E-7
        4900.   1.399810E-7
        4910.   1.235310E-7
        4920.   1.213920E-7
        4930.   1.181110E-7
        4940.   1.433030E-7
        4950.   1.405290E-7
        4960.   1.341790E-7
        4970.   1.336420E-7
        4980.   1.249790E-7
        4990.   1.365660E-7
        5000.   1.250440E-7
        5010.   1.057260E-7
        5020.   1.072200E-7
        5030.   1.389760E-7
        5040.   1.603870E-7
        5050.   1.172920E-7
        5060.   1.221330E-7
        5070.   1.376620E-7
        5080.   9.490980E-8
        5090.   1.090290E-7
        5100.   1.105330E-7
        5110.   8.869380E-8
        5120.   1.111420E-7
        5130.   1.187680E-7
        5140.   1.272930E-7
        5150.   1.026900E-7
        5160.   1.550210E-7
        5170.   1.122550E-7
        5180.   1.255330E-7
        5190.   1.338930E-7
        5200.   1.240790E-7
        5210.   1.422040E-7
        5220.   1.238390E-7
        5230.   7.915960E-8
        5240.   1.293040E-7
        5250.   8.587180E-8
        5260.   1.184920E-7
        5270.   1.156420E-7
        5280.   1.227910E-7
        5290.   8.408960E-8
        5300.   9.567320E-8
        5310.   1.087960E-7
        5320.   1.366350E-7
        5330.   9.331510E-8
        5340.   1.070380E-7
        5350.   1.195550E-7
        5360.   9.297350E-8
        5370.   1.398980E-7
        5380.   1.129110E-7
        5390.   9.479820E-8
        5400.   9.901640E-8
        5410.   1.022290E-7
        5420.   1.313110E-7
        5430.   1.343100E-7
        5440.   1.178350E-7
        5450.   1.176430E-7
        5460.   1.164240E-7
        5470.   1.073440E-7
        5480.   9.751630E-8
        5490.   1.028320E-7
        5500.   1.166670E-7
        5510.   1.323820E-7
        5520.   1.380560E-7
        5530.   1.268400E-7
        5540.   9.589680E-8
        5550.   1.052560E-7
        5560.   1.009980E-7
        5570.   1.028720E-7
        5580.   1.314710E-7
        5590.   1.216380E-7
        5600.   8.536510E-8
        5610.   1.153410E-7
        5620.   1.103960E-7
        5630.   1.183960E-7
        5640.   1.214920E-7
        5650.   1.328120E-7
        5660.   1.155320E-7
        5670.   8.739790E-8
        5680.   8.021890E-8
        5690.   8.521280E-8
        5700.   1.359500E-7
        5710.   9.696590E-8
        5720.   7.799810E-8
        5730.   7.374910E-8
        5740.   9.708010E-8
        5750.   6.832110E-8
        5760.   6.456930E-8
        5770.   7.899020E-8
        5780.   1.217810E-7
        5790.   7.361430E-8
        5800.   5.545560E-8
        5810.   4.732020E-8
        5820.   6.974060E-8
        5830.   3.968300E-8
        5840.   8.499200E-8
        5850.   7.366820E-8
        5860.   6.646840E-8
        5870.   3.930510E-8
        5880.   6.749070E-8
        5890.   3.692830E-8
        5900.   7.509260E-8
        5910.   4.147990E-8
        5920.   6.973010E-8
        5930.   2.751430E-8
        5940.   5.713610E-8
        5950.   5.187620E-8
        5960.   4.287710E-8
        5970.   5.437050E-8
        5980.   6.799920E-8
        5990.   1.063420E-7
        6000.   8.094660E-8
        6010.   1.244150E-7
        6020.   1.091660E-7
        6030.   1.249880E-7
        6040.   1.981260E-7
        6050.   1.777520E-7
        6060.   2.720040E-7
        6070.   2.720330E-7
        6080.   3.379180E-7
        6090.   3.882090E-7
        6100.   4.468450E-7
        6110.   5.167870E-7
        6120.   5.347080E-7
        6130.   6.067760E-7
        6140.   6.882420E-7
        6150.   7.234040E-7
        6160.   8.297170E-7
        6170.   9.432090E-7
        6180.   1.035950E-6
        6190.   1.202400E-6
        6200.   1.368740E-6
        6210.   1.676510E-6
        6220.   2.037420E-6
        6230.   2.489930E-6
        6310.   1.100000E-5
        6320.   1.300000E-5
        6330.   2.700000E-5
        6340.   3.500000E-5
        6350.   7.100000E-5
        6360.   8.600000E-5
        6370.   2.070000E-4
        6380.   3.580000E-4
        6390.   5.020000E-4
        6400.   7.890000E-4
        6410.      0.001231
        6420.      0.001943
        6430.      0.003162
        6440.      0.005391
        6450.      0.009289
        6460.       0.01551
        6470.      0.025577
        6480.      0.042815
        6490.      0.074827
        6500.      0.131981
        6510.      0.219717
        6520.      0.335999
        6530.      0.466644
        6540.      0.599148
        6550.      0.715531
        6560.      0.792495
        6570.      0.827744
        6580.      0.843597
        6590.      0.854395
        6600.      0.860324
        6610.      0.862653
        6620.      0.863867
        6630.       0.86734
        6640.      0.874323
        6650.      0.880699
        6660.      0.884427
        6670.      0.885176
        6680.      0.886345
        6690.      0.891739
        6700.      0.898856
        6710.      0.904161
        6720.      0.904884
        6730.      0.900763
        6740.      0.896518
        6750.      0.893307
        6760.       0.89123
        6770.      0.888923
        6780.      0.885125
        6790.      0.880144
        6800.      0.876273
        6810.      0.873659
        6820.      0.872925
        6830.       0.87433
        6840.      0.876969
        6850.      0.880798
        6860.      0.885632
        6870.      0.891795
        6880.      0.899077
        6890.      0.906357
        6900.      0.913698
        6910.      0.920045
        6920.       0.92608
        6930.      0.930599
        6940.      0.933793
        6950.      0.934845
        6960.      0.933938
        6970.      0.933058
        6980.      0.930875
        6990.      0.929248
        7000.      0.926175
        7010.      0.922775
        7020.      0.919605
        7030.      0.917931
        7040.      0.917789
        7050.      0.918588
        7060.       0.92097
        7070.      0.924323
        7080.      0.928133
        7090.      0.932387
        7100.      0.935418
        7110.      0.940823
        7120.      0.943049
        7130.       0.94419
        7140.      0.943802
        7150.      0.941433
        7160.      0.936749
        7170.      0.926435
        7180.      0.910435
        7190.      0.889833
        7200.      0.863341
        7210.      0.820276
        7220.      0.734716
        7230.      0.600998
        7240.      0.451086
        7250.      0.319169
        7260.      0.214565
        7270.      0.134954
        7280.      0.081441
        7290.      0.048818
        7300.      0.029642
        7310.      0.018573
        7320.      0.011967
        7330.      0.007947
        7340.      0.005372
        7350.      0.003593
        7360.      0.002417
        7370.      0.001662
        7380.      0.001146
        7390.   8.530000E-4
        7400.   5.790000E-4
        7410.   4.140000E-4
        7420.   3.400000E-4
        7430.   2.490000E-4
        7440.   1.980000E-4
        7450.   1.150000E-4
        7460.   1.000000E-4
        7470.   8.600000E-5
        7480.   5.400000E-5
        7490.   4.900000E-5
        7500.   2.900000E-5
        7510.   2.600000E-5
        7520.   2.419950E-5
        7530.   1.931980E-5
        7540.   1.564970E-5
        7550.   1.281220E-5
        7560.   1.041830E-5
        7570.   8.602620E-6
        7580.   7.095600E-6
        7590.   5.989160E-6
        7600.   5.092410E-6
        7610.   4.298840E-6
        7620.   3.765400E-6
        7630.   3.219470E-6
        7640.   2.832260E-6
        7650.   2.504640E-6
        7660.   2.198690E-6
        7670.   2.004620E-6
        7680.   1.831340E-6
        7690.   1.666430E-6
        7700.   1.520680E-6
        7710.   1.410050E-6
        7720.   1.269400E-6
        7730.   1.192630E-6
        7740.   1.149480E-6
        7750.   1.055730E-6
        7760.   1.060630E-6
        7770.   9.909780E-7
        7780.   9.363180E-7
        7790.   8.995770E-7
        7800.   8.166050E-7
        7810.   8.267550E-7
        7820.   8.442220E-7
        7830.   8.111760E-7
        7840.   7.706870E-7
        7850.   7.306810E-7
        7860.   7.411280E-7
        7870.   7.260240E-7
        7880.   7.098420E-7
        7890.   7.408170E-7
        7900.   7.422670E-7
        7910.   6.369610E-7
        7920.   7.234730E-7
        7930.   6.543080E-7
        7940.   6.905130E-7
        7950.   6.763520E-7
        7960.   6.365810E-7
        7970.   6.376380E-7
        7980.   6.449170E-7
        7990.   6.273310E-7
        8000.   5.374570E-7
        8010.   5.862900E-7
        8020.   5.916270E-7
        8030.   5.822850E-7
        8040.   5.764210E-7
        8050.   5.660000E-7
        8060.   5.816890E-7
        8070.   5.757640E-7
        8080.   5.429150E-7
        8090.   5.462540E-7
        8100.   5.865450E-7
        8110.   5.365230E-7
        8120.   5.869920E-7
        8130.   5.540830E-7
        8140.   5.954610E-7
        8150.   5.891640E-7
        8160.   5.317440E-7
        8170.   5.523630E-7
        8180.   5.844630E-7
        8190.   5.825720E-7
        8200.   5.662550E-7
        8210.   5.982780E-7
        8220.   5.919570E-7
        8230.   5.654800E-7
        8240.   5.952950E-7
        8250.   5.990240E-7
        8260.   5.620310E-7
        8270.   5.942130E-7
        8280.   5.437490E-7
        8290.   5.439160E-7
        8300.   5.656580E-7
        8310.   5.209640E-7
        8320.   4.967250E-7
        8330.   5.036630E-7
        8340.   5.333690E-7
        8350.   4.911630E-7
        8360.   4.517000E-7
        8370.   4.322810E-7
        8380.   4.757780E-7
        8390.   4.168480E-7
        8400.   3.750400E-7
        8410.   3.039700E-7
        8420.   2.552940E-7
        8430.   2.582430E-7
        8440.   2.342820E-7
        8450.   1.786180E-7
        8460.   1.637290E-7
        8470.   1.983870E-7
        8480.   1.848340E-7
        8490.   1.361530E-7
        8500.   1.115710E-7
        8510.   1.095630E-7
        8520.   1.155090E-7
        8530.   9.910600E-8
        8540.   1.161230E-7
        8550.   1.765840E-7
        8560.   6.044400E-8
        8570.   7.708470E-8
        8580.   1.400910E-7
        8590.   9.794850E-8
        8600.   1.373230E-7
        8610.   1.639020E-7
        8620.   1.153690E-7
        8630.   9.595860E-8
        8640.   7.987850E-8
        8650.   1.562880E-7
        8660.   6.447200E-8
        8670.   8.683880E-8
        8680.   1.243110E-7
        8690.   1.918360E-7
        8700.   3.090410E-8
        8710.   1.401210E-7
        8720.   8.346130E-8
        8730.   4.610490E-8
        8740.   2.004260E-7
        8750.   1.208460E-7
        8760.   1.883760E-7
        8770.   9.846040E-8
        8780.   1.188550E-7
        8790.   5.832780E-8
        8800.   1.194280E-9
        8810.   2.413370E-7
        8820.   2.244730E-7
        8830.   2.050560E-7
        8840.   1.501240E-7
        8850.   3.803430E-7
        8860.   3.151700E-7
        8870.   4.111080E-7
        8880.   2.576770E-7
        8890.   7.138430E-7
        8900.   6.268520E-7
        8910.  1.000230E-10
        8920.   2.884250E-7
        8930.   4.306850E-7
        8940.   2.756240E-7
        8950.   1.089380E-6
        8960.   7.569290E-7
        8970.   3.330230E-7
        8980.  1.000230E-10
        8990.   7.236860E-7
        9000.  1.000230E-10
        9010.   5.366510E-7
        9020.   1.551310E-6
        9030.   1.690200E-6
        9040.   1.781980E-6
        9050.   2.596870E-7
        9060.   1.641970E-6
        9070.   1.664440E-6
        9080.  1.000230E-10
        9090.   2.076610E-7
        9100.   5.288680E-7
        9110.  1.000230E-10
        9120.   7.399870E-7
        9130.  1.000230E-10
        9140.   1.546310E-6
        9150.   8.338020E-7
        9160.   8.041350E-7
        9170.  1.000230E-10
        9180.   9.150150E-7
        9190.  1.000230E-10
        9200.   1.334570E-7
        9210.   3.819140E-7
        9220.   1.455010E-7
        9230.   7.487570E-7
        9240.   7.098420E-7
        9250.  1.000230E-10
        9260.   6.881360E-8
        9270.   7.203590E-7
        9280.   6.421450E-7
        9290.  1.000230E-10
        9300.   2.692880E-7
        9310.   2.020930E-7
        9320.  1.000230E-10
        9330.   9.033890E-7
        9340.  1.000230E-10
        9350.   2.935130E-7
        9360.   4.801690E-7
        9370.  1.000230E-10
        9380.   2.728040E-7
        9390.   2.919870E-7
        9400.   2.718190E-7
        9410.  1.000230E-10
        9420.   5.353700E-7
        9430.   6.188780E-7
        9440.   4.849130E-7
        9450.  1.000230E-10
        9460.   4.429890E-7
        9470.   6.325120E-7
        9480.  1.000230E-10
        9490.  1.000230E-10
        9500.   2.185510E-7
        9510.  1.000230E-10
        9520.   4.766830E-7
        9530.   2.562380E-7
        9540.  1.000230E-10
        9550.  1.000230E-10
        9560.  1.000230E-10
        9570.   4.144240E-8
        9580.   1.423630E-7
        9590.   8.423490E-7
        9600.  1.000230E-10
        9610.  1.000230E-10
        9620.   5.044720E-7
        9630.  1.000230E-10
        9640.   2.654900E-7
        9650.   6.684650E-7
        9660.   1.506110E-7
        9670.  1.000230E-10
        9680.   5.033180E-7
        9690.   1.390380E-7
        9700.  1.000230E-10
        9710.   6.498370E-8
        9720.  1.000230E-10
        9730.  1.000230E-10
        9740.   1.937930E-7
        9750.  1.000230E-10
        9760.  1.000230E-10
        9770.  1.000230E-10
        9780.   1.853860E-7
        9790.  1.000230E-10
        9800.  1.000230E-10
        9810.   1.819790E-7
        9820.   5.337850E-8
        9830.  1.000230E-10
        9840.   3.640340E-7
        9850.   5.840310E-7
        9860.   1.449920E-8
        9870.  1.000230E-10
        9880.  1.000230E-10
        9890.   2.053170E-7
        9900.   3.231810E-7
        9910.  1.000230E-10
        9920.   3.774910E-7
        9930.  1.000230E-10
        9940.  1.000230E-10
        9950.  1.000230E-10
        9960.  1.000230E-10
        9970.  1.000230E-10
        9980.   1.256740E-7
        9990.   1.518830E-7
       10000.  1.000230E-10
       10010.  1.000230E-10
       10020.  1.000230E-10
       10030.  1.000230E-10
       10040.  1.000230E-10
       10050.   1.196050E-7
       10060.  1.000230E-10
       10070.   2.084560E-7
       10080.  1.000230E-10
       10090.  1.000230E-10
       10100.   2.670720E-7
       10110.  1.000230E-10
       10120.  1.000230E-10
       10130.   3.118400E-8
       10140.   5.888680E-8
       10150.  1.000230E-10
       10160.  1.000230E-10
       10170.  1.000230E-10
       10180.  1.000230E-10
       10190.  1.000230E-10
       10200.   2.653330E-8
       10210.  1.000230E-10
       10220.   3.072640E-8
       10230.  1.000230E-10
       10240.  1.000230E-10
       10250.   1.309180E-7
       10260.   2.412840E-8
       10270.   3.032240E-7
       10280.  1.000230E-10
       10290.   1.085660E-7
       10300.   1.216940E-7
       10310.   1.501060E-7
       10320.  1.000230E-10
       10330.   1.094060E-7
       10340.   9.002290E-8
       10350.   2.638300E-7
       10360.  1.000230E-10
       10370.   2.885200E-7
       10380.   2.054280E-7
       10390.   3.925320E-7
       10400.   3.250490E-7
       10410.  1.000230E-10
       10420.   3.501520E-7
       10430.   9.175870E-9
       10440.   1.006110E-7
       10450.  1.000230E-10
       10460.   1.595280E-7
       10470.   3.701350E-8
       10480.   2.749790E-7
       10490.   8.054180E-8
       10500.   7.801760E-8
       10510.   6.089880E-7
       10520.   3.588630E-7
       10530.   3.121610E-7
       10540.   6.224650E-7
       10550.   3.564250E-7
       10560.   9.593740E-8
       10570.   3.135300E-7
       10580.   4.553550E-7
       10590.   3.439670E-7
       10600.   1.724330E-7
       10610.   2.721890E-7
       10620.   3.018850E-7
       10630.   4.885750E-7
       10640.   4.037740E-7
       10650.   4.613710E-7
       10660.   3.237670E-7
       10670.   2.822920E-7
       10680.   4.090840E-7
       10690.   3.140850E-7
       10700.   5.371440E-7
       10710.   6.899680E-8
       10720.   4.882340E-7
       10730.   6.649850E-7
       10740.   7.369510E-7
       10750.   5.079440E-7
       10760.   4.700830E-7
       10770.   6.491050E-7
       10780.   6.911100E-7
       10790.   7.324350E-7
       10800.   8.823500E-7
       10810.   1.070440E-6
       10820.   1.232020E-6
       10830.   1.074620E-6
       10840.   1.180120E-6
       10850.   1.220440E-6
       10860.   1.267570E-6
       10870.   1.407600E-6
       10880.   1.343240E-6
       10890.   1.736580E-6
       10900.   1.870810E-6
       10910.   2.118500E-6
       10920.   1.952730E-6
       10930.   2.042510E-6
       10940.   2.391600E-6
       10950.   2.551770E-6
       10960.   2.678830E-6
       10970.   2.867910E-6
       10980.   3.208190E-6
       10990.   3.443210E-6
       11000.   3.792550E-6
       11001.            0.
       11002.            0.
