        1938.            0.
        1939.            0.
        1940.   1.166830E-7
        1950.   1.262020E-7
        1960.   1.220580E-7
        1970.   1.498780E-7
        1980.   8.996050E-8
        1990.   7.131480E-8
        2000.   1.015650E-7
        2010.   9.575890E-8
        2020.   6.275800E-8
        2030.   1.081640E-7
        2040.   8.572310E-8
        2050.   8.512480E-8
        2060.   9.785170E-8
        2070.   9.863790E-8
        2080.   6.488900E-8
        2090.   1.082440E-7
        2100.   9.760190E-8
        2110.   8.701360E-8
        2120.   7.917880E-8
        2130.   5.310300E-8
        2140.   6.578670E-8
        2150.   4.688250E-8
        2160.   5.053260E-8
        2170.   6.635050E-8
        2180.   7.328970E-8
        2190.   6.218990E-8
        2200.   6.233570E-8
        2210.   9.446850E-8
        2220.   7.336490E-8
        2230.   5.168010E-8
        2240.   8.111220E-8
        2250.   7.361940E-8
        2260.   5.571450E-8
        2270.   8.295870E-8
        2280.   5.751840E-8
        2290.   4.901380E-8
        2300.   8.384630E-8
        2310.   6.492680E-8
        2320.   3.650960E-8
        2330.   7.510990E-8
        2340.   5.332910E-8
        2350.   6.816730E-8
        2360.   7.763930E-8
        2370.   1.186280E-7
        2380.   7.970090E-8
        2390.   7.541170E-8
        2400.   8.826470E-8
        2410.   5.616340E-8
        2420.   8.605850E-8
        2430.   7.126530E-8
        2440.   9.358070E-8
        2450.   7.924820E-8
        2460.   6.995620E-8
        2470.   7.035450E-8
        2480.   9.003140E-8
        2490.   8.442350E-8
        2500.   6.917860E-8
        2510.   5.758680E-8
        2520.   1.116310E-7
        2530.   7.710300E-8
        2540.   7.147860E-8
        2550.   7.000600E-8
        2560.   8.001290E-8
        2570.   9.240660E-8
        2580.   7.410190E-8
        2590.   8.055750E-8
        2600.   1.075450E-7
        2610.   1.164890E-7
        2620.   9.173770E-8
        2630.   7.848290E-8
        2640.   7.605830E-8
        2650.   7.608640E-8
        2660.   8.237990E-8
        2670.   8.289990E-8
        2680.   1.209920E-7
        2690.   9.762630E-8
        2700.   7.806070E-8
        2710.   9.648500E-8
        2720.   8.773500E-8
        2730.   1.181490E-7
        2740.   8.058680E-8
        2750.   1.151280E-7
        2760.   1.080760E-7
        2770.   9.157220E-8
        2780.   1.270490E-7
        2790.   1.024730E-7
        2800.   1.345000E-7
        2810.   1.365000E-7
        2820.   1.471260E-7
        2830.   1.921880E-7
        2840.   1.974590E-7
        2850.   2.326930E-7
        2860.   2.321080E-7
        2870.   3.130900E-7
        2880.   3.542310E-7
        2890.   3.746790E-7
        2900.   4.456270E-7
        2910.   4.489380E-7
        2920.   5.090100E-7
        2930.   5.461860E-7
        2940.   6.051050E-7
        2950.   6.404080E-7
        2960.   7.206360E-7
        2970.   7.288510E-7
        2980.   7.312620E-7
        2990.   7.747490E-7
        3000.   8.824090E-7
        3010.   8.247640E-7
        3020.   8.583360E-7
        3030.   9.199960E-7
        3040.   1.002430E-6
        3050.   9.415080E-7
        3060.   9.892410E-7
        3070.   9.515920E-7
        3080.   9.151770E-7
        3090.   8.910870E-7
        3100.   9.011850E-7
        3110.   8.608670E-7
        3120.   8.178520E-7
        3130.   8.039450E-7
        3140.   7.908610E-7
        3150.   8.145110E-7
        3160.   7.721950E-7
        3170.   7.726540E-7
        3180.   8.444260E-7
        3190.   9.039220E-7
        3200.   1.052380E-6
        3210.   1.162050E-6
        3220.   1.218930E-6
        3230.   1.289510E-6
        3240.   1.245990E-6
        3250.   1.207500E-6
        3260.   1.204060E-6
        3270.   1.210520E-6
        3280.   1.203800E-6
        3290.   1.362940E-6
        3300.   1.460900E-6
        3310.   1.372640E-6
        3320.   1.447050E-6
        3330.   1.379550E-6
        3340.   1.337400E-6
        3350.   1.379580E-6
        3360.   1.429110E-6
        3370.   1.525310E-6
        3380.   1.453610E-6
        3390.   1.456010E-6
        3400.   1.494510E-6
        3410.   1.531290E-6
        3420.   1.467730E-6
        3430.   1.582520E-6
        3440.   1.450200E-6
        3450.   1.492940E-6
        3460.   1.374100E-6
        3470.   1.440950E-6
        3480.   1.336740E-6
        3490.   1.435930E-6
        3500.   1.472960E-6
        3510.   1.447920E-6
        3520.   1.546930E-6
        3530.   1.578640E-6
        3540.   1.485980E-6
        3550.   1.463520E-6
        3560.   1.434720E-6
        3570.   1.297040E-6
        3580.   1.257950E-6
        3590.   1.259300E-6
        3600.   1.418490E-6
        3610.   1.447140E-6
        3620.   1.489880E-6
        3630.   1.562100E-6
        3640.   1.497220E-6
        3650.   1.512300E-6
        3660.   1.418620E-6
        3670.   1.347090E-6
        3680.   1.353830E-6
        3690.   1.393960E-6
        3700.   1.456500E-6
        3710.   1.501900E-6
        3720.   1.559360E-6
        3730.   1.509050E-6
        3740.   1.608940E-6
        3750.   1.589840E-6
        3760.   1.481740E-6
        3770.   1.515570E-6
        3780.   1.406230E-6
        3790.   1.404130E-6
        3800.   1.395040E-6
        3810.   1.515720E-6
        3820.   1.474320E-6
        3830.   1.534180E-6
        3840.   1.609470E-6
        3850.   1.560070E-6
        3860.   1.626540E-6
        3870.   1.562980E-6
        3880.   1.542510E-6
        3890.   1.487810E-6
        3900.   1.518910E-6
        3910.   1.385780E-6
        3920.   1.475920E-6
        3930.   1.493290E-6
        3940.   1.615870E-6
        3950.   1.598870E-6
        3960.   1.611990E-6
        3970.   1.649670E-6
        3980.   1.782660E-6
        3990.   1.822630E-6
        4000.   1.811330E-6
        4010.   1.745080E-6
        4020.   1.708380E-6
        4030.   1.665210E-6
        4040.   1.674790E-6
        4050.   1.709390E-6
        4060.   1.709830E-6
        4070.   1.702270E-6
        4080.   1.825600E-6
        4090.   1.792820E-6
        4100.   1.845920E-6
        4110.   1.911830E-6
        4120.   1.856890E-6
        4130.   1.880480E-6
        4140.   1.897850E-6
        4150.   1.793220E-6
        4160.   1.827100E-6
        4170.   1.759160E-6
        4180.   1.761920E-6
        4190.   1.786430E-6
        4200.   1.761660E-6
        4210.   1.750800E-6
        4220.   1.774160E-6
        4230.   1.801480E-6
        4240.   1.821010E-6
        4250.   1.854310E-6
        4260.   1.850210E-6
        4270.   1.826010E-6
        4280.   1.855410E-6
        4290.   1.859850E-6
        4300.   1.827840E-6
        4310.   1.835410E-6
        4320.   1.871900E-6
        4330.   1.778780E-6
        4340.   1.811740E-6
        4350.   1.737730E-6
        4360.   1.762700E-6
        4370.   1.729350E-6
        4380.   1.737330E-6
        4390.   1.759590E-6
        4400.   1.735770E-6
        4410.   1.800670E-6
        4420.   1.822470E-6
        4430.   1.936790E-6
        4440.   2.029100E-6
        4450.   2.218590E-6
        4460.   2.446390E-6
        4470.   2.762690E-6
        4480.   3.162180E-6
        4490.   3.808320E-6
        4500.   4.514330E-6
        4510.   5.398910E-6
        4520.   6.464350E-6
        4530.   7.848850E-6
        4540.   9.280870E-6
        4550.   1.094720E-5
        4560.   1.279430E-5
        4570.   1.456220E-5
        4580.   1.651380E-5
        4590.   1.813530E-5
        4600.   1.959520E-5
        4610.   2.109990E-5
        4620.   2.240420E-5
        4630.   2.311440E-5
        4640.   2.365870E-5
        4650.   2.348880E-5
        4660.   2.374450E-5
        4670.   2.308690E-5
        4680.   2.201680E-5
        4690.   2.120250E-5
        4700.   1.989780E-5
        4710.   1.880690E-5
        4720.   1.786780E-5
        4730.   1.656170E-5
        4740.   1.573550E-5
        4750.   1.490530E-5
        4760.   1.431090E-5
        4770.   1.512220E-5
       4817.4   3.200000E-5
       4817.6   3.400000E-5
       4817.8   7.000000E-5
        4818.   6.200000E-5
       4818.2   5.000000E-5
       4818.4   3.800000E-5
       4818.6   2.900000E-5
       4818.8   4.800000E-5
        4819.   5.700000E-5
       4819.2   5.600000E-5
       4819.4   6.100000E-5
       4819.6   3.800000E-5
       4819.8   7.100000E-5
        4820.   5.700000E-5
       4820.2   8.400000E-5
       4820.4   7.500000E-5
       4820.6   5.900000E-5
       4820.8   5.700000E-5
        4821.   8.200000E-5
       4821.2   7.000000E-5
       4821.4   4.700000E-5
       4821.6   5.400000E-5
       4821.8   5.200000E-5
        4822.   8.700000E-5
       4822.2   6.900000E-5
       4822.4   6.400000E-5
       4822.6   7.700000E-5
       4822.8   7.100000E-5
        4823.   8.200000E-5
       4823.2   8.500000E-5
       4823.4   8.100000E-5
       4823.6   9.000000E-5
       4823.8   7.900000E-5
        4824.   8.900000E-5
       4824.2   8.100000E-5
       4824.4   9.900000E-5
       4824.6   8.400000E-5
       4824.8   9.800000E-5
        4825.   9.800000E-5
       4825.2   1.020000E-4
       4825.4   9.600000E-5
       4825.6   9.600000E-5
       4825.8   1.120000E-4
        4826.   1.160000E-4
       4826.2   9.700000E-5
       4826.4   8.500000E-5
       4826.6   9.600000E-5
       4826.8   8.200000E-5
        4827.   1.040000E-4
       4827.2   1.160000E-4
       4827.4   9.800000E-5
       4827.6   7.400000E-5
       4827.8   9.800000E-5
        4828.   1.120000E-4
       4828.2   1.140000E-4
       4828.4   1.290000E-4
       4828.6   1.210000E-4
       4828.8   1.170000E-4
        4829.   1.210000E-4
       4829.2   1.150000E-4
       4829.4   1.160000E-4
       4829.6   1.310000E-4
       4829.8   1.320000E-4
        4830.   1.350000E-4
       4830.2   1.130000E-4
       4830.4   1.550000E-4
       4830.6   1.460000E-4
       4830.8   1.450000E-4
        4831.   1.480000E-4
       4831.2   1.520000E-4
       4831.4   1.580000E-4
       4831.6   1.610000E-4
       4831.8   1.400000E-4
        4832.   1.540000E-4
       4832.2   1.640000E-4
       4832.4   1.680000E-4
       4832.6   1.780000E-4
       4832.8   1.770000E-4
        4833.   1.710000E-4
       4833.2   1.670000E-4
       4833.4   1.840000E-4
       4833.6   2.040000E-4
       4833.8   1.980000E-4
        4834.   2.020000E-4
       4834.2   2.030000E-4
       4834.4   2.230000E-4
       4834.6   2.030000E-4
       4834.8   2.340000E-4
        4835.   2.260000E-4
       4835.2   2.560000E-4
       4835.4   2.430000E-4
       4835.6   2.500000E-4
       4835.8   2.750000E-4
        4836.   2.650000E-4
       4836.2   2.680000E-4
       4836.4   2.870000E-4
       4836.6   2.800000E-4
       4836.8   3.170000E-4
        4837.   3.110000E-4
       4837.2   3.250000E-4
       4837.4   3.400000E-4
       4837.6   3.370000E-4
       4837.8   3.470000E-4
        4838.   3.730000E-4
       4838.2   3.320000E-4
       4838.4   3.800000E-4
       4838.6   3.860000E-4
       4838.8   3.970000E-4
        4839.   4.030000E-4
       4839.2   4.100000E-4
       4839.4   4.270000E-4
       4839.6   4.330000E-4
       4839.8   4.560000E-4
        4840.   4.850000E-4
       4840.2   4.810000E-4
       4840.4   4.900000E-4
       4840.6   5.080000E-4
       4840.8   5.210000E-4
        4841.   5.360000E-4
       4841.2   5.520000E-4
       4841.4   5.620000E-4
       4841.6   5.930000E-4
       4841.8   5.940000E-4
        4842.   6.290000E-4
       4842.2   6.440000E-4
       4842.4   6.690000E-4
       4842.6   7.000000E-4
       4842.8   7.070000E-4
        4843.   7.200000E-4
       4843.2   7.400000E-4
       4843.4   7.610000E-4
       4843.6   7.590000E-4
       4843.8   8.020000E-4
        4844.   8.270000E-4
       4844.2   8.800000E-4
       4844.4   9.100000E-4
       4844.6   9.100000E-4
       4844.8   9.370000E-4
        4845.   9.640000E-4
       4845.2   9.980000E-4
       4845.4      0.001059
       4845.6       0.00106
       4845.8      0.001098
        4846.      0.001115
       4846.2      0.001183
       4846.4      0.001199
       4846.6      0.001235
       4846.8      0.001284
        4847.      0.001288
       4847.2      0.001323
       4847.4      0.001394
       4847.6      0.001454
       4847.8      0.001477
        4848.      0.001522
       4848.2      0.001587
       4848.4      0.001636
       4848.6      0.001694
       4848.8      0.001746
        4849.      0.001807
       4849.2      0.001845
       4849.4      0.001892
       4849.6      0.001992
       4849.8      0.002051
        4850.      0.002089
       4850.2      0.002175
       4850.4      0.002266
       4850.6      0.002342
       4850.8       0.00241
        4851.      0.002474
       4851.2      0.002582
       4851.4      0.002689
       4851.6      0.002749
       4851.8      0.002867
        4852.      0.002966
       4852.2      0.003054
       4852.4      0.003176
       4852.6      0.003219
       4852.8      0.003395
        4853.      0.003533
       4853.2      0.003648
       4853.4      0.003761
       4853.6      0.003925
       4853.8      0.004055
        4854.      0.004253
       4854.2      0.004392
       4854.4      0.004515
       4854.6      0.004627
       4854.8      0.004819
        4855.      0.005055
       4855.2      0.005156
       4855.4      0.005411
       4855.6      0.005571
       4855.8      0.005859
        4856.      0.006081
       4856.2      0.006304
       4856.4      0.006513
       4856.6      0.006726
       4856.8      0.006949
        4857.      0.007268
       4857.2      0.007566
       4857.4      0.007923
       4857.6      0.008188
       4857.8       0.00849
        4858.      0.008839
       4858.2      0.009241
       4858.4       0.00968
       4858.6      0.010032
       4858.8      0.010302
        4859.      0.010765
       4859.2        0.0113
       4859.4      0.011751
       4859.6      0.012194
       4859.8      0.012657
        4860.      0.013135
       4860.2      0.013766
       4860.4      0.014442
       4860.6      0.014989
       4860.8      0.015571
        4861.       0.01614
       4861.2      0.016755
       4861.4      0.017545
       4861.6      0.018424
       4861.8      0.019102
        4862.      0.019904
       4862.2       0.02077
       4862.4      0.021887
       4862.6      0.023001
       4862.8       0.02393
        4863.      0.024744
       4863.2      0.025835
       4863.4      0.027076
       4863.6      0.028576
       4863.8      0.029855
        4864.       0.03113
       4864.2      0.032329
       4864.4      0.033973
       4864.6      0.035673
       4864.8       0.03757
        4865.      0.038853
       4865.2      0.040489
       4865.4      0.042208
       4865.6      0.044322
       4865.8       0.04647
        4866.      0.048737
       4866.2       0.05093
       4866.4      0.053162
       4866.6      0.055796
       4866.8      0.059167
        4867.      0.062354
       4867.2      0.065098
       4867.4      0.067794
       4867.6      0.070586
       4867.8      0.074413
        4868.      0.079041
       4868.2       0.08285
       4868.4      0.086641
       4868.6      0.090684
       4868.8      0.095003
        4869.      0.100706
       4869.2      0.105594
       4869.4      0.110202
       4869.6      0.114735
       4869.8      0.119871
        4870.      0.126289
       4870.2      0.133768
       4870.4       0.13997
       4870.6      0.146169
       4870.8      0.152877
        4871.      0.161223
       4871.2      0.171403
       4871.4      0.179084
       4871.6      0.186356
       4871.8      0.194475
        4872.      0.203176
       4872.2      0.214658
       4872.4      0.226864
       4872.6      0.237266
       4872.8      0.246999
        4873.      0.258345
       4873.2      0.271914
       4873.4      0.285439
       4873.6      0.296534
       4873.8      0.308652
        4874.      0.319631
       4874.2      0.332725
       4874.4      0.348289
       4874.6       0.36364
       4874.8      0.378442
        4875.      0.392104
       4875.2      0.405901
       4875.4      0.423491
       4875.6      0.443366
       4875.8      0.456298
        4876.      0.469976
       4876.2      0.484279
       4876.4      0.501676
       4876.6      0.520108
       4876.8      0.538392
        4877.      0.553017
       4877.2      0.567026
       4877.4      0.583524
       4877.6      0.602098
       4877.8       0.61707
        4878.      0.629664
       4878.2      0.642532
       4878.4       0.65432
       4878.6      0.668398
       4878.8      0.685855
        4879.      0.697067
       4879.2      0.708024
       4879.4      0.719245
       4879.6      0.731132
       4879.8      0.743194
        4880.      0.754377
       4880.2      0.763558
       4880.4      0.770806
       4880.6      0.778935
       4880.8      0.787179
        4881.      0.795392
       4881.2       0.80296
       4881.4      0.808788
       4881.6      0.813339
       4881.8      0.819476
        4882.      0.824048
       4882.2      0.828528
       4882.4      0.831581
       4882.6      0.834599
       4882.8      0.837109
        4883.      0.840486
       4883.2      0.842278
       4883.4      0.843879
       4883.6      0.845476
       4883.8      0.847919
        4884.      0.848443
       4884.2      0.849024
       4884.4      0.849685
       4884.6      0.849498
       4884.8      0.849621
        4885.      0.850726
       4885.2      0.850081
       4885.4      0.850825
       4885.6      0.849381
       4885.8      0.848679
        4886.      0.848892
       4886.2       0.84797
       4886.4      0.847803
       4886.6      0.846148
       4886.8      0.845932
        4887.      0.846274
       4887.2      0.845279
       4887.4      0.843506
       4887.6      0.843524
       4887.8       0.84313
        4888.       0.84107
       4888.2      0.841745
       4888.4       0.84087
       4888.6      0.838727
       4888.8      0.838974
        4889.       0.83821
       4889.2       0.83829
       4889.4      0.837494
       4889.6      0.836997
       4889.8      0.836609
        4890.      0.835438
       4890.2      0.836055
       4890.4      0.834567
       4890.6      0.833738
       4890.8      0.834571
        4891.      0.835507
       4891.2      0.833918
       4891.4      0.833447
       4891.6      0.834113
       4891.8       0.83393
        4892.      0.834136
       4892.2      0.834151
       4892.4      0.834106
       4892.6      0.834432
       4892.8      0.833594
        4893.      0.833668
       4893.2      0.833437
       4893.4      0.834017
       4893.6      0.833703
       4893.8      0.834798
        4894.      0.834577
       4894.2      0.835517
       4894.4      0.835508
       4894.6      0.835288
       4894.8      0.835594
        4895.      0.835416
       4895.2      0.837377
       4895.4      0.837341
       4895.6      0.837191
       4895.8      0.837524
        4896.      0.837937
       4896.2      0.838279
       4896.4      0.838859
       4896.6      0.840295
       4896.8      0.839689
        4897.      0.840104
       4897.2      0.840912
       4897.4      0.841241
       4897.6      0.841976
       4897.8      0.842432
        4898.      0.842434
       4898.2      0.842938
       4898.4      0.843433
       4898.6      0.844805
       4898.8      0.843886
        4899.       0.84475
       4899.2      0.845712
       4899.4      0.845405
       4899.6      0.846616
       4899.8      0.847272
        4900.      0.847302
       4900.2       0.84836
       4900.4       0.84808
       4900.6      0.848279
       4900.8      0.847694
        4901.       0.84904
       4901.2      0.849325
       4901.4      0.849785
       4901.6      0.850278
       4901.8      0.849768
        4902.      0.849915
       4902.2      0.850738
       4902.4      0.850983
       4902.6      0.850501
       4902.8      0.851897
        4903.       0.85116
       4903.2       0.85181
       4903.4      0.852089
       4903.6      0.852462
       4903.8      0.852264
        4904.      0.852958
       4904.2      0.852769
       4904.4      0.852922
       4904.6      0.853241
       4904.8      0.853517
        4905.        0.8532
       4905.2      0.853018
       4905.4      0.854083
       4905.6      0.853268
       4905.8      0.853458
        4906.      0.853093
       4906.2      0.854278
       4906.4      0.853048
       4906.6      0.853868
       4906.8      0.853774
        4907.      0.854022
       4907.2      0.853951
       4907.4      0.853808
       4907.6      0.854285
       4907.8      0.853992
        4908.      0.854005
       4908.2      0.853983
       4908.4      0.854821
       4908.6      0.854285
       4908.8      0.853342
        4909.      0.853853
       4909.2      0.854396
       4909.4      0.853862
       4909.6      0.854208
       4909.8      0.854585
        4910.      0.853301
       4910.2      0.854067
       4910.4      0.853695
       4910.6      0.853031
       4910.8      0.853795
        4911.      0.854128
       4911.2      0.854021
       4911.4      0.853973
       4911.6      0.853803
       4911.8       0.85357
        4912.      0.853253
       4912.2      0.853705
       4912.4      0.854384
       4912.6      0.853978
       4912.8      0.853543
        4913.      0.853396
       4913.2      0.853562
       4913.4      0.854752
       4913.6      0.853345
       4913.8      0.853667
        4914.      0.854187
       4914.2      0.853526
       4914.4      0.853592
       4914.6      0.853958
       4914.8      0.852368
        4915.      0.853344
       4915.2      0.853843
       4915.4      0.853388
       4915.6      0.853434
       4915.8      0.853781
        4916.      0.853519
       4916.2      0.853581
       4916.4      0.854005
       4916.6      0.853327
       4916.8       0.85307
        4917.      0.853524
       4917.2       0.85321
       4917.4      0.853296
       4917.6      0.853976
       4917.8       0.85442
        4918.      0.853724
       4918.2       0.85361
       4918.4      0.853564
       4918.6      0.854318
       4918.8      0.852731
        4919.      0.854255
       4919.2      0.853742
       4919.4      0.854586
       4919.6      0.853867
       4919.8      0.854846
        4920.      0.854242
       4920.2      0.854044
       4920.4      0.854091
       4920.6      0.854204
       4920.8      0.854961
        4921.       0.85427
       4921.2      0.854639
       4921.4      0.854542
       4921.6       0.85464
       4921.8      0.854463
        4922.      0.854788
       4922.2      0.854346
       4922.4        0.8549
       4922.6      0.854398
       4922.8      0.854397
        4923.      0.854951
       4923.2      0.854133
       4923.4      0.854957
       4923.6      0.854176
       4923.8      0.854557
        4924.      0.855078
       4924.2       0.85455
       4924.4      0.853413
       4924.6      0.853977
       4924.8      0.854483
        4925.      0.854783
       4925.2      0.854528
       4925.4      0.853982
       4925.6      0.854216
       4925.8      0.854541
        4926.      0.854245
       4926.2      0.854246
       4926.4       0.85412
       4926.6      0.853709
       4926.8      0.853354
        4927.      0.853466
       4927.2      0.853222
       4927.4      0.852695
       4927.6      0.853147
       4927.8      0.853167
        4928.      0.852143
       4928.2      0.852536
       4928.4      0.853286
       4928.6      0.852644
       4928.8      0.852882
        4929.      0.851817
       4929.2      0.852789
       4929.4      0.851812
       4929.6      0.852376
       4929.8      0.851603
        4930.      0.851709
       4930.2      0.851526
       4930.4      0.852039
       4930.6      0.850651
       4930.8      0.850532
        4931.      0.850581
       4931.2      0.850127
       4931.4      0.849139
       4931.6      0.849447
       4931.8      0.849074
        4932.      0.849264
       4932.2      0.849252
       4932.4      0.848983
       4932.6      0.848977
       4932.8      0.849073
        4933.      0.847686
       4933.2      0.848172
       4933.4      0.846676
       4933.6      0.847435
       4933.8      0.846444
        4934.      0.846596
       4934.2      0.846484
       4934.4      0.845486
       4934.6      0.845596
       4934.8      0.846139
        4935.      0.845078
       4935.2      0.844503
       4935.4       0.84465
       4935.6      0.844567
       4935.8      0.843592
        4936.      0.843219
       4936.2      0.842913
       4936.4      0.842178
       4936.6      0.842468
       4936.8      0.841821
        4937.      0.841266
       4937.2      0.841371
       4937.4       0.84022
       4937.6      0.840793
       4937.8      0.839709
        4938.      0.839528
       4938.2      0.838961
       4938.4      0.838737
       4938.6       0.83798
       4938.8      0.837661
        4939.      0.837609
       4939.2      0.837543
       4939.4      0.836706
       4939.6      0.836546
       4939.8      0.835405
        4940.       0.83533
       4940.2      0.835889
       4940.4      0.834222
       4940.6      0.834527
       4940.8      0.833774
        4941.      0.833654
       4941.2      0.833256
       4941.4      0.832472
       4941.6      0.832665
       4941.8      0.831028
        4942.      0.831985
       4942.2      0.831716
       4942.4      0.831003
       4942.6      0.830492
       4942.8      0.829823
        4943.      0.828896
       4943.2       0.82876
       4943.4      0.828854
       4943.6      0.828375
       4943.8      0.827804
        4944.       0.82784
       4944.2      0.827551
       4944.4      0.827187
       4944.6      0.826665
       4944.8       0.82571
        4945.       0.82556
       4945.2      0.825154
       4945.4      0.824457
       4945.6      0.824996
       4945.8      0.824082
        4946.      0.823222
       4946.2      0.823481
       4946.4      0.823801
       4946.6      0.822726
       4946.8      0.823303
        4947.      0.822359
       4947.2      0.822618
       4947.4      0.821442
       4947.6      0.821971
       4947.8      0.821184
        4948.      0.821205
       4948.2      0.820771
       4948.4       0.82025
       4948.6      0.820144
       4948.8      0.819524
        4949.      0.819576
       4949.2      0.819786
       4949.4      0.818799
       4949.6       0.81858
       4949.8      0.818604
        4950.      0.817688
       4950.2      0.818479
       4950.4      0.817939
       4950.6      0.818096
       4950.8      0.817675
        4951.      0.817701
       4951.2       0.81758
       4951.4      0.817198
       4951.6      0.816335
       4951.8      0.817739
        4952.      0.817288
       4952.2      0.817647
       4952.4      0.817202
       4952.6      0.816943
       4952.8      0.816391
        4953.      0.816978
       4953.2      0.816081
       4953.4      0.816515
       4953.6      0.816797
       4953.8      0.816506
        4954.      0.816643
       4954.2       0.81646
       4954.4      0.817072
       4954.6       0.81637
       4954.8      0.816715
        4955.      0.816821
       4955.2       0.81592
       4955.4      0.816536
       4955.6      0.816663
       4955.8      0.817074
        4956.      0.817448
       4956.2      0.816974
       4956.4      0.817174
       4956.6      0.817814
       4956.8      0.816799
        4957.      0.817198
       4957.2      0.817754
       4957.4      0.817144
       4957.6      0.817575
       4957.8      0.817725
        4958.      0.818037
       4958.2      0.818674
       4958.4      0.819007
       4958.6      0.818931
       4958.8      0.818882
        4959.      0.819492
       4959.2      0.819809
       4959.4       0.81987
       4959.6      0.819895
       4959.8       0.82043
        4960.      0.821139
       4960.2       0.82157
       4960.4      0.821212
       4960.6      0.821712
       4960.8      0.822082
        4961.      0.822345
       4961.2      0.822466
       4961.4      0.822903
       4961.6      0.823373
       4961.8       0.82397
        4962.      0.824372
       4962.2      0.824174
       4962.4      0.825871
       4962.6      0.825695
       4962.8      0.826385
        4963.      0.826123
       4963.2      0.826994
       4963.4      0.826672
       4963.6      0.828431
       4963.8      0.827696
        4964.      0.828462
       4964.2      0.830109
       4964.4      0.829515
       4964.6      0.830203
       4964.8      0.830092
        4965.      0.831124
       4965.2      0.832228
       4965.4      0.833085
       4965.6      0.833219
       4965.8      0.833209
        4966.      0.833672
       4966.2      0.834219
       4966.4      0.835291
       4966.6       0.83531
       4966.8      0.835978
        4967.      0.835937
       4967.2      0.836074
       4967.4      0.838361
       4967.6      0.837494
       4967.8      0.838717
        4968.      0.838643
       4968.2      0.839402
       4968.4       0.83938
       4968.6      0.841137
       4968.8      0.840807
        4969.      0.842309
       4969.2      0.842301
       4969.4       0.84175
       4969.6      0.842385
       4969.8      0.843341
        4970.      0.844152
       4970.2      0.844106
       4970.4       0.84514
       4970.6      0.845271
       4970.8      0.846357
        4971.      0.845487
       4971.2      0.847335
       4971.4      0.847068
       4971.6      0.847169
       4971.8      0.847225
        4972.      0.848005
       4972.2       0.84747
       4972.4      0.848422
       4972.6      0.848402
       4972.8      0.848594
        4973.      0.848132
       4973.2       0.84864
       4973.4      0.848364
       4973.6      0.848816
       4973.8      0.848722
        4974.      0.847883
       4974.2        0.8491
       4974.4      0.847927
       4974.6      0.847682
       4974.8      0.848222
        4975.      0.846838
       4975.2      0.846011
       4975.4      0.845832
       4975.6      0.845091
       4975.8      0.844707
        4976.      0.844138
       4976.2      0.842743
       4976.4      0.842004
       4976.6      0.840656
       4976.8      0.839784
        4977.      0.838203
       4977.2      0.836575
       4977.4      0.835596
       4977.6      0.834234
       4977.8      0.832382
        4978.      0.830639
       4978.2      0.827874
       4978.4      0.825595
       4978.6      0.823657
       4978.8      0.821102
        4979.      0.818607
       4979.2      0.815718
       4979.4      0.810833
       4979.6      0.808831
       4979.8      0.805758
        4980.      0.802511
       4980.2      0.798823
       4980.4      0.793693
       4980.6       0.78964
       4980.8      0.784385
        4981.      0.780232
       4981.2      0.775206
       4981.4       0.76891
       4981.6      0.764544
       4981.8       0.75855
        4982.      0.753361
       4982.2      0.749046
       4982.4      0.742725
       4982.6      0.734184
       4982.8      0.728343
        4983.      0.721274
       4983.2      0.714981
       4983.4      0.707629
       4983.6      0.697971
       4983.8      0.689697
        4984.      0.682346
       4984.2      0.674836
       4984.4      0.667066
       4984.6       0.65698
       4984.8      0.646861
        4985.      0.636924
       4985.2      0.626861
       4985.4      0.618468
       4985.6       0.60762
       4985.8      0.595623
        4986.      0.587446
       4986.2      0.577376
       4986.4      0.569459
       4986.6      0.559615
       4986.8      0.548539
        4987.      0.534791
       4987.2      0.525735
       4987.4      0.515948
       4987.6      0.505172
       4987.8      0.491959
        4988.       0.47918
       4988.2      0.469038
       4988.4      0.458804
       4988.6       0.44983
       4988.8      0.438757
        4989.      0.424874
       4989.2      0.413013
       4989.4      0.402748
       4989.6      0.392535
       4989.8      0.381649
        4990.      0.369994
       4990.2      0.358653
       4990.4      0.350427
       4990.6      0.340612
       4990.8       0.33274
        4991.      0.323237
       4991.2      0.313392
       4991.4      0.302075
       4991.6      0.293343
       4991.8      0.285888
        4992.      0.276477
       4992.2      0.265382
       4992.4       0.25641
       4992.6      0.248738
       4992.8      0.241671
        4993.      0.234749
       4993.2      0.226493
       4993.4      0.215689
       4993.6      0.209446
       4993.8      0.202553
        4994.      0.195523
       4994.2      0.189081
       4994.4      0.181131
       4994.6      0.174938
       4994.8      0.169581
        4995.      0.164651
       4995.2      0.159295
       4995.4      0.153347
       4995.6      0.147636
       4995.8      0.142107
        4996.      0.137168
       4996.2      0.132733
       4996.4      0.127704
       4996.6      0.121811
       4996.8       0.11769
        4997.      0.114036
       4997.2      0.110365
       4997.4      0.106748
       4997.6      0.102407
       4997.8      0.097235
        4998.      0.093964
       4998.2      0.090719
       4998.4       0.08753
       4998.6      0.083833
       4998.8      0.080542
        4999.      0.077669
       4999.2      0.075236
       4999.4      0.072937
       4999.6      0.070239
       4999.8      0.067574
        5000.       0.06486
       5000.2      0.062757
       5000.4      0.060527
       5000.6      0.058566
       5000.8      0.056077
        5001.      0.053466
       5001.2      0.051811
       5001.4      0.050259
       5001.6      0.048602
       5001.8      0.046796
        5002.      0.044716
       5002.2      0.042881
       5002.4      0.041412
       5002.6      0.040039
       5002.8      0.038637
        5003.      0.036843
       5003.2      0.035551
       5003.4      0.034493
       5003.6      0.033302
       5003.8      0.032204
        5004.       0.03113
       5004.2      0.029725
       5004.4       0.02889
       5004.6       0.02796
       5004.8      0.026985
        5005.      0.026061
       5005.2      0.024998
       5005.4      0.024063
       5005.6      0.023278
       5005.8      0.022575
        5006.      0.021862
       5006.2      0.021028
       5006.4      0.020176
       5006.6      0.019441
       5006.8       0.01879
        5007.      0.018252
       5007.2      0.017548
       5007.4      0.016742
       5007.6      0.016199
       5007.8      0.015738
        5008.      0.015364
       5008.2      0.014871
       5008.4      0.014323
       5008.6       0.01377
       5008.8       0.01333
        5009.      0.012966
       5009.2       0.01249
       5009.4      0.012064
       5009.6      0.011584
       5009.8      0.011201
        5010.      0.010898
       5010.2      0.010637
       5010.4      0.010255
       5010.6      0.009869
       5010.8       0.00949
        5011.      0.009177
       5011.2      0.008852
       5011.4      0.008599
       5011.6       0.00829
       5011.8      0.007977
        5012.      0.007769
       5012.2      0.007608
       5012.4      0.007354
       5012.6      0.007122
       5012.8      0.006847
        5013.      0.006603
       5013.2      0.006442
       5013.4      0.006286
       5013.6      0.006103
       5013.8      0.005831
        5014.       0.00565
       5014.2      0.005508
       5014.4      0.005374
       5014.6      0.005204
       5014.8      0.005059
        5015.      0.004815
       5015.2      0.004669
       5015.4      0.004516
       5015.6      0.004423
       5015.8      0.004261
        5016.      0.004098
       5016.2      0.003995
       5016.4      0.003893
       5016.6      0.003771
       5016.8      0.003652
        5017.      0.003566
       5017.2      0.003433
       5017.4      0.003358
       5017.6      0.003269
       5017.8      0.003166
        5018.      0.003067
       5018.2      0.002975
       5018.4      0.002847
       5018.6      0.002817
       5018.8      0.002736
        5019.      0.002623
       5019.2      0.002599
       5019.4      0.002465
       5019.6      0.002411
       5019.8      0.002352
        5020.      0.002327
       5020.2      0.002202
       5020.4      0.002161
       5020.6      0.002107
       5020.8       0.00203
        5021.      0.001946
       5021.2      0.001936
       5021.4      0.001867
       5021.6       0.00181
       5021.8       0.00175
        5022.      0.001726
       5022.2      0.001686
       5022.4       0.00162
       5022.6      0.001567
       5022.8       0.00154
        5023.      0.001509
       5023.2      0.001452
       5023.4      0.001408
       5023.6      0.001379
       5023.8      0.001338
        5024.      0.001304
       5024.2      0.001261
       5024.4      0.001233
       5024.6      0.001179
       5024.8      0.001198
        5025.      0.001124
       5025.2       0.00113
       5025.4       0.00107
       5025.6      0.001063
       5025.8      0.001008
        5026.      0.001018
       5026.2   9.700000E-4
       5026.4   9.580000E-4
       5026.6   9.070000E-4
       5026.8   8.760000E-4
        5027.   8.700000E-4
       5027.2   8.510000E-4
       5027.4   8.330000E-4
       5027.6   7.950000E-4
       5027.8   7.820000E-4
        5028.   7.670000E-4
       5028.2   7.390000E-4
       5028.4   7.230000E-4
       5028.6   7.350000E-4
       5028.8   6.930000E-4
        5029.   6.790000E-4
       5029.2   6.410000E-4
       5029.4   6.200000E-4
       5029.6   6.360000E-4
       5029.8   6.340000E-4
        5030.   5.720000E-4
       5030.2   5.900000E-4
       5030.4   5.710000E-4
       5030.6   5.520000E-4
       5030.8   5.160000E-4
        5031.   5.350000E-4
       5031.2   5.150000E-4
       5031.4   5.020000E-4
       5031.6   4.840000E-4
       5031.8   4.860000E-4
        5032.   4.650000E-4
       5032.2   4.360000E-4
       5032.4   4.390000E-4
       5032.6   4.100000E-4
       5032.8   4.050000E-4
        5033.   4.080000E-4
       5033.2   4.020000E-4
       5033.4   3.830000E-4
       5033.6   3.800000E-4
       5033.8   3.640000E-4
        5034.   3.650000E-4
       5034.2   3.670000E-4
       5034.4   3.560000E-4
       5034.6   3.370000E-4
       5034.8   3.450000E-4
        5035.   3.280000E-4
       5035.2   3.350000E-4
       5035.4   3.060000E-4
       5035.6   3.100000E-4
       5035.8   3.150000E-4
        5036.   3.090000E-4
       5036.2   2.850000E-4
       5036.4   3.000000E-4
       5036.6   2.750000E-4
       5036.8   2.580000E-4
        5037.   2.680000E-4
       5037.2   2.460000E-4
       5037.4   2.330000E-4
       5037.6   2.470000E-4
       5037.8   2.080000E-4
        5038.   2.210000E-4
       5038.2   2.120000E-4
       5038.4   2.240000E-4
       5038.6   2.140000E-4
       5038.8   1.970000E-4
        5039.   2.040000E-4
       5039.2   1.920000E-4
       5039.4   1.960000E-4
       5039.6   1.840000E-4
       5039.8   1.950000E-4
        5040.   2.070000E-4
       5040.2   2.020000E-4
       5040.4   1.630000E-4
       5040.6   1.800000E-4
       5040.8   1.740000E-4
        5041.   1.800000E-4
       5041.2   1.630000E-4
       5041.4   1.720000E-4
       5041.6   1.770000E-4
       5041.8   1.720000E-4
        5042.   1.700000E-4
       5042.2   1.770000E-4
       5042.4   1.710000E-4
       5042.6   1.610000E-4
       5042.8   1.480000E-4
        5043.   1.310000E-4
       5043.2   1.310000E-4
       5043.4   1.720000E-4
       5043.6   1.280000E-4
       5043.8   1.550000E-4
        5044.   1.390000E-4
       5044.2   1.330000E-4
       5044.4   1.410000E-4
       5044.6   1.410000E-4
       5044.8   1.340000E-4
        5045.   1.350000E-4
       5045.2   1.140000E-4
       5045.4   1.220000E-4
       5045.6   8.800000E-5
       5045.8   1.290000E-4
        5046.   1.170000E-4
       5046.2   1.140000E-4
       5046.4   1.200000E-4
       5046.6   1.020000E-4
       5046.8   1.170000E-4
        5047.   9.600000E-5
       5047.2   8.900000E-5
       5047.4   1.050000E-4
       5047.6   1.050000E-4
       5047.8   1.180000E-4
        5048.   1.040000E-4
       5048.2   9.200000E-5
       5048.4   8.700000E-5
       5048.6   1.110000E-4
       5048.8   7.900000E-5
        5049.   7.700000E-5
       5049.2   9.500000E-5
       5049.4   8.200000E-5
       5049.6   8.400000E-5
       5049.8   7.100000E-5
        5050.   8.300000E-5
       5050.2   9.100000E-5
       5050.4   6.200000E-5
       5050.6   9.200000E-5
       5050.8   7.800000E-5
        5051.   6.200000E-5
       5051.2   8.600000E-5
       5051.4   7.300000E-5
       5051.6   7.300000E-5
       5051.8   7.800000E-5
        5052.   6.800000E-5
       5052.2   5.500000E-5
       5052.4   7.200000E-5
       5052.6   5.800000E-5
       5052.8   7.100000E-5
        5053.   6.400000E-5
       5053.2   6.200000E-5
       5053.4   5.500000E-5
       5053.6   4.500000E-5
       5053.8   5.600000E-5
        5054.   4.200000E-5
       5054.2   8.100000E-5
       5054.4   5.400000E-5
       5054.6   4.800000E-5
       5054.8   5.000000E-5
        5055.   4.700000E-5
       5055.2   5.300000E-5
       5055.4   4.700000E-5
       5055.6   5.400000E-5
       5055.8   3.600000E-5
        5056.   3.800000E-5
       5056.2   6.600000E-5
       5056.4   5.100000E-5
       5056.6   3.000000E-5
       5056.8   5.100000E-5
        5057.   4.200000E-5
       5057.2   3.700000E-5
       5057.4   4.700000E-5
       5057.6   4.800000E-5
       5057.8   4.200000E-5
        5110.   3.940500E-6
        5120.   2.978440E-6
        5130.   2.437660E-6
        5140.   2.086550E-6
        5150.   1.704770E-6
        5160.   1.391090E-6
        5170.   1.099030E-6
        5180.   8.571880E-7
        5190.   5.914740E-7
        5200.   4.383970E-7
        5210.   3.051080E-7
        5220.   2.584870E-7
        5230.   1.683620E-7
        5240.   1.542340E-7
        5250.   1.296910E-7
        5260.   1.651020E-7
        5270.   1.435280E-7
        5280.   1.107160E-7
        5290.   8.704740E-8
        5300.   1.219800E-7
        5310.   1.218220E-7
        5320.   1.148120E-7
        5330.   1.365680E-7
        5340.   1.043750E-7
        5350.   1.162490E-7
        5360.   1.253140E-7
        5370.   1.016550E-7
        5380.   1.223920E-7
        5390.   1.062890E-7
        5400.   1.260880E-7
        5410.   9.362610E-8
        5420.   5.761450E-8
        5430.   9.916860E-8
        5440.   1.005570E-7
        5450.   5.777520E-8
        5460.   8.470400E-8
        5470.   9.044300E-8
        5480.   1.084200E-7
        5490.   9.692440E-8
        5500.   9.494670E-8
        5510.   4.889110E-8
        5520.   1.228340E-7
        5530.   7.926470E-8
        5540.   1.104840E-7
        5550.   1.090480E-7
        5560.   7.415360E-8
        5570.   8.515270E-8
        5580.   8.251140E-8
        5590.   6.219860E-8
        5600.   6.892930E-8
        5610.   8.311530E-8
        5620.   9.616960E-8
        5630.   1.234750E-7
        5640.   1.051670E-7
        5650.   9.233830E-8
        5660.   1.444980E-7
        5670.   1.631560E-7
        5680.   1.858320E-7
        5690.   2.584050E-7
        5700.   2.708410E-7
        5710.   2.524460E-7
        5720.   2.451660E-7
        5730.   3.219560E-7
        5740.   2.830790E-7
        5750.   2.466470E-7
        5760.   1.556670E-7
        5770.   2.077910E-7
        5780.   1.554620E-7
        5790.   1.389640E-7
        5800.   2.195280E-7
        5810.   1.650210E-7
        5820.   1.713240E-7
        5830.   2.042720E-7
        5840.   1.453160E-7
        5850.   2.130090E-7
        5860.   1.613520E-7
        5870.   1.155470E-7
        5880.   1.152920E-7
        5890.   1.312670E-7
        5900.   1.589820E-7
        5910.   1.534940E-7
        5920.   1.500550E-7
        5930.   1.613330E-7
        5940.   1.208570E-7
        5950.   9.538030E-8
        5960.   1.258610E-7
        5970.   1.146800E-7
        5980.   1.023350E-7
        5990.   9.115570E-8
        6000.   1.237820E-7
        6010.   1.228550E-7
        6020.   5.570190E-8
        6030.   1.074990E-7
        6040.   1.138880E-7
        6050.   8.287780E-8
        6060.   1.074760E-7
        6070.   1.181350E-7
        6080.   1.037240E-7
        6090.   9.970750E-8
        6100.   1.513850E-7
        6110.   1.128320E-7
        6120.   1.125310E-7
        6130.   1.272060E-7
        6140.   9.308650E-8
        6150.   1.149930E-7
        6160.   8.216880E-8
        6170.   1.412820E-7
        6180.   7.947650E-8
        6190.   9.351970E-8
        6200.   1.057130E-7
        6210.   1.281850E-7
        6220.   9.569450E-8
        6230.   1.008830E-7
        6240.   1.421790E-7
        6250.   7.878690E-8
        6260.   7.531300E-8
        6270.   8.423270E-8
        6280.   1.172380E-7
        6290.   1.268930E-7
        6300.   9.321850E-8
        6310.   9.715450E-8
        6320.   1.322420E-7
        6330.   1.463250E-7
        6340.   1.327570E-7
        6350.   9.318110E-8
        6360.   1.340660E-7
        6370.   1.089690E-7
        6380.   1.435560E-7
        6390.   7.895600E-8
        6400.   1.148530E-7
        6410.   1.006200E-7
        6420.   8.219560E-8
        6430.   5.471900E-8
        6440.   1.459790E-7
        6450.   1.032050E-7
        6460.   1.286680E-7
        6470.   1.363020E-7
        6480.   7.123630E-8
        6490.   1.083410E-7
        6500.   1.172370E-7
        6510.   5.669050E-8
        6520.   1.207850E-7
        6530.   9.485370E-8
        6540.   9.350670E-8
        6550.   9.979270E-8
        6560.   1.106310E-7
        6570.   7.335810E-8
        6580.   9.291420E-8
        6590.   1.682140E-7
        6600.   9.521410E-8
        6610.   1.071720E-7
        6620.   1.054420E-7
        6630.   1.461120E-7
        6640.   1.157410E-7
        6650.   1.166460E-7
        6660.   8.524500E-8
        6670.   9.809330E-8
        6680.   9.003100E-8
        6690.   1.008950E-7
        6700.   1.121040E-7
        6710.   1.162140E-7
        6720.   8.326720E-8
        6730.   1.201900E-7
        6740.   1.078190E-7
        6750.   1.126000E-7
        6760.   7.496800E-8
        6770.   9.827440E-8
        6780.   1.103550E-7
        6790.   9.745860E-8
        6800.   9.043570E-8
        6810.   1.126930E-7
        6820.   1.220580E-7
        6830.   8.704920E-8
        6840.   1.438580E-7
        6850.   8.135810E-8
        6860.   1.164960E-7
        6870.   1.242520E-7
        6880.   1.292880E-7
        6890.   1.341560E-7
        6900.   1.355600E-7
        6910.   1.255880E-7
        6920.   1.227110E-7
        6930.   9.270650E-8
        6940.   1.282530E-7
        6950.   1.526990E-7
        6960.   1.253920E-7
        6970.   1.508210E-7
        6980.   1.168610E-7
        6990.   1.228380E-7
        7000.   1.527890E-7
        7010.   1.146010E-7
        7020.   1.142580E-7
        7030.   7.826970E-8
        7040.   1.158630E-7
        7050.   1.160530E-7
        7060.   1.355820E-7
        7070.   1.066940E-7
        7080.   1.117610E-7
        7090.   1.107740E-7
        7100.   1.144780E-7
        7110.   1.158890E-7
        7120.   1.472190E-7
        7130.   1.375680E-7
        7140.   1.115130E-7
        7150.   1.468060E-7
        7160.   1.100900E-7
        7170.   1.443130E-7
        7180.   1.347360E-7
        7190.   1.306070E-7
        7200.   1.096750E-7
        7210.   1.135910E-7
        7220.   1.507820E-7
        7230.   1.362490E-7
        7240.   1.077650E-7
        7250.   1.114100E-7
        7260.   1.408610E-7
        7270.   1.164370E-7
        7280.   1.225720E-7
        7290.   1.522130E-7
        7300.   1.154070E-7
        7310.   1.148920E-7
        7320.   1.155950E-7
        7330.   1.349380E-7
        7340.   7.856100E-8
        7350.   1.232280E-7
        7360.   1.428910E-7
        7370.   1.033400E-7
        7380.   1.075110E-7
        7390.   1.205190E-7
        7400.   1.312970E-7
        7410.   1.037530E-7
        7420.   1.129890E-7
        7430.   1.092370E-7
        7440.   1.298070E-7
        7450.   1.240180E-7
        7460.   1.168570E-7
        7470.   6.079370E-8
        7480.   1.181810E-7
        7490.   7.459640E-8
        7500.   5.862500E-8
        7510.   7.449500E-8
        7520.   1.182280E-7
        7530.   1.050420E-7
        7540.   8.253840E-8
        7550.   1.393590E-7
        7560.   9.122290E-8
        7570.   6.915890E-8
        7580.   1.167780E-7
        7590.   8.943590E-8
        7600.   8.118970E-8
        7610.   8.222030E-8
        7620.   4.145080E-8
        7630.   6.782910E-8
        7640.   5.201050E-8
        7650.   8.397440E-8
        7660.   1.076900E-7
        7670.   9.826210E-8
        7680.   4.584760E-8
        7690.   8.288520E-8
        7700.   8.193980E-8
        7710.   9.704940E-8
        7720.   6.136120E-8
        7730.   8.589090E-8
        7740.   6.836090E-8
        7750.   1.115270E-7
        7760.   1.149110E-7
        7770.   1.072490E-7
        7780.   7.368940E-8
        7790.   7.878800E-8
        7800.   1.353650E-7
        7810.   7.188380E-8
        7820.   1.048540E-7
        7830.   1.403400E-7
        7840.   9.882930E-8
        7850.   8.355740E-8
        7860.   7.495150E-8
        7870.   1.027930E-7
        7880.   8.152470E-8
        7890.   7.955880E-8
        7900.   9.749440E-8
        7910.   9.526750E-8
        7920.   8.998060E-8
        7930.   1.030840E-7
        7940.   1.024550E-7
        7950.   1.080520E-7
        7960.   9.040700E-8
        7970.   8.831290E-8
        7980.   1.571750E-7
        7990.   7.523140E-8
        8000.   1.404240E-7
        8010.   1.209510E-7
        8020.   1.070400E-7
        8030.   9.548260E-8
        8040.   1.329090E-7
        8050.   1.168120E-7
        8060.   9.523450E-8
        8070.   1.642900E-7
        8080.   1.674430E-7
        8090.   1.423400E-7
        8100.   1.675590E-7
        8110.   1.179050E-7
        8120.   1.038020E-7
        8130.   1.118350E-7
        8140.   1.366130E-7
        8150.   1.496430E-7
        8160.   1.265080E-7
        8170.   1.283350E-7
        8180.   1.385540E-7
        8190.   1.013410E-7
        8200.   1.215850E-7
        8210.   1.420460E-7
        8220.   7.512850E-8
        8230.   1.422530E-7
        8240.   1.427580E-7
        8250.   1.334410E-7
        8260.   6.524320E-8
        8270.   1.351500E-7
        8280.   9.911260E-8
        8290.   1.131000E-7
        8300.   1.225980E-7
        8310.   1.160660E-7
        8320.   1.213160E-7
        8330.   8.960420E-8
        8340.   1.470410E-7
        8350.   1.456230E-7
        8360.   9.642200E-8
        8370.   1.157180E-7
        8380.   8.995920E-8
        8390.   6.344410E-8
        8400.   1.623010E-7
        8410.   1.060410E-7
        8420.   1.344210E-7
        8430.   1.641600E-7
        8440.   1.157040E-7
        8450.   1.955270E-7
        8460.   1.261420E-7
        8470.   1.429840E-7
        8480.   1.529010E-7
        8490.   1.289460E-7
        8500.  1.000230E-10
        8510.  1.000230E-10
        8520.   2.481520E-6
        8530.   1.833180E-6
        8540.  1.000230E-10
        8550.  1.000230E-10
        8560.  1.000230E-10
        8570.  1.000230E-10
        8580.   8.246620E-8
        8590.  1.000230E-10
        8600.  1.000230E-10
        8610.  1.000230E-10
        8620.  1.000230E-10
        8630.  1.000230E-10
        8640.   1.000020E-6
        8650.  1.000230E-10
        8660.  1.000230E-10
        8670.  1.000230E-10
        8680.  1.000230E-10
        8690.  1.000230E-10
        8700.  1.000230E-10
        8710.  1.000230E-10
        8720.   3.661420E-6
        8730.  1.000230E-10
        8740.  1.000230E-10
        8750.  1.000230E-10
        8760.  1.000230E-10
        8770.  1.000230E-10
        8780.  1.000230E-10
        8790.   1.348380E-6
        8800.   9.416380E-7
        8810.   1.851720E-8
        8820.   3.204250E-7
        8830.   2.216910E-7
        8840.  1.000230E-10
        8850.  1.000230E-10
        8860.   5.442430E-7
        8870.  1.000230E-10
        8880.  1.000230E-10
        8890.  1.000230E-10
        8900.  1.000230E-10
        8910.   5.378120E-8
        8920.  1.000230E-10
        8930.   8.294890E-8
        8940.  1.000230E-10
        8950.  1.000230E-10
        8960.  1.000230E-10
        8970.   1.050100E-6
        8980.  1.000230E-10
        8990.  1.000230E-10
        9000.   2.000870E-7
        9010.  1.000230E-10
        9020.  1.000230E-10
        9030.   9.269600E-7
        9040.   9.865790E-8
        9050.   1.703540E-7
        9060.   4.694090E-7
        9070.  1.000230E-10
        9080.  1.000230E-10
        9090.  1.000230E-10
        9100.  1.000230E-10
        9110.  1.000230E-10
        9120.  1.000230E-10
        9130.  1.000230E-10
        9140.  1.000230E-10
        9150.  1.000230E-10
        9160.  1.000230E-10
        9170.  1.000230E-10
        9180.  1.000230E-10
        9190.   5.608870E-8
        9200.  1.000230E-10
        9210.   4.799370E-7
        9220.   2.312210E-7
        9230.  1.000230E-10
        9240.   8.478340E-8
        9250.  1.000230E-10
        9260.  1.000230E-10
        9270.  1.000230E-10
        9280.  1.000230E-10
        9290.  1.000230E-10
        9300.  1.000230E-10
        9310.   1.094560E-7
        9320.   1.877370E-7
        9330.  1.000230E-10
        9340.   1.198170E-8
        9350.   2.202670E-7
        9360.  1.000230E-10
        9370.   7.169660E-9
        9380.  1.000230E-10
        9390.  1.000230E-10
        9400.  1.000230E-10
        9410.  1.000230E-10
        9420.   1.127440E-8
        9430.  1.000230E-10
        9440.   1.754000E-7
        9450.  1.000230E-10
        9460.  1.000230E-10
        9470.   4.587310E-8
        9480.   6.704480E-8
        9490.  1.000230E-10
        9500.  1.000230E-10
        9510.  1.000230E-10
        9520.  1.000230E-10
        9530.  1.000230E-10
        9540.  1.000230E-10
        9550.  1.000230E-10
        9560.  1.000230E-10
        9570.  1.000230E-10
        9580.   1.542980E-7
        9590.  1.000230E-10
        9600.  1.000230E-10
        9610.  1.000230E-10
        9620.  1.000230E-10
        9630.  1.000230E-10
        9640.  1.000230E-10
        9650.  1.000230E-10
        9660.   2.734770E-7
        9670.  1.000230E-10
        9680.  1.000230E-10
        9690.  1.000230E-10
        9700.  1.000230E-10
        9710.  1.000230E-10
        9720.  1.000230E-10
        9730.   1.066510E-7
        9740.   2.070740E-7
        9750.  1.000230E-10
        9760.  1.000230E-10
        9770.  1.000230E-10
        9780.  1.000230E-10
        9790.  1.000230E-10
        9800.  1.000230E-10
        9810.  1.000230E-10
        9820.   5.246840E-7
        9830.  1.000230E-10
        9840.  1.000230E-10
        9850.  1.000230E-10
        9860.   1.856660E-7
        9870.  1.000230E-10
        9880.   1.380780E-8
        9890.  1.000230E-10
        9900.  1.000230E-10
        9910.  1.000230E-10
        9920.  1.000230E-10
        9930.  1.000230E-10
        9940.  1.000230E-10
        9950.  1.000230E-10
        9960.  1.000230E-10
        9970.   1.599540E-7
        9980.   1.881640E-7
        9990.  1.000230E-10
       10000.  1.000230E-10
       10010.  1.000230E-10
       10020.  1.000230E-10
       10030.   2.135550E-7
       10040.  1.000230E-10
       10050.  1.000230E-10
       10060.  1.000230E-10
       10070.  1.000230E-10
       10080.  1.000230E-10
       10090.  1.000230E-10
       10100.  1.000230E-10
       10110.  1.000230E-10
       10120.  1.000230E-10
       10130.  1.000230E-10
       10140.  1.000230E-10
       10150.  1.000230E-10
       10160.  1.000230E-10
       10170.   4.506050E-8
       10180.  1.000230E-10
       10190.  1.000230E-10
       10200.  1.000230E-10
       10210.  1.000230E-10
       10220.  1.000230E-10
       10230.  1.000230E-10
       10240.  1.000230E-10
       10250.  1.000230E-10
       10260.  1.000230E-10
       10270.  1.000230E-10
       10280.  1.000230E-10
       10290.  1.000230E-10
       10300.  1.000230E-10
       10310.   3.860030E-8
       10320.  1.000230E-10
       10330.  1.000230E-10
       10340.  1.000230E-10
       10350.  1.000230E-10
       10360.  1.000230E-10
       10370.  1.000230E-10
       10380.  1.000230E-10
       10390.   6.962010E-8
       10400.  1.000230E-10
       10410.  1.000230E-10
       10420.  1.000230E-10
       10430.  1.000230E-10
       10440.   2.557610E-8
       10450.  1.000230E-10
       10460.   1.538810E-7
       10470.  1.000230E-10
       10480.  1.000230E-10
       10490.  1.000230E-10
       10500.   4.190420E-8
       10510.  1.000230E-10
       10520.  1.000230E-10
       10530.  1.000230E-10
       10540.  1.000230E-10
       10550.   1.092600E-7
       10560.  1.000230E-10
       10570.  1.000230E-10
       10580.  1.000230E-10
       10590.  1.000230E-10
       10600.  1.000230E-10
       10610.  1.000230E-10
       10620.  1.000230E-10
       10630.  1.000230E-10
       10640.  1.000230E-10
       10650.  1.000230E-10
       10660.  1.000230E-10
       10670.  1.000230E-10
       10680.  1.000230E-10
       10690.  1.000230E-10
       10700.  1.000230E-10
       10710.  1.000230E-10
       10720.  1.000230E-10
       10730.  1.000230E-10
       10740.  1.000230E-10
       10750.  1.000230E-10
       10760.  1.000230E-10
       10770.  1.000230E-10
       10780.  1.000230E-10
       10790.  1.000230E-10
       10800.  1.000230E-10
       10810.  1.000230E-10
       10820.  1.000230E-10
       10830.   1.476760E-7
       10840.  1.000230E-10
       10850.  1.000230E-10
       10860.  1.000230E-10
       10870.  1.000230E-10
       10880.  1.000230E-10
       10890.  1.000230E-10
       10900.  1.000230E-10
       10910.  1.000230E-10
       10920.  1.000230E-10
       10930.  1.000230E-10
       10940.  1.000230E-10
       10950.  1.000230E-10
       10960.  1.000230E-10
       10970.  1.000230E-10
       10980.  1.000230E-10
       10990.  1.000230E-10
       11000.  1.000230E-10
       11001.            0.
       11002.            0.
