        1938.            0.
        1939.            0.
        1940.   2.881850E-6
        1950.   3.578470E-6
        1960.   2.792250E-6
        1970.   2.731550E-6
        1980.   2.885980E-6
        1990.   2.402350E-6
        2000.   2.830420E-6
        2010.   2.506550E-6
        2020.   2.414480E-6
        2030.   2.314110E-6
        2040.   2.212970E-6
        2050.   2.072290E-6
        2060.   1.910180E-6
        2070.   1.725150E-6
        2080.   1.682750E-6
        2090.   1.939420E-6
        2100.   1.687610E-6
        2110.   1.662510E-6
        2120.   1.451280E-6
        2130.   1.319880E-6
        2140.   1.427770E-6
        2150.   1.364250E-6
        2160.   1.335860E-6
        2170.   1.266380E-6
        2180.   1.260290E-6
        2190.   1.267560E-6
        2200.   9.283850E-7
        2210.   1.264080E-6
        2220.   1.219710E-6
        2230.   1.149300E-6
        2240.   1.369650E-6
        2250.   1.137230E-6
        2260.   1.015470E-6
        2270.   9.145160E-7
        2280.   1.018350E-6
        2290.   9.691930E-7
        2300.   9.971860E-7
        2310.   1.028900E-6
        2320.   1.101880E-6
        2330.   1.055780E-6
        2340.   1.105450E-6
        2350.   1.014670E-6
        2360.   1.181280E-6
        2370.   8.964030E-7
        2380.   9.548830E-7
        2390.   1.012290E-6
        2400.   1.035210E-6
        2410.   1.072820E-6
        2420.   1.009200E-6
        2430.   1.070420E-6
        2440.   1.092210E-6
        2450.   1.021190E-6
        2460.   1.123010E-6
        2470.   8.448710E-7
        2480.   1.127290E-6
        2490.   9.616980E-7
        2500.   1.017240E-6
        2510.   1.138240E-6
        2520.   8.673490E-7
        2530.   8.598670E-7
        2540.   1.081250E-6
        2550.   8.042590E-7
        2560.   9.909660E-7
        2570.   8.771200E-7
        2580.   9.514590E-7
        2590.   9.083680E-7
        2600.   8.322860E-7
        2610.   8.264010E-7
        2620.   9.993580E-7
        2630.   1.202860E-6
        2640.   1.098510E-6
        2650.   7.322840E-7
        2660.   9.971030E-7
        2670.   9.932830E-7
        2680.   8.218130E-7
        2690.   8.481170E-7
        2700.   1.112930E-6
        2710.   1.138880E-6
        2720.   8.736690E-7
        2730.   1.338650E-6
        2740.   8.964950E-7
        2750.   9.817260E-7
        2760.   9.073110E-7
        2770.   1.034210E-6
        2780.   1.142640E-6
        2790.   1.006940E-6
        2800.   9.916949E-7
        2810.   1.078790E-6
        2820.   9.016810E-7
        2830.   1.166690E-6
        2840.   1.036710E-6
        2850.   1.075730E-6
        2860.   1.126960E-6
        2870.   1.433270E-6
        2880.   1.627510E-6
        2890.   1.829360E-6
        2900.   1.911370E-6
        2910.   2.220610E-6
        2920.   2.031930E-6
        2930.   2.175640E-6
        2940.   2.136630E-6
        2950.   2.232960E-6
        2960.   2.474180E-6
        2970.   2.240060E-6
        2980.   2.233160E-6
        2990.   2.743730E-6
        3000.   2.966730E-6
        3010.   3.205400E-6
        3020.   3.399420E-6
        3030.   3.458500E-6
        3040.   3.777100E-6
        3050.   4.039240E-6
        3060.   4.643610E-6
        3070.   4.547260E-6
        3080.   5.601350E-6
        3090.   6.181040E-6
        3100.   6.675860E-6
        3110.   6.783440E-6
        3120.   6.569870E-6
        3130.   5.321160E-6
        3140.   4.885870E-6
        3150.   4.599380E-6
        3160.   4.566860E-6
        3170.   4.734250E-6
        3180.   4.867180E-6
        3190.   4.813810E-6
        3200.   4.263010E-6
        3210.   4.015840E-6
        3220.   3.752850E-6
        3230.   4.153230E-6
        3240.   4.102750E-6
        3250.   3.551450E-6
        3260.   3.466920E-6
        3270.   3.670660E-6
        3280.   3.499730E-6
        3290.   3.320720E-6
        3300.   3.559870E-6
        3310.   3.684160E-6
        3320.   3.506530E-6
        3330.   3.589580E-6
        3340.   3.675640E-6
        3350.   3.695630E-6
        3360.   3.591900E-6
        3370.   3.464700E-6
        3380.   3.278020E-6
        3390.   3.593280E-6
        3400.   3.760890E-6
        3410.   3.363100E-6
        3420.   3.074350E-6
        3430.   3.451200E-6
        3440.   3.640640E-6
        3450.   3.263350E-6
        3460.   3.462840E-6
        3470.   3.589580E-6
        3480.   3.797850E-6
        3490.   4.437140E-6
        3500.   4.379290E-6
        3510.   4.318410E-6
        3520.   4.856810E-6
        3530.   4.693320E-6
        3540.   4.935850E-6
        3550.   5.130500E-6
        3560.   5.786420E-6
        3570.   5.490290E-6
        3580.   6.406310E-6
        3590.   6.771850E-6
        3600.   8.051190E-6
        3610.   9.050650E-6
        3620.   9.554760E-6
        3630.   1.056990E-5
        3640.   1.151920E-5
        3650.   1.319690E-5
        3660.   1.617080E-5
        3670.   1.771720E-5
        3680.   2.281740E-5
        3690.   2.580370E-5
        3700.   2.963510E-5
        3710.   3.701080E-5
        3720.   4.487870E-5
        3730.   4.800000E-5
        3740.   9.700000E-5
        3750.   1.030000E-4
        3760.   1.270000E-4
        3770.   1.560000E-4
        3780.   2.270000E-4
        3790.   2.920000E-4
        3800.   3.570000E-4
        3810.   4.920000E-4
        3820.   6.860000E-4
        3830.   9.370000E-4
        3840.      0.001292
        3850.      0.001808
        3860.      0.002568
        3870.      0.003714
        3880.      0.005498
        3890.      0.008181
        3900.       0.01228
        3910.      0.018827
        3920.      0.029594
        3930.      0.047522
        3940.      0.075526
        3950.      0.120841
        3960.      0.191075
        3970.      0.289865
        3980.      0.409173
        3990.      0.525813
        4000.      0.617314
        4010.      0.673371
        4020.      0.700925
        4030.      0.713426
        4040.       0.71366
        4050.      0.710046
        4060.      0.706894
        4070.      0.710269
        4080.      0.719007
        4090.      0.727109
        4100.      0.733487
        4110.       0.73623
        4120.      0.740458
        4130.      0.746146
        4140.      0.752106
        4150.      0.757131
        4160.      0.759258
        4170.      0.763582
        4180.      0.766783
        4190.      0.770273
        4200.      0.769658
        4210.      0.765673
        4220.       0.76322
        4230.      0.764322
        4240.        0.7711
        4250.      0.778009
        4260.      0.782348
        4270.       0.78436
        4280.       0.78604
        4290.       0.79129
        4300.      0.798097
        4310.      0.805369
        4320.      0.808395
        4330.      0.808294
        4340.      0.807256
        4350.      0.808322
        4360.      0.811718
        4370.      0.814326
        4380.      0.813697
        4390.      0.809241
        4400.      0.802764
        4410.       0.80018
        4420.      0.800747
        4430.      0.806997
        4440.      0.816787
        4450.      0.825059
        4460.      0.832593
        4470.      0.835836
        4480.      0.836628
        4490.      0.837408
        4500.      0.838808
        4510.      0.841175
        4520.      0.839902
        4530.      0.833707
        4540.      0.822993
        4550.      0.812723
        4560.      0.805709
        4570.      0.798423
        4580.      0.782725
        4590.      0.754776
        4600.      0.724809
        4610.      0.710414
        4620.      0.725954
        4630.      0.757792
        4640.      0.735188
        4650.      0.595121
        4660.      0.372427
        4670.      0.184916
        4680.      0.080283
        4690.      0.034739
        4700.      0.015543
        4710.      0.007228
        4720.      0.003658
        4730.      0.001964
        4740.      0.001102
        4750.   6.110000E-4
        4760.   3.700000E-4
        4770.   2.120000E-4
        4780.   1.340000E-4
        4790.   8.300000E-5
        4800.   7.300000E-5
        4810.   3.800000E-5
        4820.   2.900000E-5
        4830.   2.500000E-5
        4930.   6.939370E-6
        4940.   6.104760E-6
        4950.   5.520070E-6
        4960.   5.164700E-6
        4970.   4.909780E-6
        4980.   5.021710E-6
        4990.   4.466780E-6
        5000.   4.716320E-6
        5010.   4.783670E-6
        5020.   4.858740E-6
        5030.   4.523400E-6
        5040.   3.914860E-6
        5050.   3.589040E-6
        5060.   2.937590E-6
        5070.   2.833610E-6
        5080.   2.734520E-6
        5090.   2.070710E-6
        5100.   2.411960E-6
        5110.   2.370830E-6
        5120.   2.107480E-6
        5130.   2.521220E-6
        5140.   2.609910E-6
        5150.   2.796770E-6
        5160.   3.142200E-6
        5170.   3.001120E-6
        5180.   2.952280E-6
        5190.   2.915940E-6
        5200.   2.411340E-6
        5210.   2.306050E-6
        5220.   1.795510E-6
        5230.   1.994240E-6
        5240.   1.496530E-6
        5250.   1.349210E-6
        5260.   1.103550E-6
        5270.   1.214740E-6
        5280.   9.239170E-7
        5290.   1.409760E-6
        5300.   1.344030E-6
        5310.   1.308970E-6
        5320.   1.456950E-6
        5330.   1.629310E-6
        5340.   1.488810E-6
        5350.   1.730200E-6
        5360.   1.602820E-6
        5370.   1.154340E-6
        5380.   9.575230E-7
        5390.   8.585670E-7
        5400.   1.016460E-6
        5410.   5.321190E-7
        5420.   7.026140E-7
        5430.   4.699020E-7
        5440.   3.105260E-7
        5450.   5.951560E-7
        5460.   2.099380E-7
        5470.   7.117560E-7
        5480.   7.916170E-7
        5490.   1.075610E-6
        5500.   7.834760E-7
        5510.   9.219900E-7
        5520.   1.121250E-6
        5530.   5.688690E-7
        5540.   5.161060E-7
        5550.   5.496590E-7
        5560.   5.135520E-7
        5570.   7.281230E-7
        5580.   4.006500E-7
        5590.   4.246180E-7
        5600.   3.027280E-7
        5610.   3.876880E-7
        5620.   5.883470E-7
        5630.   6.142160E-7
        5640.   6.028090E-7
        5650.   7.201300E-7
        5660.   1.055930E-6
        5670.   9.621150E-7
        5680.   1.345890E-6
        5690.   1.019070E-6
        5700.   7.508250E-7
        5710.   2.530390E-7
        5720.   1.054530E-8
        5730.   3.150020E-7
        5740.   3.179330E-7
        5750.   6.494390E-8
        5760.   7.269070E-7
        5770.   1.408200E-6
        5780.   1.539080E-6
        5790.   1.961780E-6
        5800.   1.663100E-6
        5810.   7.781390E-7
        5820.   2.897700E-7
        5830.  1.000230E-10
        5840.   2.026780E-7
        5850.   1.909910E-7
        5860.  1.000230E-10
        5870.  1.000230E-10
        5880.   9.580280E-8
        5890.   3.924570E-8
        5900.  1.000230E-10
        5910.  1.000230E-10
        5920.   1.157060E-7
        5930.   5.368650E-8
        5940.   4.986690E-8
        5950.   1.405950E-7
        5960.   8.206530E-8
        5970.   1.065820E-7
        5980.   2.420790E-7
        5990.   2.034860E-7
        6000.   4.450090E-7
        6010.   9.900540E-7
        6020.   1.189350E-6
        6030.   1.150240E-6
        6040.   6.417000E-7
        6050.   2.885370E-7
        6060.   3.717750E-8
        6070.   4.389600E-7
        6080.   1.711580E-7
        6090.   5.485190E-8
        6100.   6.741040E-8
        6110.   2.051140E-7
        6120.  1.000230E-10
        6130.   2.414150E-7
        6140.   2.721900E-8
        6150.   2.852420E-7
        6160.   1.255850E-7
        6170.   4.743160E-7
        6180.   2.940420E-7
        6190.   3.656740E-7
        6200.   4.856270E-7
        6210.   1.149470E-7
        6220.   2.653940E-7
        6230.  1.000230E-10
        6240.   1.142850E-7
        6250.   4.251490E-7
        6260.   5.971230E-8
        6270.   6.874640E-8
        6280.   3.025990E-7
        6290.   4.386430E-8
        6300.   3.156260E-7
        6310.   1.819260E-7
        6320.   1.351720E-7
        6330.   1.558150E-7
        6340.   2.762030E-7
        6350.   2.850420E-7
        6360.   3.843430E-7
        6370.   2.256550E-7
        6380.   2.675510E-7
        6390.   3.702990E-7
        6400.   3.205670E-7
        6410.   3.601110E-7
        6420.   1.415740E-7
        6430.   2.071490E-7
        6440.  1.000230E-10
        6450.   2.200710E-7
        6460.   5.391800E-8
        6470.   1.466740E-7
        6480.   2.788630E-7
        6490.  1.000230E-10
        6500.   3.382960E-7
        6510.   1.046010E-7
        6520.   2.049380E-7
        6530.   2.155960E-7
        6540.   1.796410E-7
        6550.   2.802130E-7
        6560.   3.896800E-8
        6570.   1.144560E-7
        6580.   3.072210E-7
        6590.  1.000230E-10
        6600.   3.531660E-7
        6610.   2.761230E-7
        6620.   1.932160E-7
        6630.   6.810400E-8
        6640.   1.047670E-7
        6650.  1.000230E-10
        6660.   2.455900E-7
        6670.  1.000230E-10
        6680.   1.669990E-9
        6690.   3.065950E-7
        6700.   6.384000E-8
        6710.   3.018320E-7
        6720.   1.993840E-7
        6730.   2.654730E-7
        6740.  1.000230E-10
        6750.   1.179820E-7
        6760.   3.378450E-7
        6770.  1.000230E-10
        6780.   1.343450E-7
        6790.   5.945850E-8
        6800.   3.343120E-8
        6810.   2.337080E-7
        6820.   1.516750E-7
        6830.   2.741210E-7
        6840.   3.473530E-7
        6850.   2.782580E-7
        6860.   5.078540E-8
        6870.   3.068870E-7
        6880.   4.002250E-8
        6890.   3.702110E-7
        6900.   2.616800E-7
        6910.   3.419260E-7
        6920.  1.000230E-10
        6930.   2.224730E-7
        6940.   1.093330E-7
        6950.   2.746590E-7
        6960.   1.853500E-7
        6970.   1.030470E-7
        6980.   2.374350E-7
        6990.  1.000230E-10
        7000.   1.309610E-7
        7010.   3.001210E-7
        7020.   6.972830E-8
        7030.   2.784830E-7
        7040.   6.082140E-8
        7050.   1.643740E-7
        7060.   2.504840E-7
        7070.   4.543710E-7
        7080.  1.000230E-10
        7090.   2.600010E-7
        7100.   1.471910E-7
        7110.   5.507440E-7
        7120.   3.412390E-7
        7130.   3.585170E-7
        7140.   5.613560E-7
        7150.   4.074290E-7
        7160.   2.667180E-7
        7170.   2.297430E-7
        7180.   6.269030E-7
        7190.  1.000230E-10
        7200.   4.851950E-7
        7210.   2.687320E-7
        7220.   3.953110E-7
        7230.   1.537420E-7
        7240.   3.086510E-7
        7250.   1.154780E-7
        7260.   2.175680E-7
        7270.   5.656520E-7
        7280.   3.557480E-7
        7290.   4.269480E-7
        7300.   2.700340E-7
        7310.   3.989120E-7
        7320.   1.184180E-7
        7330.   3.298560E-7
        7340.   4.523690E-7
        7350.   3.208700E-7
        7360.   2.892250E-7
        7370.   4.071120E-7
        7380.   6.774990E-7
        7390.  1.000230E-10
        7400.   3.347410E-7
        7410.   3.150040E-7
        7420.   2.805750E-7
        7430.   4.989790E-7
        7440.   1.851610E-7
        7450.   6.602920E-7
        7460.   1.826180E-7
        7470.   7.430310E-7
        7480.   5.866510E-7
        7490.   4.192680E-7
        7500.   3.943640E-7
        7510.   9.096620E-7
        7520.   2.462890E-7
        7530.   4.244140E-7
        7540.   6.561110E-7
        7550.   9.725610E-8
        7560.   4.983880E-7
        7570.   4.871780E-7
        7580.   3.220820E-7
        7590.   2.613950E-7
        7600.   1.696860E-7
        7610.   4.421260E-7
        7620.   5.013510E-7
        7630.   5.161090E-7
        7640.   3.624410E-7
        7650.   7.496630E-7
        7660.   4.744410E-7
        7670.   5.403910E-7
        7680.   2.849560E-7
        7690.   4.866840E-7
        7700.   1.905050E-7
        7710.   5.079950E-7
        7720.   4.197240E-7
        7730.   3.916000E-7
        7740.   2.080900E-7
        7750.   5.983840E-7
        7760.   6.740480E-7
        7770.   3.810650E-7
        7780.   1.869460E-7
        7790.   4.764350E-7
        7800.   2.658620E-7
        7810.   5.654440E-7
        7820.   5.195100E-7
        7830.   4.305070E-7
        7840.   5.486570E-7
        7850.   6.025100E-7
        7860.   5.209550E-7
        7870.   2.739850E-8
        7880.   5.344650E-7
        7890.   4.117000E-7
        7900.   3.208770E-7
        7910.   4.074770E-7
        7920.   4.932580E-7
        7930.   2.036270E-7
        7940.   4.136340E-7
        7950.   3.692830E-7
        7960.   6.111570E-7
        7970.   2.548480E-7
        7980.   6.108380E-7
        7990.   1.053950E-8
        8000.   3.586560E-7
        8010.   2.358690E-7
        8020.   3.996840E-7
        8030.   2.000430E-7
        8040.   4.245010E-7
        8050.   5.127920E-7
        8060.   3.596430E-7
        8070.   4.095000E-7
        8080.   1.213380E-7
        8090.   1.682770E-7
        8100.   3.574690E-7
        8110.   2.148460E-7
        8120.   2.368960E-7
        8130.   2.962250E-7
        8140.   2.943040E-7
        8150.  1.000230E-10
        8160.   9.712320E-8
        8170.   1.972570E-7
        8180.   1.683390E-7
        8190.   6.249710E-8
        8200.   7.026270E-8
        8210.  1.000230E-10
        8220.   7.198470E-8
        8230.  1.000230E-10
        8240.   4.013250E-7
        8250.   3.465780E-7
        8260.   4.036210E-7
        8270.   9.391480E-8
        8280.   7.866800E-7
        8290.   5.916370E-7
        8300.   4.990280E-8
        8310.   5.218950E-7
        8320.   1.360170E-7
        8330.   1.577970E-7
        8340.   3.561340E-7
        8350.   1.553260E-8
        8360.   1.462440E-7
        8370.   4.720130E-7
        8380.   3.980280E-7
        8390.   2.666550E-7
        8400.   5.676320E-7
        8410.   4.302620E-8
        8420.  1.000230E-10
        8430.   1.217100E-7
        8440.   4.488910E-7
        8450.   3.523270E-7
        8460.   4.054660E-7
        8470.   2.875860E-7
        8480.   2.244630E-7
        8490.   5.564740E-7
        8500.  1.000230E-10
        8510.  1.000230E-10
        8520.   2.071830E-5
        8530.  1.000230E-10
        8540.  1.000230E-10
        8550.  1.000230E-10
        8560.  1.000230E-10
        8570.  1.000230E-10
        8580.  1.000230E-10
        8590.  1.000230E-10
        8600.  1.000230E-10
        8610.  1.000230E-10
        8620.   1.401470E-5
        8630.  1.000230E-10
        8640.   1.998150E-6
        8650.  1.000230E-10
        8660.  1.000230E-10
        8670.  1.000230E-10
        8680.   5.089300E-6
        8690.  1.000230E-10
        8700.  1.000230E-10
        8710.  1.000230E-10
        8720.  1.000230E-10
        8730.  1.000230E-10
        8740.  1.000230E-10
        8750.  1.000230E-10
        8760.   2.350510E-5
        8770.  1.000230E-10
        8780.  1.000230E-10
        8790.  1.000230E-10
        8800.   8.267460E-6
        8810.  1.000230E-10
        8820.  1.000230E-10
        8830.  1.000230E-10
        8840.  1.000230E-10
        8850.   4.745830E-6
        8860.  1.000230E-10
        8870.  1.000230E-10
        8880.  1.000230E-10
        8890.   7.911490E-6
        8900.  1.000230E-10
        8910.   5.166190E-6
        8920.  1.000230E-10
        8930.   5.202710E-6
        8940.  1.000230E-10
        8950.  1.000230E-10
        8960.  1.000230E-10
        8970.  1.000230E-10
        8980.  1.000230E-10
        8990.   4.854860E-6
        9000.  1.000230E-10
        9010.  1.000230E-10
        9020.   3.898240E-6
        9030.  1.000230E-10
        9040.   1.803910E-6
        9050.  1.000230E-10
        9060.  1.000230E-10
        9070.  1.000230E-10
        9080.   2.179760E-6
        9090.  1.000230E-10
        9100.  1.000230E-10
        9110.   1.408890E-6
        9120.  1.000230E-10
        9130.  1.000230E-10
        9140.  1.000230E-10
        9150.  1.000230E-10
        9160.  1.000230E-10
        9170.  1.000230E-10
        9180.  1.000230E-10
        9190.  1.000230E-10
        9200.  1.000230E-10
        9210.  1.000230E-10
        9220.  1.000230E-10
        9230.  1.000230E-10
        9240.  1.000230E-10
        9250.   3.284480E-6
        9260.   1.289390E-6
        9270.  1.000230E-10
        9280.   8.459270E-8
        9290.  1.000230E-10
        9300.  1.000230E-10
        9310.  1.000230E-10
        9320.  1.000230E-10
        9330.  1.000230E-10
        9340.  1.000230E-10
        9350.  1.000230E-10
        9360.  1.000230E-10
        9370.   4.175220E-6
        9380.  1.000230E-10
        9390.  1.000230E-10
        9400.  1.000230E-10
        9410.  1.000230E-10
        9420.  1.000230E-10
        9430.  1.000230E-10
        9440.  1.000230E-10
        9450.   1.209810E-6
        9460.   1.020670E-6
        9470.  1.000230E-10
        9480.  1.000230E-10
        9490.  1.000230E-10
        9500.  1.000230E-10
        9510.  1.000230E-10
        9520.  1.000230E-10
        9530.  1.000230E-10
        9540.  1.000230E-10
        9550.  1.000230E-10
        9560.  1.000230E-10
        9570.   7.000950E-7
        9580.  1.000230E-10
        9590.   4.916330E-6
        9600.  1.000230E-10
        9610.  1.000230E-10
        9620.  1.000230E-10
        9630.  1.000230E-10
        9640.   3.945220E-6
        9650.  1.000230E-10
        9660.  1.000230E-10
        9670.  1.000230E-10
        9680.  1.000230E-10
        9690.  1.000230E-10
        9700.  1.000230E-10
        9710.  1.000230E-10
        9720.  1.000230E-10
        9730.  1.000230E-10
        9740.   3.272000E-7
        9750.  1.000230E-10
        9760.  1.000230E-10
        9770.  1.000230E-10
        9780.  1.000230E-10
        9790.  1.000230E-10
        9800.  1.000230E-10
        9810.  1.000230E-10
        9820.  1.000230E-10
        9830.  1.000230E-10
        9840.  1.000230E-10
        9850.  1.000230E-10
        9860.  1.000230E-10
        9870.  1.000230E-10
        9880.  1.000230E-10
        9890.  1.000230E-10
        9900.   2.951940E-6
        9910.  1.000230E-10
        9920.   1.200340E-7
        9930.  1.000230E-10
        9940.  1.000230E-10
        9950.  1.000230E-10
        9960.  1.000230E-10
        9970.  1.000230E-10
        9980.  1.000230E-10
        9990.  1.000230E-10
       10000.  1.000230E-10
       10010.  1.000230E-10
       10020.  1.000230E-10
       10030.  1.000230E-10
       10040.   1.611320E-6
       10050.  1.000230E-10
       10060.  1.000230E-10
       10070.  1.000230E-10
       10080.  1.000230E-10
       10090.  1.000230E-10
       10100.  1.000230E-10
       10110.  1.000230E-10
       10120.  1.000230E-10
       10130.  1.000230E-10
       10140.  1.000230E-10
       10150.  1.000230E-10
       10160.  1.000230E-10
       10170.  1.000230E-10
       10180.  1.000230E-10
       10190.  1.000230E-10
       10200.  1.000230E-10
       10210.  1.000230E-10
       10220.  1.000230E-10
       10230.  1.000230E-10
       10240.  1.000230E-10
       10250.  1.000230E-10
       10260.  1.000230E-10
       10270.  1.000230E-10
       10280.  1.000230E-10
       10290.  1.000230E-10
       10300.  1.000230E-10
       10310.  1.000230E-10
       10320.  1.000230E-10
       10330.   4.973650E-7
       10340.  1.000230E-10
       10350.  1.000230E-10
       10360.  1.000230E-10
       10370.  1.000230E-10
       10380.  1.000230E-10
       10390.  1.000230E-10
       10400.  1.000230E-10
       10410.  1.000230E-10
       10420.   2.809280E-6
       10430.  1.000230E-10
       10440.  1.000230E-10
       10450.  1.000230E-10
       10460.  1.000230E-10
       10470.  1.000230E-10
       10480.  1.000230E-10
       10490.  1.000230E-10
       10500.  1.000230E-10
       10510.  1.000230E-10
       10520.  1.000230E-10
       10530.  1.000230E-10
       10540.  1.000230E-10
       10550.  1.000230E-10
       10560.  1.000230E-10
       10570.  1.000230E-10
       10580.  1.000230E-10
       10590.   6.937240E-7
       10600.  1.000230E-10
       10610.  1.000230E-10
       10620.  1.000230E-10
       10630.  1.000230E-10
       10640.  1.000230E-10
       10650.  1.000230E-10
       10660.  1.000230E-10
       10670.  1.000230E-10
       10680.  1.000230E-10
       10690.  1.000230E-10
       10700.  1.000230E-10
       10710.  1.000230E-10
       10720.  1.000230E-10
       10730.  1.000230E-10
       10740.   2.526310E-7
       10750.  1.000230E-10
       10760.  1.000230E-10
       10770.  1.000230E-10
       10780.  1.000230E-10
       10790.  1.000230E-10
       10800.  1.000230E-10
       10810.  1.000230E-10
       10820.  1.000230E-10
       10830.  1.000230E-10
       10840.  1.000230E-10
       10850.  1.000230E-10
       10860.  1.000230E-10
       10870.  1.000230E-10
       10880.  1.000230E-10
       10890.  1.000230E-10
       10900.  1.000230E-10
       10910.  1.000230E-10
       10920.  1.000230E-10
       10930.  1.000230E-10
       10940.  1.000230E-10
       10950.  1.000230E-10
       10960.  1.000230E-10
       10970.  1.000230E-10
       10980.  1.000230E-10
       10990.  1.000230E-10
       11000.  1.000230E-10
       11001.            0.
       11002.            0.
