        1938.            0.
        1939.            0.
        1940.  1.000230E-10
        1950.  1.000230E-10
        1960.  1.000230E-10
        1970.  1.000230E-10
        1980.   2.740900E-8
        1990.   1.790390E-8
        2000.  1.000230E-10
        2010.  1.000230E-10
        2020.  1.000230E-10
        2030.  1.000230E-10
        2040.   1.336880E-8
        2050.  1.000230E-10
        2060.  1.000230E-10
        2070.  1.000230E-10
        2080.   8.058030E-9
        2090.  1.000230E-10
        2100.  1.000230E-10
        2110.   8.073550E-9
        2120.  1.000230E-10
        2130.   3.733960E-9
        2140.   2.080580E-8
        2150.   5.148670E-9
        2160.  1.000230E-10
        2170.  1.000230E-10
        2180.  1.000230E-10
        2190.  1.000230E-10
        2200.   3.634940E-9
        2210.  1.000230E-10
        2220.  1.000230E-10
        2230.   7.828360E-9
        2240.  1.000230E-10
        2250.  1.000230E-10
        2260.   9.266690E-9
        2270.   7.610840E-9
        2280.  1.000230E-10
        2290.  1.000230E-10
        2300.  1.000230E-10
        2310.  1.818660E-10
        2320.  1.000230E-10
        2330.   2.792500E-8
        2340.  1.000230E-10
        2350.  1.000230E-10
        2360.   1.682410E-8
        2370.   1.511680E-8
        2380.   2.568380E-8
        2390.   1.754200E-9
        2400.   1.748840E-8
        2410.  1.000230E-10
        2420.   3.011010E-8
        2430.   4.752780E-9
        2440.  1.000230E-10
        2450.   9.796000E-9
        2460.  1.000230E-10
        2470.  1.000230E-10
        2480.   6.668950E-9
        2490.  1.000230E-10
        2500.  1.000230E-10
        2510.   1.812640E-8
        2520.  1.000230E-10
        2530.  1.000230E-10
        2540.   1.071330E-8
        2550.  1.000230E-10
        2560.  1.000230E-10
        2570.  1.000230E-10
        2580.  1.000230E-10
        2590.  1.000230E-10
        2600.   1.419250E-8
        2610.  4.155970E-10
        2620.  1.000230E-10
        2630.  1.000230E-10
        2640.  1.000230E-10
        2650.  1.000230E-10
        2660.   2.252360E-8
        2670.   2.744230E-9
        2680.  1.000230E-10
        2690.  1.000230E-10
        2700.   6.549700E-9
        2710.  1.000230E-10
        2720.  1.000230E-10
        2730.  1.000230E-10
        2740.   8.100510E-9
        2750.  1.000230E-10
        2760.   2.690400E-8
        2770.  1.000230E-10
        2780.   1.547500E-8
        2790.  1.000230E-10
        2800.   1.435120E-8
        2810.  1.000230E-10
        2820.   1.311400E-8
        2830.  1.000230E-10
        2840.   3.301070E-8
        2850.   4.995300E-9
        2860.   1.368670E-8
        2870.   2.026790E-9
        2880.  1.000230E-10
        2890.  1.000230E-10
        2900.   1.756130E-8
        2910.   4.321180E-8
        2920.   4.825390E-8
        2930.   2.002780E-8
        2940.   5.577560E-8
        2950.   7.738730E-8
        2960.   1.613840E-7
        2970.   1.947060E-7
        2980.   3.173760E-7
        2990.   3.630490E-7
        3000.   3.873980E-7
        3010.   4.512170E-7
        3020.   4.540860E-7
        3030.   4.986580E-7
        3040.   4.831140E-7
        3050.   5.257710E-7
        3060.   4.560890E-7
        3070.   5.554550E-7
        3080.   6.191160E-7
        3090.   7.011810E-7
        3100.   9.103590E-7
        3110.   1.071140E-6
        3120.   1.137790E-6
        3130.   1.159930E-6
        3140.   1.155880E-6
        3150.   1.187830E-6
        3160.   1.149890E-6
        3170.   1.112300E-6
        3180.   1.120430E-6
        3190.   1.132680E-6
        3200.   1.129760E-6
        3210.   1.129340E-6
        3220.   1.057150E-6
        3230.   1.027240E-6
        3240.   9.993100E-7
        3250.   1.003530E-6
        3260.   1.016100E-6
        3270.   1.118310E-6
        3280.   1.253110E-6
        3290.   1.423350E-6
        3300.   1.524920E-6
        3310.   1.660120E-6
        3320.   1.618490E-6
        3330.   1.603530E-6
        3340.   1.522500E-6
        3350.   1.508580E-6
        3360.   1.440010E-6
        3370.   1.425490E-6
        3380.   1.369010E-6
        3390.   1.388450E-6
        3400.   1.438880E-6
        3410.   1.487650E-6
        3420.   1.542300E-6
        3430.   1.782310E-6
        3440.   1.777080E-6
        3450.   1.903050E-6
        3460.   1.905930E-6
        3470.   1.769270E-6
        3480.   1.670190E-6
        3490.   1.706630E-6
        3500.   1.557420E-6
        3510.   1.690840E-6
        3520.   1.567750E-6
        3530.   1.761130E-6
        3540.   1.869560E-6
        3550.   1.877790E-6
        3560.   2.117840E-6
        3570.   2.145730E-6
        3580.   2.227970E-6
        3590.   2.304530E-6
        3600.   2.192130E-6
        3610.   2.265120E-6
        3620.   2.174550E-6
        3630.   2.226710E-6
        3640.   2.060800E-6
        3650.   2.182280E-6
        3660.   1.984400E-6
        3670.   1.872430E-6
        3680.   1.882910E-6
        3690.   2.008100E-6
        3700.   2.098710E-6
        3710.   2.177290E-6
        3720.   2.318980E-6
        3730.   2.405300E-6
        3740.   2.490320E-6
        3750.   2.504550E-6
        3760.   2.386540E-6
        3770.   2.457720E-6
        3780.   2.440510E-6
        3790.   2.517910E-6
        3800.   2.590570E-6
        3810.   2.598550E-6
        3820.   2.594660E-6
        3830.   2.639690E-6
        3840.   2.647340E-6
        3850.   2.510410E-6
        3860.   2.500560E-6
        3870.   2.579120E-6
        3880.   2.595350E-6
        3890.   2.701790E-6
        3900.   2.782950E-6
        3910.   2.536420E-6
        3920.   2.794010E-6
        3930.   2.801950E-6
        3940.   2.671990E-6
        3950.   2.608870E-6
        3960.   2.630840E-6
        3970.   2.768320E-6
        3980.   2.798340E-6
        3990.   2.704680E-6
        4000.   2.982090E-6
        4010.   2.895400E-6
        4020.   2.884000E-6
        4030.   2.899280E-6
        4040.   2.845680E-6
        4050.   2.936350E-6
        4060.   2.939650E-6
        4070.   2.950980E-6
        4080.   2.944630E-6
        4090.   2.926570E-6
        4100.   3.002550E-6
        4110.   2.996150E-6
        4120.   3.039310E-6
        4130.   2.986230E-6
        4140.   2.936430E-6
        4150.   2.941290E-6
        4160.   2.824570E-6
        4170.   2.798180E-6
        4180.   2.800840E-6
        4190.   2.876930E-6
        4200.   2.895270E-6
        4210.   3.006410E-6
        4220.   2.981160E-6
        4230.   2.927010E-6
        4240.   2.856070E-6
        4250.   2.766380E-6
        4260.   2.675150E-6
        4270.   2.634470E-6
        4280.   2.739160E-6
        4290.   2.795070E-6
        4300.   2.935510E-6
        4310.   3.064510E-6
        4320.   3.158880E-6
        4330.   3.230900E-6
        4340.   3.296930E-6
        4350.   3.359440E-6
        4360.   3.316740E-6
        4370.   3.433610E-6
        4380.   3.304410E-6
        4390.   3.269020E-6
        4400.   3.138070E-6
        4410.   3.058830E-6
        4420.   2.949590E-6
        4430.   2.770660E-6
        4440.   2.645870E-6
        4450.   2.577530E-6
        4460.   2.411670E-6
        4470.   2.370830E-6
        4480.   2.364820E-6
        4490.   2.341040E-6
        4500.   2.445500E-6
        4510.   2.634570E-6
        4520.   2.729680E-6
        4530.   2.919960E-6
        4540.   3.001010E-6
        4550.   2.996950E-6
        4560.   3.024700E-6
        4570.   3.007500E-6
        4580.   2.813570E-6
        4590.   2.746250E-6
        4600.   2.677150E-6
        4610.   2.527180E-6
        4620.   2.475730E-6
        4630.   2.379620E-6
        4640.   2.272460E-6
        4650.   2.251200E-6
        4660.   2.250810E-6
        4670.   2.381130E-6
        4680.   2.548160E-6
        4690.   2.860510E-6
        4700.   3.089900E-6
        4710.   3.294170E-6
        4720.   3.391070E-6
        4730.   3.495500E-6
        4740.   3.388090E-6
        4750.   3.279410E-6
        4760.   3.211210E-6
        4770.   3.205750E-6
        4780.   3.296420E-6
        4790.   3.433330E-6
        4800.   3.530200E-6
        4810.   3.612100E-6
        4820.   3.567150E-6
        4830.   3.347460E-6
        4840.   3.235420E-6
        4850.   3.066410E-6
        4860.   2.959710E-6
        4870.   2.911250E-6
        4880.   3.010760E-6
        4890.   3.196770E-6
        4900.   3.423430E-6
        4910.   3.578390E-6
        4920.   3.614420E-6
        4930.   3.610510E-6
        4940.   3.510810E-6
        4950.   3.228840E-6
        4960.   2.992880E-6
        4970.   2.815430E-6
        4980.   2.666880E-6
        4990.   2.588800E-6
        5000.   2.546400E-6
        5010.   2.592150E-6
        5020.   2.543570E-6
        5030.   2.642710E-6
        5040.   2.675480E-6
        5050.   2.750020E-6
        5060.   2.848920E-6
        5070.   2.825040E-6
        5080.   2.942800E-6
        5090.   3.033390E-6
        5100.   3.167200E-6
        5110.   3.183390E-6
        5120.   3.341600E-6
        5130.   3.375720E-6
        5140.   3.420830E-6
        5150.   3.513640E-6
        5160.   3.597240E-6
        5170.   3.635620E-6
        5180.   3.662230E-6
        5190.   3.684800E-6
        5200.   3.692250E-6
        5210.   3.505760E-6
        5220.   3.299820E-6
        5230.   2.982700E-6
        5240.   2.663260E-6
        5250.   2.324490E-6
        5260.   1.989590E-6
        5270.   1.770850E-6
        5280.   1.640760E-6
        5290.   1.578510E-6
        5300.   1.588860E-6
        5310.   1.685680E-6
        5320.   1.825250E-6
        5330.   2.110180E-6
        5340.   2.479470E-6
        5350.   2.980550E-6
        5360.   3.516470E-6
        5370.   3.967960E-6
        5380.   4.314960E-6
        5390.   4.467170E-6
        5400.   4.496790E-6
        5410.   4.508030E-6
        5420.   4.329030E-6
        5430.   4.206120E-6
        5440.   4.154660E-6
        5450.   4.071750E-6
        5460.   4.124200E-6
        5470.   4.127010E-6
        5480.   4.048380E-6
        5490.   3.939450E-6
        5500.   3.722560E-6
        5510.   3.506360E-6
        5520.   3.272920E-6
        5530.   3.022040E-6
        5540.   2.900090E-6
        5550.   2.816120E-6
        5560.   2.736380E-6
        5570.   2.752760E-6
        5580.   2.702670E-6
        5590.   2.617820E-6
        5600.   2.507600E-6
        5610.   2.366750E-6
        5620.   2.180850E-6
        5630.   1.923580E-6
        5640.   1.696310E-6
        5650.   1.496810E-6
        5660.   1.308020E-6
        5670.   1.248760E-6
        5680.   1.217140E-6
        5690.   1.214310E-6
        5700.   1.250230E-6
        5710.   1.328430E-6
        5720.   1.418860E-6
        5730.   1.558460E-6
        5740.   1.848110E-6
        5750.   2.035200E-6
        5760.   2.223940E-6
        5770.   2.431650E-6
        5780.   2.629200E-6
        5790.   2.672930E-6
        5800.   2.828510E-6
        5810.   2.762750E-6
        5820.   2.802560E-6
        5830.   2.740700E-6
        5840.   2.864300E-6
        5850.   2.823730E-6
        5860.   2.896080E-6
        5870.   2.904900E-6
        5880.   2.972350E-6
        5890.   3.041130E-6
        5900.   3.043410E-6
        5910.   2.938670E-6
        5920.   3.013970E-6
        5930.   2.908750E-6
        5940.   2.870960E-6
        5950.   2.689460E-6
        5960.   2.404420E-6
        5970.   2.216090E-6
        5980.   1.761000E-6
        5990.   1.464880E-6
        6000.   1.178860E-6
        6010.   8.185990E-7
        6020.   6.060410E-7
        6030.   4.830590E-7
        6040.   3.005480E-7
        6050.   2.676100E-7
        6060.   2.042350E-7
        6070.   1.954890E-7
        6080.   1.156720E-7
        6090.   1.655360E-7
        6100.   8.141410E-8
        6110.   6.379120E-8
        6120.   1.031290E-7
        6130.   7.608360E-8
        6140.   1.649060E-7
        6150.   1.793170E-7
        6160.   2.181320E-7
        6170.   4.848290E-7
        6180.   7.823800E-7
        6190.   1.073690E-6
        6200.   1.238300E-6
        6210.   1.215580E-6
        6220.   1.079080E-6
        6230.   7.953110E-7
        6240.   5.175530E-7
        6250.   3.371440E-7
        6260.   2.666260E-7
        6270.   3.375090E-7
        6280.   4.512600E-7
        6290.   5.425890E-7
        6300.   5.236050E-7
        6310.   4.393580E-7
        6320.   2.955640E-7
        6330.   1.875280E-7
        6340.   7.896960E-8
        6350.   6.602250E-9
        6360.  1.000230E-10
        6370.  1.000230E-10
        6380.   1.768510E-8
        6390.  1.000230E-10
        6400.  1.000230E-10
        6410.   5.230590E-9
        6420.  1.000230E-10
        6430.  1.000230E-10
        6440.  1.000230E-10
        6450.  1.000230E-10
        6460.   1.407500E-8
        6470.  1.000230E-10
        6480.  1.000230E-10
        6490.   5.630700E-9
        6500.   1.338650E-8
        6510.  1.000230E-10
        6520.   7.320960E-9
        6530.  1.000230E-10
        6540.  1.000230E-10
        6550.   1.101040E-8
        6560.  1.000230E-10
        6570.  1.000230E-10
        6580.  1.000230E-10
        6590.   2.987000E-8
        6600.  1.000230E-10
        6610.  1.000230E-10
        6620.  4.022280E-10
        6630.  1.000230E-10
        6640.  1.000230E-10
        6650.  1.000230E-10
        6660.   5.230000E-9
        6670.   1.475910E-8
        6680.  1.000230E-10
        6690.   3.159430E-8
        6700.   3.395530E-8
        6710.   5.250190E-8
        6720.   6.574060E-8
        6730.   7.506970E-8
        6740.   5.911300E-8
        6750.   2.045080E-7
        6760.   1.482590E-7
        6770.   2.590990E-7
        6780.   2.635340E-7
        6790.   3.203590E-7
        6800.   3.065460E-7
        6810.   3.410870E-7
        6820.   3.614620E-7
        6830.   3.486790E-7
        6840.   3.702700E-7
        6850.   3.941090E-7
        6860.   2.951870E-7
        6870.   3.182680E-7
        6880.   3.604470E-7
        6890.   4.068870E-7
        6900.   4.079970E-7
        6910.   4.610050E-7
        6920.   5.067010E-7
        6930.   5.211080E-7
        6940.   6.236200E-7
        6950.   7.091970E-7
        6960.   7.909450E-7
        6970.   8.294370E-7
        6980.   9.806300E-7
        6990.   1.153460E-6
        7000.   1.338350E-6
        7010.   1.549570E-6
        7020.   1.854380E-6
        7030.   2.289080E-6
        7040.   2.879530E-6
        7050.   3.590030E-6
        7060.   4.569690E-6
        7070.   6.083840E-6
        7080.   7.946870E-6
        7090.   1.099100E-5
        7100.   1.549390E-5
        7110.   2.257720E-5
        7120.   3.354440E-5
        7130.   5.301240E-5
       7150.8   9.100000E-5
        7151.   8.100000E-5
       7151.2   1.120000E-4
       7151.4   1.010000E-4
       7151.6   9.200000E-5
       7151.8   1.150000E-4
        7152.   1.190000E-4
       7152.2   9.600000E-5
       7152.4   9.600000E-5
       7152.6   1.070000E-4
       7152.8   1.030000E-4
        7153.   9.700000E-5
       7153.2   1.000000E-4
       7153.4   8.300000E-5
       7153.6   9.300000E-5
       7153.8   8.500000E-5
        7154.   1.030000E-4
       7154.2   9.900000E-5
       7154.4   1.070000E-4
       7154.6   1.000000E-4
       7154.8   1.070000E-4
        7155.   1.370000E-4
       7155.2   1.170000E-4
       7155.4   1.290000E-4
       7155.6   1.350000E-4
       7155.8   9.500000E-5
        7156.   1.090000E-4
       7156.2   1.340000E-4
       7156.4   1.160000E-4
       7156.6   1.280000E-4
       7156.8   1.000000E-4
        7157.   1.170000E-4
       7157.2   1.160000E-4
       7157.4   1.170000E-4
       7157.6   1.330000E-4
       7157.8   1.240000E-4
        7158.   1.230000E-4
       7158.2   1.390000E-4
       7158.4   1.460000E-4
       7158.6   1.250000E-4
       7158.8   1.220000E-4
        7159.   1.270000E-4
       7159.2   1.230000E-4
       7159.4   1.280000E-4
       7159.6   1.320000E-4
       7159.8   1.490000E-4
        7160.   1.290000E-4
       7160.2   1.440000E-4
       7160.4   1.510000E-4
       7160.6   1.380000E-4
       7160.8   1.510000E-4
        7161.   1.450000E-4
       7161.2   1.280000E-4
       7161.4   1.310000E-4
       7161.6   1.450000E-4
       7161.8   1.410000E-4
        7162.   1.490000E-4
       7162.2   1.760000E-4
       7162.4   1.420000E-4
       7162.6   1.590000E-4
       7162.8   1.380000E-4
        7163.   1.480000E-4
       7163.2   1.490000E-4
       7163.4   1.470000E-4
       7163.6   1.540000E-4
       7163.8   1.450000E-4
        7164.   1.550000E-4
       7164.2   1.700000E-4
       7164.4   1.570000E-4
       7164.6   1.820000E-4
       7164.8   1.620000E-4
        7165.   1.730000E-4
       7165.2   1.640000E-4
       7165.4   1.810000E-4
       7165.6   1.730000E-4
       7165.8   1.820000E-4
        7166.   1.700000E-4
       7166.2   1.690000E-4
       7166.4   1.780000E-4
       7166.6   1.560000E-4
       7166.8   1.970000E-4
        7167.   1.720000E-4
       7167.2   1.950000E-4
       7167.4   1.850000E-4
       7167.6   2.060000E-4
       7167.8   1.930000E-4
        7168.   2.090000E-4
       7168.2   1.960000E-4
       7168.4   2.090000E-4
       7168.6   2.040000E-4
       7168.8   2.130000E-4
        7169.   1.910000E-4
       7169.2   2.040000E-4
       7169.4   2.100000E-4
       7169.6   1.980000E-4
       7169.8   2.130000E-4
        7170.   2.300000E-4
       7170.2   2.120000E-4
       7170.4   2.170000E-4
       7170.6   2.220000E-4
       7170.8   2.300000E-4
        7171.   2.250000E-4
       7171.2   2.070000E-4
       7171.4   2.390000E-4
       7171.6   2.440000E-4
       7171.8   2.280000E-4
        7172.   2.440000E-4
       7172.2   2.400000E-4
       7172.4   2.780000E-4
       7172.6   2.520000E-4
       7172.8   2.680000E-4
        7173.   2.560000E-4
       7173.2   2.490000E-4
       7173.4   2.790000E-4
       7173.6   2.770000E-4
       7173.8   2.910000E-4
        7174.   2.950000E-4
       7174.2   2.860000E-4
       7174.4   3.120000E-4
       7174.6   2.930000E-4
       7174.8   3.190000E-4
        7175.   3.200000E-4
       7175.2   3.020000E-4
       7175.4   3.260000E-4
       7175.6   3.280000E-4
       7175.8   3.410000E-4
        7176.   2.930000E-4
       7176.2   3.150000E-4
       7176.4   3.290000E-4
       7176.6   3.280000E-4
       7176.8   3.430000E-4
        7177.   3.560000E-4
       7177.2   3.630000E-4
       7177.4   3.460000E-4
       7177.6   3.540000E-4
       7177.8   3.570000E-4
        7178.   3.620000E-4
       7178.2   3.740000E-4
       7178.4   3.550000E-4
       7178.6   3.960000E-4
       7178.8   3.780000E-4
        7179.   3.910000E-4
       7179.2   3.900000E-4
       7179.4   3.900000E-4
       7179.6   3.940000E-4
       7179.8   4.050000E-4
        7180.   4.200000E-4
       7180.2   4.480000E-4
       7180.4   3.950000E-4
       7180.6   4.490000E-4
       7180.8   4.420000E-4
        7181.   4.590000E-4
       7181.2   4.740000E-4
       7181.4   4.750000E-4
       7181.6   4.670000E-4
       7181.8   4.680000E-4
        7182.   4.720000E-4
       7182.2   4.800000E-4
       7182.4   5.130000E-4
       7182.6   4.970000E-4
       7182.8   5.050000E-4
        7183.   4.940000E-4
       7183.2   5.260000E-4
       7183.4   5.380000E-4
       7183.6   5.350000E-4
       7183.8   5.500000E-4
        7184.   5.570000E-4
       7184.2   5.450000E-4
       7184.4   5.690000E-4
       7184.6   5.950000E-4
       7184.8   5.630000E-4
        7185.   5.800000E-4
       7185.2   5.970000E-4
       7185.4   6.150000E-4
       7185.6   6.060000E-4
       7185.8   6.090000E-4
        7186.   6.410000E-4
       7186.2   6.400000E-4
       7186.4   6.540000E-4
       7186.6   6.650000E-4
       7186.8   6.690000E-4
        7187.   6.690000E-4
       7187.2   6.710000E-4
       7187.4   6.830000E-4
       7187.6   6.910000E-4
       7187.8   7.170000E-4
        7188.   6.840000E-4
       7188.2   7.350000E-4
       7188.4   7.700000E-4
       7188.6   7.760000E-4
       7188.8   7.780000E-4
        7189.   7.800000E-4
       7189.2   7.920000E-4
       7189.4   7.820000E-4
       7189.6   8.020000E-4
       7189.8   8.180000E-4
        7190.   8.620000E-4
       7190.2   8.520000E-4
       7190.4   8.570000E-4
       7190.6   8.630000E-4
       7190.8   9.050000E-4
        7191.   9.040000E-4
       7191.2   9.240000E-4
       7191.4   9.370000E-4
       7191.6   9.630000E-4
       7191.8   9.570000E-4
        7192.   9.830000E-4
       7192.2      0.001032
       7192.4      0.001025
       7192.6      0.001022
       7192.8      0.001065
        7193.      0.001048
       7193.2      0.001101
       7193.4      0.001071
       7193.6      0.001136
       7193.8      0.001149
        7194.      0.001136
       7194.2      0.001166
       7194.4      0.001206
       7194.6      0.001216
       7194.8      0.001224
        7195.      0.001251
       7195.2      0.001284
       7195.4      0.001285
       7195.6      0.001342
       7195.8      0.001339
        7196.      0.001343
       7196.2      0.001379
       7196.4      0.001413
       7196.6      0.001421
       7196.8      0.001457
        7197.      0.001438
       7197.2      0.001504
       7197.4       0.00149
       7197.6      0.001564
       7197.8      0.001563
        7198.      0.001575
       7198.2       0.00161
       7198.4      0.001637
       7198.6      0.001661
       7198.8      0.001735
        7199.      0.001738
       7199.2      0.001795
       7199.4      0.001798
       7199.6      0.001824
       7199.8      0.001846
        7200.      0.001894
       7200.2      0.001926
       7200.4      0.001979
       7200.6      0.001979
       7200.8      0.002002
        7201.      0.002032
       7201.2       0.00209
       7201.4      0.002136
       7201.6       0.00218
       7201.8      0.002177
        7202.      0.002221
       7202.2        0.0023
       7202.4      0.002336
       7202.6      0.002371
       7202.8      0.002386
        7203.      0.002431
       7203.2      0.002474
       7203.4      0.002564
       7203.6      0.002598
       7203.8      0.002609
        7204.      0.002665
       7204.2      0.002751
       7204.4       0.00276
       7204.6      0.002819
       7204.8      0.002863
        7205.      0.002925
       7205.2      0.002977
       7205.4      0.003073
       7205.6      0.003087
       7205.8      0.003147
        7206.      0.003255
       7206.2      0.003232
       7206.4      0.003336
       7206.6      0.003416
       7206.8      0.003459
        7207.      0.003562
       7207.2      0.003622
       7207.4      0.003649
       7207.6      0.003725
       7207.8      0.003808
        7208.      0.003917
       7208.2      0.003991
       7208.4      0.004044
       7208.6      0.004134
       7208.8      0.004199
        7209.      0.004291
       7209.2      0.004399
       7209.4      0.004437
       7209.6      0.004541
       7209.8      0.004686
        7210.       0.00477
       7210.2      0.004849
       7210.4      0.004915
       7210.6      0.005068
       7210.8       0.00513
        7211.      0.005285
       7211.2      0.005327
       7211.4      0.005459
       7211.6      0.005577
       7211.8      0.005718
        7212.      0.005805
       7212.2      0.006001
       7212.4      0.006094
       7212.6      0.006235
       7212.8      0.006355
        7213.      0.006439
       7213.2      0.006659
       7213.4      0.006747
       7213.6      0.006874
       7213.8       0.00713
        7214.      0.007253
       7214.2      0.007363
       7214.4      0.007568
       7214.6      0.007731
       7214.8       0.00783
        7215.      0.008008
       7215.2      0.008159
       7215.4      0.008416
       7215.6      0.008633
       7215.8      0.008821
        7216.      0.008944
       7216.2      0.009132
       7216.4      0.009405
       7216.6      0.009633
       7216.8      0.009876
        7217.      0.010119
       7217.2      0.010212
       7217.4      0.010482
       7217.6      0.010824
       7217.8      0.011134
        7218.      0.011334
       7218.2      0.011528
       7218.4       0.01186
       7218.6      0.012203
       7218.8      0.012589
        7219.      0.012885
       7219.2      0.013121
       7219.4      0.013417
       7219.6      0.013719
       7219.8      0.014097
        7220.      0.014357
       7220.2      0.014782
       7220.4      0.015183
       7220.6      0.015622
       7220.8      0.016024
        7221.      0.016462
       7221.2      0.016791
       7221.4       0.01726
       7221.6      0.017612
       7221.8      0.018126
        7222.      0.018653
       7222.2      0.019011
       7222.4      0.019645
       7222.6      0.020069
       7222.8      0.020682
        7223.      0.021303
       7223.2      0.021896
       7223.4      0.022438
       7223.6      0.023034
       7223.8      0.023595
        7224.      0.024408
       7224.2         0.025
       7224.4        0.0258
       7224.6      0.026341
       7224.8      0.027082
        7225.      0.027894
       7225.2      0.028843
       7225.4      0.029696
       7225.6      0.030244
       7225.8      0.031123
        7226.      0.031815
       7226.2      0.032995
       7226.4       0.03413
       7226.6      0.035145
       7226.8      0.035979
        7227.      0.037085
       7227.2      0.038463
       7227.4      0.039624
       7227.6      0.040696
       7227.8      0.041849
        7228.       0.04291
       7228.2      0.044312
       7228.4      0.045758
       7228.6      0.047213
       7228.8      0.048649
        7229.      0.050145
       7229.2      0.051538
       7229.4      0.053488
       7229.6      0.055459
       7229.8      0.056787
        7230.      0.058788
       7230.2      0.060053
       7230.4      0.062166
       7230.6      0.064483
       7230.8      0.066783
        7231.      0.068671
       7231.2      0.070908
       7231.4      0.073398
       7231.6      0.075961
       7231.8      0.079156
        7232.      0.081205
       7232.2      0.083583
       7232.4      0.086218
       7232.6      0.089576
       7232.8      0.092972
        7233.      0.095988
       7233.2       0.09878
       7233.4       0.10212
       7233.6      0.105518
       7233.8      0.109885
        7234.      0.113827
       7234.2      0.117103
       7234.4      0.120954
       7234.6      0.124967
       7234.8      0.129384
        7235.      0.135015
       7235.2       0.13964
       7235.4      0.144107
       7235.6      0.148615
       7235.8      0.155153
        7236.      0.161636
       7236.2      0.167753
       7236.4      0.172739
       7236.6      0.177495
       7236.8      0.183736
        7237.      0.191722
       7237.2      0.199355
       7237.4      0.205607
       7237.6      0.212425
       7237.8      0.219481
        7238.      0.227772
       7238.2      0.237108
       7238.4      0.244745
       7238.6      0.251977
       7238.8      0.260018
        7239.      0.268377
       7239.2      0.278451
       7239.4      0.289216
       7239.6        0.2977
       7239.8       0.30733
        7240.      0.317639
       7240.2      0.330928
       7240.4      0.343009
       7240.6      0.353363
       7240.8      0.363861
        7241.      0.373716
       7241.2      0.385723
       7241.4       0.39967
       7241.6      0.413797
       7241.8      0.424128
        7242.      0.436589
       7242.2      0.449564
       7242.4      0.463139
       7242.6       0.47806
       7242.8      0.488356
        7243.      0.499542
       7243.2      0.512023
       7243.4       0.52489
       7243.6      0.539803
       7243.8      0.553958
        7244.       0.56644
       7244.2       0.57793
       7244.4      0.591357
       7244.6      0.608078
       7244.8      0.620846
        7245.      0.631871
       7245.2      0.642896
       7245.4      0.654058
       7245.6      0.665162
       7245.8       0.68073
        7246.      0.691386
       7246.2      0.700817
       7246.4      0.710397
       7246.6      0.722244
       7246.8      0.731076
        7247.      0.740735
       7247.2       0.74838
       7247.4      0.754261
       7247.6      0.761984
       7247.8      0.770804
        7248.      0.777585
       7248.2      0.783945
       7248.4      0.789552
       7248.6      0.795791
       7248.8      0.801652
        7249.      0.806088
       7249.2      0.811349
       7249.4      0.814236
       7249.6      0.816913
       7249.8      0.820569
        7250.      0.822937
       7250.2      0.824965
       7250.4      0.827663
       7250.6      0.828636
       7250.8      0.829116
        7251.      0.830715
       7251.2      0.830596
       7251.4      0.831147
       7251.6      0.830834
       7251.8       0.83092
        7252.       0.83005
       7252.2      0.829812
       7252.4      0.829676
       7252.6      0.827299
       7252.8      0.826747
        7253.      0.825672
       7253.2      0.824054
       7253.4      0.823254
       7253.6      0.821005
       7253.8      0.819668
        7254.      0.818169
       7254.2      0.816649
       7254.4      0.813672
       7254.6       0.81135
       7254.8      0.809709
        7255.      0.808087
       7255.2      0.806512
       7255.4      0.805618
       7255.6      0.802721
       7255.8      0.801793
        7256.      0.799651
       7256.2      0.798691
       7256.4      0.796928
       7256.6      0.794778
       7256.8      0.794262
        7257.      0.793011
       7257.2      0.790978
       7257.4      0.789795
       7257.6      0.787817
       7257.8      0.787227
        7258.      0.785238
       7258.2      0.784271
       7258.4       0.78326
       7258.6      0.782533
       7258.8      0.782768
        7259.      0.781232
       7259.2      0.781071
       7259.4       0.77967
       7259.6       0.77905
       7259.8         0.778
        7260.        0.7781
       7260.2       0.77855
       7260.4      0.778698
       7260.6      0.779187
       7260.8      0.779583
        7261.      0.778733
       7261.2      0.779563
       7261.4      0.779775
       7261.6      0.780572
       7261.8      0.781112
        7262.      0.781825
       7262.2      0.782417
       7262.4      0.783086
       7262.6       0.78308
       7262.8      0.784312
        7263.       0.78596
       7263.2      0.787472
       7263.4      0.786926
       7263.6      0.788104
       7263.8      0.790495
        7264.      0.791653
       7264.2      0.793232
       7264.4      0.794569
       7264.6      0.795517
       7264.8      0.797326
        7265.      0.799025
       7265.2      0.800253
       7265.4      0.802307
       7265.6      0.804569
       7265.8      0.806166
        7266.      0.809134
       7266.2      0.810182
       7266.4      0.812187
       7266.6      0.813228
       7266.8      0.814624
        7267.       0.81718
       7267.2      0.819982
       7267.4      0.822603
       7267.6      0.825052
       7267.8      0.826511
        7268.      0.828637
       7268.2      0.830383
       7268.4      0.833075
       7268.6      0.835622
       7268.8      0.837531
        7269.      0.839848
       7269.2      0.840725
       7269.4      0.844248
       7269.6      0.845479
       7269.8      0.847728
        7270.      0.849503
       7270.2      0.851466
       7270.4      0.854467
       7270.6        0.8573
       7270.8      0.858149
        7271.      0.859175
       7271.2      0.861238
       7271.4      0.864293
       7271.6      0.866379
       7271.8      0.868164
        7272.      0.869618
       7272.2      0.871879
       7272.4      0.874711
       7272.6      0.875684
       7272.8      0.876382
        7273.      0.877492
       7273.2      0.878411
       7273.4      0.878876
       7273.6      0.882904
       7273.8      0.883534
        7274.      0.884607
       7274.2      0.886433
       7274.4      0.886912
       7274.6      0.887812
       7274.8      0.886311
        7275.      0.889112
       7275.2      0.889596
       7275.4       0.88996
       7275.6      0.891736
       7275.8      0.890927
        7276.      0.892217
       7276.2       0.89235
       7276.4      0.893161
       7276.6      0.891907
       7276.8      0.893519
        7277.      0.892167
       7277.2      0.891483
       7277.4      0.891734
       7277.6      0.892575
       7277.8      0.891868
        7278.      0.891477
       7278.2      0.889611
       7278.4      0.891313
       7278.6      0.891033
       7278.8      0.889186
        7279.      0.888426
       7279.2      0.886651
       7279.4      0.885736
       7279.6       0.88581
       7279.8       0.88526
        7280.      0.884832
       7280.2       0.88346
       7280.4       0.88185
       7280.6      0.880874
       7280.8      0.880234
        7281.      0.878432
       7281.2      0.877889
       7281.4      0.876193
       7281.6        0.8751
       7281.8       0.87408
        7282.      0.872503
       7282.2      0.870519
       7282.4      0.869171
       7282.6      0.867933
       7282.8      0.866353
        7283.      0.865512
       7283.2      0.863449
       7283.4      0.861781
       7283.6      0.860278
       7283.8      0.858117
        7284.      0.857645
       7284.2      0.855924
       7284.4      0.853626
       7284.6      0.853748
       7284.8      0.851304
        7285.      0.850422
       7285.2      0.848248
       7285.4      0.845593
       7285.6      0.845838
       7285.8      0.843617
        7286.      0.842833
       7286.2       0.84117
       7286.4      0.840248
       7286.6      0.838315
       7286.8       0.83815
        7287.      0.836752
       7287.2      0.836159
       7287.4      0.834026
       7287.6      0.833245
       7287.8      0.832358
        7288.       0.83125
       7288.2      0.829212
       7288.4      0.829865
       7288.6      0.828892
       7288.8      0.827574
        7289.      0.826507
       7289.2      0.826632
       7289.4      0.826492
       7289.6      0.824916
       7289.8      0.825066
        7290.      0.823029
       7290.2      0.823569
       7290.4      0.823694
       7290.6      0.823166
       7290.8      0.823138
        7291.       0.82113
       7291.2      0.821744
       7291.4      0.821447
       7291.6       0.82117
       7291.8      0.821573
        7292.       0.82142
       7292.2      0.821645
       7292.4       0.82103
       7292.6      0.821866
       7292.8      0.820725
        7293.      0.822124
       7293.2      0.819955
       7293.4      0.821425
       7293.6      0.820365
       7293.8      0.819891
        7294.      0.821229
       7294.2      0.819933
       7294.4       0.81982
       7294.6       0.82047
       7294.8      0.818949
        7295.      0.818701
       7295.2      0.818877
       7295.4      0.818745
       7295.6       0.81802
       7295.8      0.817969
        7296.      0.816803
       7296.2      0.816085
       7296.4      0.815461
       7296.6      0.813796
       7296.8      0.813447
        7297.      0.811062
       7297.2      0.810952
       7297.4      0.808601
       7297.6       0.80686
       7297.8      0.804651
        7298.      0.803052
       7298.2      0.800379
       7298.4      0.797452
       7298.6      0.794289
       7298.8      0.791435
        7299.      0.788144
       7299.2      0.784104
       7299.4      0.779925
       7299.6         0.777
       7299.8      0.771683
        7300.      0.765867
       7300.2      0.761674
       7300.4      0.757649
       7300.6      0.750845
       7300.8      0.742994
        7301.       0.73758
       7301.2      0.731565
       7301.4      0.726114
       7301.6      0.719377
       7301.8      0.712169
        7302.      0.703134
       7302.2      0.693416
       7302.4      0.685631
       7302.6      0.678225
       7302.8      0.667987
        7303.      0.658137
       7303.2       0.64737
       7303.4      0.637948
       7303.6      0.630381
       7303.8      0.621136
        7304.      0.608968
       7304.2      0.597241
       7304.4      0.586981
       7304.6      0.577664
       7304.8      0.567518
        7305.      0.554802
       7305.2      0.541139
       7305.4      0.532268
       7305.6      0.521802
       7305.8      0.512206
        7306.      0.502176
       7306.2      0.489281
       7306.4      0.475602
       7306.6      0.464852
       7306.8       0.45485
        7307.      0.443643
       7307.2      0.429713
       7307.4      0.417953
       7307.6       0.40767
       7307.8      0.398123
        7308.      0.389526
       7308.2      0.379059
       7308.4      0.365978
       7308.6      0.355525
       7308.8      0.346631
        7309.      0.337202
       7309.2      0.328026
       7309.4      0.316715
       7309.6       0.30569
       7309.8      0.298915
        7310.      0.291083
       7310.2      0.283782
       7310.4       0.27527
       7310.6      0.266071
       7310.8       0.25728
        7311.      0.248789
       7311.2        0.2424
       7311.4      0.234679
       7311.6      0.225716
       7311.8      0.219004
        7312.      0.213064
       7312.2      0.207199
       7312.4      0.201477
       7312.6      0.194943
       7312.8      0.186873
        7313.      0.181201
       7313.2      0.176106
       7313.4       0.17043
       7313.6      0.164891
       7313.8      0.158695
        7314.      0.154025
       7314.2      0.149323
       7314.4      0.145515
       7314.6      0.141571
       7314.8       0.13691
        7315.      0.132194
       7315.2      0.127976
       7315.4      0.124116
       7315.6      0.120512
       7315.8       0.11637
        7316.      0.111724
       7316.2      0.108659
       7316.4      0.105238
       7316.6      0.102973
       7316.8      0.100087
        7317.      0.096301
       7317.2      0.092723
       7317.4      0.090212
       7317.6      0.087696
       7317.8      0.085395
        7318.      0.081695
       7318.2      0.079282
       7318.4      0.077273
       7318.6      0.074925
       7318.8      0.073152
        7319.       0.07097
       7319.2      0.068724
       7319.4      0.066467
       7319.6      0.064646
       7319.8      0.063016
        7320.      0.061378
       7320.2      0.059043
       7320.4      0.057404
       7320.6      0.055717
       7320.8      0.054141
        7321.       0.05311
       7321.2      0.051487
       7321.4      0.049728
       7321.6      0.048159
       7321.8      0.046712
        7322.      0.045671
       7322.2      0.044375
       7322.4      0.042848
       7322.6      0.041835
       7322.8      0.040543
        7323.      0.039452
       7323.2      0.038601
       7323.4      0.037549
       7323.6      0.036444
       7323.8      0.035382
        7324.      0.034493
       7324.2      0.033664
       7324.4      0.032736
       7324.6       0.03185
       7324.8      0.030881
        7325.      0.030252
       7325.2      0.029454
       7325.4      0.028748
       7325.6      0.027977
       7325.8       0.02726
        7326.      0.026459
       7326.2      0.025781
       7326.4       0.02511
       7326.6      0.024418
       7326.8      0.023688
        7327.      0.023105
       7327.2      0.022709
       7327.4      0.022061
       7327.6       0.02165
       7327.8      0.021047
        7328.      0.020397
       7328.2      0.019952
       7328.4      0.019465
       7328.6      0.019053
       7328.8      0.018551
        7329.      0.017964
       7329.2      0.017652
       7329.4      0.017337
       7329.6      0.016869
       7329.8      0.016374
        7330.      0.016049
       7330.2      0.015595
       7330.4      0.015241
       7330.6      0.014879
       7330.8      0.014638
        7331.      0.014195
       7331.2      0.013876
       7331.4      0.013542
       7331.6      0.013302
       7331.8      0.013047
        7332.      0.012809
       7332.2      0.012392
       7332.4      0.012093
       7332.6      0.011922
       7332.8      0.011547
        7333.      0.011446
       7333.2      0.011101
       7333.4      0.010829
       7333.6      0.010563
       7333.8      0.010412
        7334.      0.010229
       7334.2      0.009942
       7334.4      0.009776
       7334.6      0.009509
       7334.8      0.009322
        7335.      0.009174
       7335.2      0.008926
       7335.4      0.008719
       7335.6      0.008509
       7335.8       0.00834
        7336.       0.00823
       7336.2      0.008022
       7336.4        0.0079
       7336.6      0.007718
       7336.8      0.007434
        7337.      0.007357
       7337.2      0.007231
       7337.4      0.006988
       7337.6      0.006941
       7337.8      0.006802
        7338.      0.006588
       7338.2      0.006563
       7338.4      0.006398
       7338.6      0.006243
       7338.8      0.006153
        7339.       0.00599
       7339.2       0.00586
       7339.4      0.005768
       7339.6      0.005653
       7339.8       0.00552
        7340.      0.005421
       7340.2      0.005366
       7340.4      0.005226
       7340.6      0.005111
       7340.8      0.005031
        7341.      0.004886
       7341.2      0.004826
       7341.4      0.004735
       7341.6      0.004703
       7341.8       0.00461
        7342.      0.004469
       7342.2      0.004387
       7342.4      0.004332
       7342.6      0.004242
       7342.8      0.004175
        7343.       0.00408
       7343.2      0.003981
       7343.4      0.003907
       7343.6      0.003837
       7343.8      0.003825
        7344.      0.003743
       7344.2      0.003706
       7344.4      0.003615
       7344.6      0.003571
       7344.8      0.003465
        7345.      0.003372
       7345.2      0.003331
       7345.4      0.003227
       7345.6      0.003208
       7345.8       0.00318
        7346.      0.003136
       7346.2      0.003059
       7346.4      0.003024
       7346.6       0.00296
       7346.8      0.002919
        7347.      0.002855
       7347.2       0.00282
       7347.4      0.002744
       7347.6      0.002716
       7347.8      0.002655
        7348.      0.002624
       7348.2      0.002571
       7348.4      0.002565
       7348.6      0.002477
       7348.8       0.00242
        7349.      0.002391
       7349.2      0.002356
       7349.4      0.002305
       7349.6      0.002309
       7349.8      0.002249
        7350.      0.002217
       7350.2      0.002144
       7350.4       0.00215
       7350.6       0.00212
       7350.8      0.002025
        7351.       0.00205
       7351.2      0.002022
       7351.4      0.001988
       7351.6      0.001955
       7351.8      0.001906
        7352.      0.001885
       7352.2      0.001852
       7352.4      0.001809
       7352.6      0.001855
       7352.8      0.001774
        7353.      0.001713
       7353.2       0.00169
       7353.4      0.001693
       7353.6      0.001666
       7353.8      0.001632
        7354.      0.001611
       7354.2      0.001584
       7354.4      0.001584
       7354.6      0.001533
       7354.8       0.00149
        7355.      0.001476
       7355.2       0.00148
       7355.4      0.001443
       7355.6      0.001458
       7355.8       0.00143
        7356.      0.001395
       7356.2       0.00134
       7356.4      0.001343
       7356.6      0.001343
       7356.8      0.001308
        7357.      0.001266
       7357.2      0.001247
       7357.4      0.001242
       7357.6      0.001197
       7357.8      0.001197
        7358.      0.001185
       7358.2      0.001146
       7358.4      0.001174
       7358.6      0.001121
       7358.8      0.001112
        7359.      0.001093
       7359.2      0.001097
       7359.4      0.001045
       7359.6      0.001074
       7359.8      0.001051
        7360.      0.001032
       7360.2       0.00103
       7360.4      0.001007
       7360.6      0.001002
       7360.8   9.710000E-4
        7361.   9.640000E-4
       7361.2   9.260000E-4
       7361.4   9.230000E-4
       7361.6   9.140000E-4
       7361.8   9.020000E-4
        7362.   8.800000E-4
       7362.2   8.910000E-4
       7362.4   8.670000E-4
       7362.6   8.930000E-4
       7362.8   8.450000E-4
        7363.   7.950000E-4
       7363.2   7.900000E-4
       7363.4   7.880000E-4
       7363.6   7.910000E-4
       7363.8   7.750000E-4
        7364.   7.730000E-4
       7364.2   7.570000E-4
       7364.4   7.640000E-4
       7364.6   7.540000E-4
       7364.8   7.650000E-4
        7365.   7.030000E-4
       7365.2   7.200000E-4
       7365.4   7.230000E-4
       7365.6   7.110000E-4
       7365.8   6.880000E-4
        7366.   6.530000E-4
       7366.2   6.670000E-4
       7366.4   6.610000E-4
       7366.6   6.520000E-4
       7366.8   6.400000E-4
        7367.   6.790000E-4
       7367.2   6.230000E-4
       7367.4   6.510000E-4
       7367.6   5.990000E-4
       7367.8   6.140000E-4
        7368.   5.920000E-4
       7368.2   5.660000E-4
       7368.4   5.760000E-4
       7368.6   5.630000E-4
       7368.8   5.900000E-4
        7369.   5.620000E-4
       7369.2   5.570000E-4
       7369.4   5.600000E-4
       7369.6   5.610000E-4
       7369.8   5.300000E-4
        7370.   4.930000E-4
       7370.2   5.250000E-4
       7370.4   5.500000E-4
       7370.6   5.210000E-4
       7370.8   5.250000E-4
        7371.   4.990000E-4
       7371.2   4.880000E-4
       7371.4   4.990000E-4
       7371.6   4.670000E-4
       7371.8   4.800000E-4
        7372.   4.550000E-4
       7372.2   4.690000E-4
       7372.4   4.550000E-4
       7372.6   4.610000E-4
       7372.8   4.710000E-4
        7373.   4.560000E-4
       7373.2   4.630000E-4
       7373.4   4.450000E-4
       7373.6   4.350000E-4
       7373.8   4.090000E-4
        7374.   3.940000E-4
       7374.2   4.320000E-4
       7374.4   4.170000E-4
       7374.6   4.090000E-4
       7374.8   4.190000E-4
        7375.   4.010000E-4
       7375.2   3.970000E-4
       7375.4   4.060000E-4
       7375.6   3.960000E-4
       7375.8   3.930000E-4
        7376.   4.220000E-4
       7376.2   3.740000E-4
       7376.4   3.530000E-4
       7376.6   3.660000E-4
       7376.8   3.380000E-4
        7377.   3.520000E-4
       7377.2   3.400000E-4
       7377.4   3.270000E-4
       7377.6   3.460000E-4
       7377.8   3.110000E-4
        7378.   3.320000E-4
       7378.2   3.330000E-4
       7378.4   3.410000E-4
       7378.6   2.950000E-4
       7378.8   2.970000E-4
        7379.   3.190000E-4
       7379.2   3.140000E-4
       7379.4   3.250000E-4
       7379.6   2.880000E-4
       7379.8   3.020000E-4
        7380.   3.190000E-4
       7380.2   3.190000E-4
       7380.4   2.960000E-4
       7380.6   2.960000E-4
       7380.8   2.850000E-4
        7381.   2.810000E-4
       7381.2   2.640000E-4
       7381.4   2.550000E-4
       7381.6   2.750000E-4
       7381.8   2.350000E-4
        7382.   2.780000E-4
       7382.2   2.330000E-4
       7382.4   2.310000E-4
       7382.6   2.410000E-4
       7382.8   2.520000E-4
        7383.   2.280000E-4
       7383.2   2.410000E-4
       7383.4   2.130000E-4
       7383.6   2.410000E-4
       7383.8   2.400000E-4
        7384.   2.310000E-4
       7384.2   2.430000E-4
       7384.4   2.520000E-4
       7384.6   2.200000E-4
       7384.8   2.360000E-4
        7385.   2.320000E-4
       7385.2   2.100000E-4
       7385.4   2.040000E-4
       7385.6   2.190000E-4
       7385.8   1.990000E-4
        7386.   1.760000E-4
       7386.2   1.850000E-4
       7386.4   2.010000E-4
       7386.6   2.100000E-4
       7386.8   1.820000E-4
        7387.   1.880000E-4
       7387.2   1.570000E-4
       7387.4   1.770000E-4
       7387.6   2.070000E-4
       7387.8   1.800000E-4
        7388.   1.770000E-4
       7388.2   1.800000E-4
       7388.4   1.670000E-4
       7388.6   1.710000E-4
       7388.8   1.790000E-4
        7389.   1.820000E-4
       7389.2   1.830000E-4
       7389.4   1.870000E-4
       7389.6   1.750000E-4
       7389.8   1.560000E-4
        7390.   1.550000E-4
       7390.2   1.390000E-4
       7390.4   1.750000E-4
       7390.6   1.590000E-4
       7390.8   1.640000E-4
        7391.   1.560000E-4
       7391.2   1.520000E-4
       7391.4   1.490000E-4
       7391.6   1.290000E-4
       7391.8   1.590000E-4
        7392.   1.500000E-4
       7392.2   1.400000E-4
       7392.4   1.510000E-4
       7392.6   1.650000E-4
       7392.8   1.680000E-4
        7393.   1.620000E-4
       7393.2   1.110000E-4
       7393.4   1.520000E-4
       7393.6   1.600000E-4
       7393.8   1.570000E-4
        7394.   1.400000E-4
       7394.2   1.440000E-4
       7394.4   1.320000E-4
       7394.6   1.300000E-4
       7394.8   1.310000E-4
        7395.   1.380000E-4
       7395.2   1.080000E-4
       7395.4   1.260000E-4
       7395.6   1.400000E-4
       7395.8   1.390000E-4
        7396.   1.140000E-4
       7396.2   1.290000E-4
       7396.4   1.300000E-4
       7396.6   1.410000E-4
       7396.8   1.250000E-4
        7397.   9.900000E-5
       7397.2   1.150000E-4
       7397.4   1.210000E-4
       7397.6   1.010000E-4
       7397.8   1.220000E-4
        7398.   1.340000E-4
       7398.2   1.340000E-4
       7398.4   9.800000E-5
       7398.6   1.180000E-4
        7410.   8.970610E-5
        7420.   5.690800E-5
        7430.   3.773540E-5
        7440.   2.633120E-5
        7450.   1.864280E-5
        7460.   1.361850E-5
        7470.   1.028200E-5
        7480.   7.971210E-6
        7490.   6.261940E-6
        7500.   4.921470E-6
        7510.   3.968550E-6
        7520.   3.267920E-6
        7530.   2.730570E-6
        7540.   2.347150E-6
        7550.   1.896350E-6
        7560.   1.656620E-6
        7570.   1.503690E-6
        7580.   1.287540E-6
        7590.   1.192140E-6
        7600.   1.040720E-6
        7610.   9.482240E-7
        7620.   8.486510E-7
        7630.   7.494630E-7
        7640.   7.379120E-7
        7650.   6.239500E-7
        7660.   6.685120E-7
        7670.   5.988900E-7
        7680.   5.429940E-7
        7690.   4.646540E-7
        7700.   5.248570E-7
        7710.   4.675630E-7
        7720.   4.808900E-7
        7730.   4.526240E-7
        7740.   3.880270E-7
        7750.   4.015160E-7
        7760.   4.009320E-7
        7770.   3.833900E-7
        7780.   3.643530E-7
        7790.   3.232120E-7
        7800.   2.818220E-7
        7810.   1.941390E-7
        7820.   2.328980E-7
        7830.   7.799320E-8
        7840.   8.065270E-8
        7850.   1.459740E-8
        7860.   4.304050E-8
        7870.   3.153440E-8
        7880.  1.000230E-10
        7890.  1.000230E-10
        7900.  1.000230E-10
        7910.  1.000230E-10
        7920.  1.000230E-10
        7930.  1.000230E-10
        7940.   8.532250E-9
        7950.  1.000230E-10
        7960.  1.000230E-10
        7970.   6.093590E-9
        7980.  1.000230E-10
        7990.  1.000230E-10
        8000.  1.000230E-10
        8010.   1.049620E-8
        8020.  1.000230E-10
        8030.  1.000230E-10
        8040.   1.442020E-8
        8050.   8.940300E-9
        8060.  1.000230E-10
        8070.  1.000230E-10
        8080.   1.976320E-8
        8090.   6.051700E-8
        8100.   8.654610E-9
        8110.   4.757570E-9
        8120.  1.000230E-10
        8130.   1.364620E-8
        8140.   6.060120E-9
        8150.   3.381810E-8
        8160.  1.000230E-10
        8170.   3.946910E-8
        8180.  1.000230E-10
        8190.   3.526530E-8
        8200.   2.368020E-8
        8210.   1.205860E-8
        8220.   9.076430E-8
        8230.   5.381820E-8
        8240.   2.487520E-8
        8250.   1.370230E-9
        8260.  1.000230E-10
        8270.   1.328900E-8
        8280.  1.000230E-10
        8290.  1.000230E-10
        8300.   1.046810E-8
        8310.  1.000230E-10
        8320.  1.000230E-10
        8330.  1.000230E-10
        8340.  1.000230E-10
        8350.   3.904050E-8
        8360.   6.355800E-9
        8370.  1.000230E-10
        8380.   2.777770E-8
        8390.  1.000230E-10
        8400.   1.882680E-8
        8410.   8.434270E-9
        8420.   6.269860E-8
        8430.   2.605790E-8
        8440.   2.885180E-8
        8450.   7.769730E-8
        8460.   1.160780E-7
        8470.   2.074160E-7
        8480.   3.654460E-7
        8490.   5.964030E-7
        8500.   2.324640E-6
        8510.   1.097300E-5
        8520.  1.000230E-10
        8530.   1.137480E-5
        8540.   3.696150E-6
        8550.   1.232880E-7
        8560.  1.000230E-10
        8570.   5.724280E-6
        8580.   8.139210E-6
        8590.   4.820420E-6
        8600.   5.751840E-6
        8610.   4.185990E-6
        8620.   2.217620E-6
        8630.   4.262690E-6
        8640.   2.989060E-6
        8650.   6.815060E-6
        8660.   5.524600E-6
        8670.   2.320320E-6
        8680.   2.137750E-7
        8690.   6.401060E-6
        8700.   4.827550E-6
        8710.   4.794730E-6
        8720.   8.513360E-7
        8730.   7.295970E-6
        8740.   1.291330E-6
        8750.   5.434980E-6
        8760.  1.000230E-10
        8770.   7.800580E-6
        8780.   5.387570E-6
        8790.  1.000230E-10
        8800.   2.315830E-6
        8810.   3.604530E-6
        8820.   2.728040E-6
        8830.   2.271670E-6
        8840.   1.205750E-6
        8850.   2.765020E-6
        8860.   3.506390E-6
        8870.   1.839820E-6
        8880.   2.455810E-7
        8890.   4.991370E-6
        8900.   2.696220E-6
        8910.   2.995620E-6
        8920.   1.624710E-6
        8930.   1.492600E-6
        8940.   5.234360E-7
        8950.   3.391000E-6
        8960.   3.329890E-6
        8970.   3.455330E-6
        8980.   1.760980E-6
        8990.   3.128690E-6
        9000.   2.157380E-6
        9010.   1.651620E-6
        9020.   2.764790E-6
        9030.   8.021270E-7
        9040.   1.536710E-6
        9050.   2.079050E-6
        9060.   1.704230E-6
        9070.   3.643440E-6
        9080.   3.159920E-6
        9090.   3.607400E-6
        9100.   3.301690E-6
        9110.   2.936310E-6
        9120.   3.224370E-6
        9130.   2.237660E-6
        9140.   2.932150E-6
        9150.   4.659100E-6
        9160.   3.560380E-6
        9170.   2.710480E-6
        9180.   2.846090E-6
        9190.   2.758760E-6
        9200.   3.291410E-6
        9210.   2.390090E-6
        9220.   4.999750E-6
        9230.   3.912770E-6
        9240.   2.647250E-6
        9250.   4.169990E-6
        9260.   3.476380E-6
        9270.   1.976990E-6
        9280.   3.033840E-6
        9290.   2.435700E-6
        9300.   2.732560E-6
        9310.   2.661320E-6
        9320.   2.257750E-6
        9330.   2.107350E-6
        9340.   2.575070E-6
        9350.   2.193040E-6
        9360.   3.421870E-6
        9370.   5.090890E-7
        9380.   1.592920E-6
        9390.   1.337690E-6
        9400.   6.500140E-7
        9410.   1.517410E-6
        9420.   7.254420E-7
        9430.   1.562230E-6
        9440.   9.155030E-7
        9450.   9.266490E-7
        9460.   3.038710E-7
        9470.   1.282450E-7
        9480.   1.140580E-6
        9490.  1.000230E-10
        9500.   1.683260E-6
        9510.   4.226960E-7
        9520.   4.759030E-7
        9530.   5.927370E-7
        9540.   1.751530E-7
        9550.  1.000230E-10
        9560.   5.149890E-7
        9570.   1.489660E-7
        9580.  1.000230E-10
        9590.  1.000230E-10
        9600.  1.000230E-10
        9610.   1.992180E-7
        9620.  1.000230E-10
        9630.  1.000230E-10
        9640.   8.028730E-7
        9650.   6.857580E-7
        9660.  1.000230E-10
        9670.   6.855010E-8
        9680.   4.776680E-7
        9690.   1.363470E-8
        9700.   5.647860E-7
        9710.   5.766170E-7
        9720.   7.121820E-7
        9730.   4.651290E-9
        9740.  1.000230E-10
        9750.  1.000230E-10
        9760.   3.756970E-7
        9770.   4.190730E-7
        9780.  1.000230E-10
        9790.   5.616500E-7
        9800.  1.000230E-10
        9810.   3.213550E-7
        9820.  1.000230E-10
        9830.   1.668900E-7
        9840.   4.983080E-7
        9850.   4.054630E-7
        9860.   2.978380E-8
        9870.   3.504920E-7
        9880.   5.108650E-7
        9890.   6.720240E-8
        9900.   2.017070E-7
        9910.   3.841000E-7
        9920.   7.247580E-8
        9930.  1.000230E-10
        9940.   5.682170E-7
        9950.  1.000230E-10
        9960.   8.591980E-9
        9970.  1.000230E-10
        9980.   4.607310E-7
        9990.   1.667320E-7
       10000.   1.417940E-8
       10010.  1.000230E-10
       10020.   1.408470E-7
       10030.   1.017430E-7
       10040.   1.318680E-7
       10050.  1.000230E-10
       10060.   5.938910E-8
       10070.   2.619700E-7
       10080.  1.000230E-10
       10090.   1.074400E-7
       10100.  1.000230E-10
       10110.   1.852530E-7
       10120.   3.970230E-7
       10130.  1.000230E-10
       10140.   2.897720E-7
       10150.  1.000230E-10
       10160.   2.072260E-7
       10170.  1.000230E-10
       10180.   6.823220E-8
       10190.  1.000230E-10
       10200.  1.000230E-10
       10210.   1.211930E-7
       10220.  1.000230E-10
       10230.   1.061240E-7
       10240.  1.000230E-10
       10250.   1.319570E-7
       10260.   2.356530E-7
       10270.   2.682720E-7
       10280.   3.533300E-7
       10290.   4.927870E-7
       10300.   3.940870E-7
       10310.   2.424030E-7
       10320.   2.745810E-7
       10330.   3.674300E-8
       10340.  1.000230E-10
       10350.   5.255490E-7
       10360.  1.000230E-10
       10370.   1.463960E-7
       10380.   2.480600E-7
       10390.   8.832650E-8
       10400.   1.904990E-7
       10410.  1.000230E-10
       10420.  1.000230E-10
       10430.   2.648690E-7
       10440.   2.446160E-7
       10450.   5.310570E-7
       10460.  1.000230E-10
       10470.   2.243730E-7
       10480.  1.000230E-10
       10490.   2.054680E-7
       10500.   3.206200E-7
       10510.   7.068680E-9
       10520.   1.063220E-7
       10530.   3.361780E-7
       10540.   1.405820E-7
       10550.   3.692320E-7
       10560.  1.000230E-10
       10570.   5.455030E-7
       10580.   1.449230E-7
       10590.   5.069860E-8
       10600.  1.000230E-10
       10610.   1.974410E-7
       10620.  1.000230E-10
       10630.   2.325280E-7
       10640.   2.822350E-7
       10650.   1.431420E-7
       10660.   2.853590E-7
       10670.   1.317030E-7
       10680.   8.895530E-8
       10690.  1.000230E-10
       10700.   2.951210E-7
       10710.   1.587720E-7
       10720.   2.383770E-7
       10730.   4.259640E-7
       10740.  1.000230E-10
       10750.   3.476270E-8
       10760.  1.000230E-10
       10770.   1.187950E-7
       10780.   1.371370E-7
       10790.   1.721800E-7
       10800.  1.000230E-10
       10810.   4.539040E-8
       10820.   3.417980E-8
       10830.   4.537510E-7
       10840.   5.820900E-8
       10850.   7.806250E-8
       10860.   8.268240E-8
       10870.  1.000230E-10
       10880.   2.674670E-7
       10890.   9.863840E-8
       10900.  1.000230E-10
       10910.   2.526770E-7
       10920.   3.587020E-7
       10930.   4.641870E-8
       10940.  1.000230E-10
       10950.   1.005600E-7
       10960.   3.929200E-7
       10970.   1.833180E-7
       10980.  1.000230E-10
       10990.   1.520160E-7
       11000.   3.310330E-7
       11001.            0.
       11002.            0.
