        1858.            0.
        1859.            0.
        1860.    0.00545421
        1880.    0.00602094
        1900.   8.617930E-4
        1910.    0.00117795
        1920.    0.00158979
        1930.    0.00244352
        1940.    0.00329114
        1950.    0.00487495
        1960.      0.006949
        1970.     0.0100575
        1980.     0.0148123
        1990.      0.021523
        2000.     0.0311532
        2010.     0.0448085
        2020.     0.0633675
        2030.     0.0868065
        2040.      0.114246
        2050.      0.143175
        2060.      0.170862
        2070.      0.195195
        2080.      0.216087
        2090.      0.233327
        2100.      0.248055
        2110.      0.261464
        2120.      0.273622
        2130.      0.285085
        2140.      0.295662
        2150.      0.304759
        2160.      0.312192
        2170.      0.317761
        2180.      0.321319
        2190.      0.322636
        2200.      0.322636
        2210.      0.321434
        2220.      0.319219
        2230.       0.31645
        2240.      0.313781
        2250.      0.311266
        2260.      0.309023
        2270.      0.307336
        2280.      0.306282
        2290.      0.305418
        2300.      0.305302
        2310.      0.305271
        2320.      0.305461
        2330.       0.30569
        2340.      0.305886
        2350.      0.305862
        2360.      0.305341
        2370.      0.304351
        2380.      0.302813
        2390.      0.300696
        2400.      0.297883
        2410.      0.294436
        2420.       0.29026
        2430.      0.285629
        2440.      0.280223
        2450.      0.274544
        2460.      0.268353
        2470.      0.261659
        2480.      0.254641
        2490.      0.247395
        2500.      0.239827
        2510.       0.23202
        2520.      0.223964
        2530.      0.215607
        2540.      0.206999
        2550.      0.198241
        2560.      0.189412
        2570.      0.180318
        2580.      0.171228
        2590.      0.162195
        2600.      0.153056
        2610.      0.143927
        2620.       0.13521
        2630.      0.126419
        2640.      0.117765
        2650.      0.109427
        2660.      0.101583
        2670.     0.0940312
        2680.     0.0865789
        2690.     0.0793837
        2700.     0.0726791
        2710.     0.0664847
        2720.     0.0606093
        2730.     0.0551982
        2740.     0.0499483
        2750.     0.0452066
        2760.     0.0403704
        2770.     0.0360767
        2780.     0.0329017
        2790.     0.0298396
        2800.     0.0264357
        2810.      0.023891
        2820.     0.0207926
        2830.     0.0180699
        2840.     0.0173086
        2850.     0.0151054
        2860.     0.0141773
        2870.     0.0112301
        2880.     0.0101649
        2890.    0.00902851
        2900.    0.00815337
        2910.    0.00732674
        2920.    0.00667325
        2930.    0.00575384
        2940.    0.00523992
        2950.    0.00494085
        2960.    0.00439286
        2970.    0.00388095
        2980.     0.0033101
        2990.    0.00302176
        3000.    0.00288898
        3010.    0.00244914
        3020.    0.00235629
        3030.    0.00235829
        3040.    0.00202181
        3050.    0.00160038
        3060.    0.00157084
        3070.    0.00161013
        3080.    0.00129581
        3090.    0.00129658
        3100.    0.00130292
        3110.   9.682730E-4
        3120.   8.017560E-4
        3140.   6.743510E-4
        3160.   5.802520E-4
        3180.   4.963430E-4
        3200.   4.257660E-4
        3220.   3.664590E-4
        3240.   3.158650E-4
        3260.   2.759780E-4
        3280.   2.438070E-4
        3300.   2.149120E-4
        3320.   1.897600E-4
        3340.   1.691930E-4
        3360.   1.505540E-4
        3380.   1.340930E-4
        3400.   1.208240E-4
        3420.   1.101580E-4
        3440.   1.000850E-4
        3460.   9.187980E-5
        3480.   8.302330E-5
        3500.   7.574800E-5
        3520.   6.920960E-5
        3540.   6.415220E-5
        3560.   5.938560E-5
        3580.   5.427450E-5
        3600.   5.042350E-5
        3620.   4.735530E-5
        3640.   4.448620E-5
        3660.   4.167100E-5
        3680.   3.866530E-5
        3700.   3.628110E-5
        3720.   3.421680E-5
        3740.   3.237570E-5
        3760.   3.047890E-5
        3780.   2.859590E-5
        3800.   2.730780E-5
        3820.   2.615330E-5
        3840.   2.444830E-5
        3860.   2.376670E-5
        3880.   2.246340E-5
        3900.   2.156170E-5
        3920.   2.056070E-5
        3940.   1.963870E-5
        3960.   1.888050E-5
        3980.   1.813480E-5
        4000.   1.780640E-5
        4020.   1.718100E-5
        4040.   1.662120E-5
        4060.   1.582580E-5
        4080.   1.517290E-5
        4100.   1.467290E-5
        4120.   1.424190E-5
        4140.   1.399000E-5
        4160.   1.345390E-5
        4180.   1.321940E-5
        4200.   1.281930E-5
        4220.   1.236230E-5
        4240.   1.232280E-5
        4260.   1.190170E-5
        4280.   1.150870E-5
        4300.   1.132390E-5
        4320.   1.090780E-5
        4340.   1.072730E-5
        4360.   1.049390E-5
        4380.   1.037330E-5
        4400.   1.033390E-5
        4420.   1.012910E-5
        4440.   9.880500E-6
        4460.   9.819520E-6
        4480.   9.599560E-6
        4500.   9.271030E-6
        4520.   8.912690E-6
        4540.   8.876240E-6
        4560.   8.863330E-6
        4580.   8.707550E-6
        4600.   8.482600E-6
        4620.   8.453290E-6
        4640.   8.229530E-6
        4660.   8.079920E-6
        4680.   8.229510E-6
        4700.   8.242760E-6
        4720.   7.695680E-6
        4740.   7.461670E-6
        4760.   7.721520E-6
        4780.   7.671320E-6
        4800.   7.477290E-6
        4820.   7.425320E-6
        4840.   7.518080E-6
        4860.   7.431000E-6
        4880.   7.190760E-6
        4900.   7.244620E-6
        4920.   7.354240E-6
        4940.   7.143570E-6
        4960.   7.079650E-6
        4980.   6.941890E-6
        5000.   6.832020E-6
        5020.   6.798620E-6
        5040.   6.640080E-6
        5060.   6.622960E-6
        5080.   6.747640E-6
        5100.   6.693850E-6
        5120.   6.500810E-6
        5140.   6.838110E-6
        5160.   6.696610E-6
        5180.   6.546680E-6
        5200.   6.628970E-6
        5220.   6.325410E-6
        5240.   6.279010E-6
        5260.   6.347870E-6
        5280.   6.253420E-6
        5300.   6.288280E-6
        5320.   6.226600E-6
        5340.   6.289470E-6
        5360.   6.350870E-6
        5380.   6.210860E-6
        5400.   6.049310E-6
        5420.   5.889400E-6
        5440.   5.952500E-6
        5460.   6.115700E-6
        5480.   6.007040E-6
        5500.   5.944840E-6
        5520.   5.887240E-6
        5540.   6.091310E-6
        5560.   5.980420E-6
        5580.   6.069310E-6
        5600.   6.151680E-6
        5620.   5.953010E-6
        5640.   5.957660E-6
        5660.   5.856130E-6
        5680.   5.783970E-6
        5700.   5.953360E-6
        5720.   5.900260E-6
        5740.   5.728750E-6
        5760.   5.802230E-6
        5780.   5.732630E-6
        5800.   5.664340E-6
        5820.   5.905000E-6
        5840.   5.516020E-6
        5860.   5.469650E-6
        5880.   5.384360E-6
        5900.   5.576990E-6
        5920.   5.397740E-6
        5940.   5.516190E-6
        5960.   5.926180E-6
        5980.   5.360840E-6
        6000.   5.387310E-6
        6020.   5.465330E-6
        6040.   5.459100E-6
        6060.   5.292220E-6
        6080.   5.354030E-6
        6100.   5.249380E-6
        6120.   5.439600E-6
        6140.   5.509890E-6
        6160.   5.211740E-6
        6180.   5.329850E-6
        6200.   5.223440E-6
        6220.   5.037570E-6
        6240.   5.169360E-6
        6260.   5.258550E-6
        6280.   5.176940E-6
        6300.   5.018260E-6
        6320.   5.052260E-6
        6340.   5.340910E-6
        6360.   5.358200E-6
        6380.   5.279380E-6
        6400.   5.399990E-6
        6420.   4.170380E-6
        6440.   5.323320E-6
        6460.   5.080340E-6
        6480.   5.145770E-6
        6500.   5.199530E-6
        6520.   5.276300E-6
        6540.   4.856170E-6
        6560.   5.385410E-6
        6580.   5.110780E-6
        6600.   5.171350E-6
        6620.   5.265480E-6
        6640.   5.482050E-6
        6660.   5.315980E-6
        6680.   5.000000E-6
        6700.   5.397070E-6
        6720.   5.144510E-6
        6740.   4.562990E-6
        6760.   5.077220E-6
        6780.   6.515690E-6
        6800.   5.175200E-6
        6820.   5.067800E-6
        6840.   5.320330E-6
        6860.   5.233310E-6
        6880.   5.357970E-6
        6900.   5.617160E-6
        6920.   5.118990E-6
        6940.   4.908260E-6
        6960.   5.993010E-6
        6980.   5.496290E-6
        7000.   5.079070E-6
        7020.   5.715260E-6
        7040.   5.314200E-6
        7060.   5.418560E-6
        7080.   5.272090E-6
        7100.   4.960330E-6
        7120.   5.986640E-6
        7140.   5.151610E-6
        7160.   5.315440E-6
        7180.   5.256870E-6
        7200.   5.897650E-6
        7220.   5.694340E-6
        7240.   6.304200E-6
        7260.   5.636140E-6
        7280.   6.059220E-6
        7300.   5.827870E-6
        7320.   5.826910E-6
        7340.   6.342330E-6
        7360.   5.507600E-6
        7380.   6.108020E-6
        7400.   6.650010E-6
        7420.   6.197390E-6
        7440.   6.339960E-6
        7460.   6.452030E-6
        7480.   6.199660E-6
        7500.   6.935470E-6
        7520.   6.564160E-6
        7540.   6.991960E-6
        7560.   7.175410E-6
        7580.   7.163000E-6
        7600.   7.550680E-6
        7620.   7.504880E-6
        7640.   7.712180E-6
        7660.   8.006450E-6
        7680.   7.515860E-6
        7700.   7.964790E-6
        7720.   8.452280E-6
        7740.   8.236620E-6
        7760.   8.267570E-6
        7780.   8.811050E-6
        7800.   9.039410E-6
        7820.   8.681370E-6
        7840.   9.124980E-6
        7860.   9.875390E-6
        7880.   9.692280E-6
        7900.   9.906360E-6
        7920.   1.033200E-5
        7940.   1.041540E-5
        7960.   1.080980E-5
        7980.   1.104010E-5
        8000.   1.108010E-5
        8020.   1.189060E-5
        8040.   1.239790E-5
        8060.   1.189850E-5
        8080.   1.240460E-5
        8100.   1.283740E-5
        8120.   1.337730E-5
        8140.   1.307280E-5
        8160.   1.383400E-5
        8180.   1.447730E-5
        8200.   1.414720E-5
        8220.   1.479510E-5
        8240.   1.489050E-5
        8260.   1.571000E-5
        8280.   1.549000E-5
        8300.   1.623720E-5
        8320.   1.713610E-5
        8340.   1.701760E-5
        8360.   1.767970E-5
        8380.   1.783250E-5
        8400.   1.855340E-5
        8420.   1.893200E-5
        8440.   1.791590E-5
        8460.   1.738070E-5
        8480.   1.758030E-5
        8500.   1.912970E-5
        8520.   2.091930E-5
        8540.   2.019220E-5
        8560.   1.989080E-5
        8580.   2.006950E-5
        8600.   2.090990E-5
        8620.   1.912150E-5
        8640.   1.635390E-5
        8660.   1.528270E-5
        8680.   1.699860E-5
        8700.   2.451700E-5
        8720.   3.108890E-5
        8740.   3.117470E-5
        8760.   2.870620E-5
        8780.   2.643970E-5
        8800.   2.516880E-5
        8820.   1.779340E-5
        8880.   2.463200E-5
        8900.   2.135050E-5
        8920.   2.017830E-5
        8940.   2.425980E-5
        8960.   2.179160E-5
        8980.   1.990610E-5
        9000.   2.116820E-5
        9020.   2.056760E-5
        9040.   2.195100E-5
        9060.   2.284240E-5
        9080.   2.135960E-5
        9100.   2.161670E-5
        9120.   2.196520E-5
        9140.   2.088730E-5
        9160.   2.129380E-5
        9180.   1.891110E-5
        9200.   1.955130E-5
        9220.   2.267170E-5
        9240.   2.015760E-5
        9260.   1.983060E-5
        9280.   2.035870E-5
        9300.   1.872350E-5
        9320.   1.986540E-5
        9340.   2.155390E-5
        9360.   2.002370E-5
        9380.   1.851870E-5
        9400.   1.868370E-5
        9420.   1.874440E-5
        9440.   1.872720E-5
        9460.   1.941170E-5
        9480.   1.858980E-5
        9500.   1.776570E-5
        9520.   1.862550E-5
        9540.   1.836960E-5
        9560.   1.858460E-5
        9580.   1.715920E-5
        9600.   1.790140E-5
        9620.   1.795030E-5
        9640.   1.747700E-5
        9660.   1.895890E-5
        9680.   1.602740E-5
        9700.   1.451370E-5
        9720.   1.644720E-5
        9740.   1.744370E-5
        9760.   1.618610E-5
        9780.   1.643260E-5
        9800.   1.640210E-5
        9820.   1.474890E-5
        9840.   1.620370E-5
        9860.   1.390800E-5
        9880.   1.507950E-5
        9900.   1.580420E-5
        9920.   1.447240E-5
        9940.   1.434250E-5
        9960.   1.567690E-5
        9980.   1.320370E-5
       10000.   1.517510E-5
       10020.   1.417080E-5
       10040.   1.319440E-5
       10060.   1.383800E-5
       10080.   1.427700E-5
       10100.   1.305150E-5
       10120.   1.235230E-5
       10140.   1.305010E-5
       10160.   1.281900E-5
       10180.   1.395770E-5
       10200.   1.334220E-5
       10220.   1.138760E-5
       10240.   1.228540E-5
       10260.   1.108020E-5
       10280.   1.202610E-5
       10300.   1.174420E-5
       10320.   1.122560E-5
       10340.   1.145460E-5
       10360.   1.189910E-5
       10380.   1.136940E-5
       10400.   1.137040E-5
       10420.   1.154050E-5
       10440.   1.102350E-5
       10460.   1.192710E-5
       10480.   1.047300E-5
       10500.   9.731960E-6
       10520.   1.006770E-5
       10540.   1.110330E-5
       10560.   1.012550E-5
       10580.   9.890030E-6
       10600.   9.163220E-6
       10620.   1.100000E-5
       10640.   1.197810E-5
       10660.   8.614670E-6
       10680.   9.752120E-6
       10700.   1.090380E-5
       10720.   7.960410E-6
       10740.   1.017930E-5
       10760.   9.786830E-6
       10780.   8.403250E-6
       10800.   9.967960E-6
       10820.   8.797640E-6
       10840.   9.257800E-6
       10860.   9.257930E-6
       10880.   9.369150E-6
       10900.   8.205250E-6
       10920.   8.682810E-6
       10940.   8.100780E-6
       10960.   7.872560E-6
       10980.   8.635770E-6
       11000.   6.839120E-6
       11001.            0.
       11002.            0.
