        1938.            0.
        1939.            0.
        1940.   2.119490E-7
        1950.   1.998560E-7
        1960.   1.823130E-7
        1970.   1.253910E-7
        1980.   1.475250E-7
        1990.   1.790430E-7
        2000.   1.591600E-7
        2010.   1.572890E-7
        2020.   1.092970E-7
        2030.   1.544500E-7
        2040.   1.319280E-7
        2050.   1.087620E-7
        2060.   1.295830E-7
        2070.   1.137560E-7
        2080.   1.290970E-7
        2090.   1.233370E-7
        2100.   1.241030E-7
        2110.   1.294000E-7
        2120.   1.216690E-7
        2130.   1.166170E-7
        2140.   9.757620E-8
        2150.   9.195510E-8
        2160.   7.431850E-8
        2170.   1.074850E-7
        2180.   9.049280E-8
        2190.   7.781280E-8
        2200.   7.441370E-8
        2210.   1.302920E-7
        2220.   4.616680E-8
        2230.   7.436820E-8
        2240.   7.024460E-8
        2250.   6.465600E-8
        2260.   6.579700E-8
        2270.   4.989300E-8
        2280.   9.151280E-8
        2290.   7.048940E-8
        2300.   9.458510E-8
        2310.   9.161240E-8
        2320.   8.881230E-8
        2330.   8.187720E-8
        2340.   8.435020E-8
        2350.   7.043330E-8
        2360.   6.142390E-8
        2370.   1.034710E-7
        2380.   6.888890E-8
        2390.   7.309250E-8
        2400.   9.673280E-8
        2410.   8.490520E-8
        2420.   9.768550E-8
        2430.   1.365820E-7
        2440.   1.388000E-7
        2450.   1.365440E-7
        2460.   1.657230E-7
        2470.   1.510650E-7
        2480.   1.510930E-7
        2490.   1.811820E-7
        2500.   2.004100E-7
        2510.   1.405860E-7
        2520.   1.905680E-7
        2530.   2.116270E-7
        2540.   2.150090E-7
        2550.   1.815480E-7
        2560.   2.277890E-7
        2570.   2.589030E-7
        2580.   2.188330E-7
        2590.   2.796300E-7
        2600.   2.567260E-7
        2610.   2.849840E-7
        2620.   3.147650E-7
        2630.   3.385440E-7
        2640.   3.737210E-7
        2650.   3.464380E-7
        2660.   3.867710E-7
        2670.   3.655010E-7
        2680.   4.456980E-7
        2690.   4.319510E-7
        2700.   4.766300E-7
        2710.   4.652190E-7
        2720.   4.882620E-7
        2730.   5.353480E-7
        2740.   5.486120E-7
        2750.   5.805250E-7
        2760.   5.995300E-7
        2770.   5.745250E-7
        2780.   6.291400E-7
        2790.   6.612610E-7
        2800.   6.730570E-7
        2810.   6.638950E-7
        2820.   7.299810E-7
        2830.   6.890030E-7
        2840.   7.463850E-7
        2850.   7.270550E-7
        2860.   7.413580E-7
        2870.   6.970040E-7
        2880.   6.668820E-7
        2890.   6.847130E-7
        2900.   6.776370E-7
        2910.   6.394460E-7
        2920.   6.089970E-7
        2930.   5.812980E-7
        2940.   6.197540E-7
        2950.   5.669720E-7
        2960.   5.800070E-7
        2970.   5.456940E-7
        2980.   5.119210E-7
        2990.   5.011340E-7
        3000.   4.428900E-7
        3010.   4.470370E-7
        3020.   3.960060E-7
        3030.   3.983120E-7
        3040.   3.750260E-7
        3050.   3.554190E-7
        3060.   3.162520E-7
        3070.   3.251150E-7
        3080.   2.738220E-7
        3090.   2.675290E-7
        3100.   2.836920E-7
        3110.   2.413100E-7
        3120.   2.453460E-7
        3130.   2.258480E-7
        3140.   2.091730E-7
        3150.   1.766980E-7
        3160.   1.744420E-7
        3170.   2.165090E-7
        3180.   1.910540E-7
        3190.   1.849240E-7
        3200.   1.360210E-7
        3210.   1.839550E-7
        3220.   1.264580E-7
        3230.   1.791810E-7
        3240.   1.400570E-7
        3250.   1.718580E-7
        3260.   1.492390E-7
        3270.   1.427130E-7
        3280.   1.693150E-7
        3290.   1.802950E-7
        3300.   1.676000E-7
        3310.   1.485990E-7
        3320.   1.769980E-7
        3330.   1.361460E-7
        3340.   1.400580E-7
        3350.   1.245030E-7
        3360.   1.316260E-7
        3370.   1.350970E-7
        3380.   1.581410E-7
        3390.   1.317460E-7
        3400.   1.693190E-7
        3410.   1.582730E-7
        3420.   6.467300E-8
        3430.   1.423630E-7
        3440.   1.378830E-7
        3450.   1.404300E-7
        3460.   9.930790E-8
        3470.   7.953930E-8
        3480.   8.520620E-8
        3490.   1.212580E-7
        3500.   8.376950E-8
        3510.   1.013900E-7
        3520.   2.504590E-8
        3530.   3.945810E-8
        3540.   6.212060E-8
        3550.   7.735530E-8
        3560.   1.402920E-7
        3570.   6.898510E-8
        3580.   1.070870E-7
        3590.   1.082980E-7
        3600.   1.111060E-7
        3610.   5.774610E-8
        3620.   1.195520E-7
        3630.   1.104510E-7
        3640.   1.406210E-7
        3650.   6.947330E-8
        3660.   9.466040E-8
        3670.   5.398760E-8
        3680.   9.641220E-8
        3690.   1.170610E-7
        3700.   1.692610E-7
        3710.   4.217360E-8
        3720.   6.334710E-8
        3730.   1.046360E-7
        3740.   1.458990E-7
        3750.   1.461780E-7
        3760.   1.387180E-7
        3770.   8.828400E-8
        3780.   5.538750E-8
        3790.   1.832370E-7
        3800.   1.106890E-7
        3810.   1.587650E-7
        3820.   1.520530E-7
        3830.   1.689170E-7
        3840.   2.098740E-7
        3850.   2.413840E-7
        3860.   1.663830E-7
        3870.   1.706680E-7
        3880.   1.191440E-7
        3890.   1.112360E-7
        3900.   2.198440E-7
        3910.   2.097760E-7
        3920.   3.007110E-7
        3930.   2.616890E-7
        3940.   2.346370E-7
        3950.   2.710470E-7
        3960.   1.335700E-7
        3970.   2.423810E-7
        3980.   2.056650E-7
        3990.   1.827320E-7
        4000.   2.939960E-7
        4010.   2.634180E-7
        4020.   2.686930E-7
        4030.   2.435130E-7
        4040.   2.307760E-7
        4050.   2.320720E-7
        4060.   2.063370E-7
        4070.   2.153300E-7
        4080.   1.994090E-7
        4090.   2.132290E-7
        4100.   2.225580E-7
        4110.   1.952690E-7
        4120.   1.390300E-7
        4130.   2.263320E-7
        4140.   1.903940E-7
        4150.   2.049770E-7
        4160.   1.993450E-7
        4170.   2.186940E-7
        4180.   1.793270E-7
        4190.   1.675670E-7
        4200.   1.957380E-7
        4210.   1.914360E-7
        4220.   1.654410E-7
        4230.   1.547900E-7
        4240.   2.075150E-7
        4250.   1.550900E-7
        4260.   1.627630E-7
        4270.   1.858690E-7
        4280.   1.700000E-7
        4290.   1.475040E-7
        4300.   1.889550E-7
        4310.   1.589730E-7
        4320.   1.964120E-7
        4330.   1.723590E-7
        4340.   1.744710E-7
        4350.   1.614050E-7
        4360.   1.749920E-7
        4370.   1.581690E-7
        4380.   2.004820E-7
        4390.   2.014450E-7
        4400.   1.478580E-7
        4410.   1.755400E-7
        4420.   2.027260E-7
        4430.   1.893070E-7
        4440.   2.104470E-7
        4450.   1.991550E-7
        4460.   1.726270E-7
        4470.   1.670660E-7
        4480.   1.846370E-7
        4490.   1.963950E-7
        4500.   2.147140E-7
        4510.   1.939110E-7
        4520.   1.610190E-7
        4530.   1.535340E-7
        4540.   1.724030E-7
        4550.   1.642140E-7
        4560.   1.857060E-7
        4570.   1.981710E-7
        4580.   1.571650E-7
        4590.   1.767570E-7
        4600.   1.349950E-7
        4610.   1.973700E-7
        4620.   1.892650E-7
        4630.   2.126700E-7
        4640.   1.857610E-7
        4650.   1.778640E-7
        4660.   1.657020E-7
        4670.   1.955660E-7
        4680.   1.926960E-7
        4690.   1.624920E-7
        4700.   1.739750E-7
        4710.   2.098120E-7
        4720.   1.996510E-7
        4730.   1.759090E-7
        4740.   2.062160E-7
        4750.   2.022490E-7
        4760.   1.705060E-7
        4770.   1.972250E-7
        4780.   1.756470E-7
        4790.   2.271870E-7
        4800.   2.268600E-7
        4810.   1.964290E-7
        4820.   2.146650E-7
        4830.   2.122990E-7
        4840.   2.502930E-7
        4850.   1.685170E-7
        4860.   2.590930E-7
        4870.   2.066390E-7
        4880.   1.783990E-7
        4890.   2.366490E-7
        4900.   2.673050E-7
        4910.   2.044120E-7
        4920.   2.460610E-7
        4930.   1.994230E-7
        4940.   2.316290E-7
        4950.   2.061820E-7
        4960.   2.085350E-7
        4970.   2.216550E-7
        4980.   2.190650E-7
        4990.   2.326920E-7
        5000.   2.111620E-7
        5010.   2.393700E-7
        5020.   2.137560E-7
        5030.   2.520840E-7
        5040.   2.513090E-7
        5050.   2.688120E-7
        5060.   2.471630E-7
        5070.   2.417060E-7
        5080.   2.480720E-7
        5090.   2.477600E-7
        5100.   3.277490E-7
        5110.   2.720650E-7
        5120.   2.963090E-7
        5130.   3.333010E-7
        5140.   3.800770E-7
        5150.   3.947350E-7
        5160.   4.989530E-7
        5170.   5.438300E-7
        5180.   6.892070E-7
        5190.   9.049410E-7
        5200.   1.160440E-6
        5210.   1.578480E-6
        5220.   2.190940E-6
        5230.   3.070460E-6
        5240.   4.448690E-6
        5250.   6.525050E-6
        5260.   9.770530E-6
        5270.   1.436960E-5
        5280.   2.192850E-5
        5320.   6.100000E-5
        5330.   1.100000E-4
        5340.   1.820000E-4
        5350.   3.270000E-4
        5360.   5.300000E-4
        5370.   8.510000E-4
        5380.      0.001465
        5390.      0.002493
        5400.      0.004312
        5410.      0.007642
        5420.      0.013602
        5430.      0.024259
        5440.      0.043996
        5450.      0.079979
        5460.      0.142222
        5470.      0.239479
        5480.      0.374929
        5490.      0.531335
        5500.      0.670845
        5510.      0.771536
        5520.      0.832585
        5530.      0.864838
        5540.      0.880021
        5550.      0.891185
        5560.      0.903681
        5570.      0.914705
        5580.      0.926038
        5590.      0.934245
        5600.      0.940571
        5610.      0.942498
        5620.      0.939193
        5630.      0.934166
        5640.      0.925263
        5650.      0.914293
        5660.      0.901065
        5670.      0.891807
        5680.       0.88566
        5690.      0.881232
        5700.      0.878079
        5710.      0.879717
        5720.       0.88693
        5730.      0.897938
        5740.      0.908545
        5750.      0.919093
        5760.      0.932569
        5770.      0.943776
        5780.      0.950924
        5790.      0.954019
        5800.      0.954377
        5810.      0.949526
        5820.      0.939643
        5830.       0.92771
        5840.      0.916883
        5850.      0.906451
        5860.      0.894903
        5870.      0.884509
        5880.      0.879255
        5890.      0.880649
        5900.      0.884535
        5910.       0.88845
        5920.      0.894853
        5930.       0.90595
        5940.      0.919801
        5950.      0.931791
        5960.      0.940461
        5970.       0.94779
        5980.      0.952963
        5990.      0.954392
        6000.      0.949303
        6010.      0.941747
        6020.      0.933503
        6030.       0.92458
        6040.      0.911631
        6050.      0.897205
        6060.      0.887313
        6070.      0.880966
        6080.      0.877334
        6090.      0.873084
        6100.       0.86995
        6110.      0.871207
        6120.      0.877891
        6130.       0.88539
        6140.      0.890282
        6150.      0.894923
        6160.      0.900601
        6170.      0.908681
        6180.      0.913314
        6190.      0.914271
        6200.      0.912656
        6210.      0.911708
        6220.      0.911723
        6230.      0.908584
        6240.      0.902167
        6250.       0.89595
        6260.      0.893396
        6270.      0.893187
        6280.      0.890767
        6290.      0.887295
        6300.      0.884237
        6310.      0.885734
        6320.      0.889636
        6330.      0.891736
        6340.      0.891081
        6350.      0.889643
        6360.      0.890801
        6370.      0.892753
        6380.       0.89432
        6390.      0.891562
        6400.      0.886503
        6410.      0.884098
        6420.      0.883925
        6430.      0.884424
        6440.      0.882345
        6450.      0.879045
        6460.      0.876956
        6470.      0.880153
        6480.      0.886183
        6490.      0.891014
        6500.       0.89431
        6510.       0.89718
        6520.      0.904048
        6530.      0.912848
        6540.       0.92169
        6550.      0.927478
        6560.      0.930818
        6570.      0.933395
        6580.      0.936005
        6590.      0.938051
        6600.         0.936
        6610.      0.930229
        6620.      0.923727
        6630.      0.917481
        6640.      0.912707
        6650.      0.905385
        6660.      0.896203
        6670.      0.886559
        6680.      0.879546
        6690.      0.877786
        6700.      0.877903
        6710.      0.877865
        6720.      0.877192
        6730.      0.877553
        6740.      0.880926
        6750.      0.889095
        6760.      0.897781
        6770.      0.905053
        6780.      0.909652
        6790.      0.912032
        6800.      0.914797
        6810.      0.916644
        6820.       0.91648
        6830.      0.912332
        6840.      0.904334
        6850.      0.895852
        6860.      0.888221
        6870.      0.882513
        6880.      0.876577
        6890.      0.870125
        6900.      0.864065
        6910.      0.859408
        6920.      0.859038
        6930.       0.86149
        6940.      0.863822
        6950.      0.864074
        6960.       0.86227
        6970.      0.860306
        6980.      0.860746
        6990.      0.866583
        7000.      0.878136
        7010.      0.893609
        7020.      0.905295
        7030.      0.893708
        7040.      0.831846
        7050.      0.699885
        7060.      0.514971
        7070.      0.332078
        7080.      0.198909
        7090.      0.116084
        7100.      0.066394
        7110.      0.038823
        7120.      0.023618
        7130.      0.014629
        7140.      0.009201
        7150.      0.005937
        7160.      0.003926
        7170.      0.002683
        7180.      0.001802
        7190.      0.001282
        7200.   9.050000E-4
        7210.   6.280000E-4
        7220.   4.430000E-4
        7230.   3.380000E-4
        7240.   2.490000E-4
        7250.   1.700000E-4
        7260.   1.360000E-4
        7270.   9.400000E-5
        7280.   9.340860E-5
        7290.   7.243570E-5
        7300.   5.673580E-5
        7310.   4.508050E-5
        7320.   3.568130E-5
        7330.   2.840150E-5
        7340.   2.291860E-5
        7350.   1.860890E-5
        7360.   1.516410E-5
        7370.   1.227680E-5
        7380.   1.017580E-5
        7390.   8.527000E-6
        7400.   7.185730E-6
        7410.   5.958150E-6
        7420.   5.053470E-6
        7430.   4.349130E-6
        7440.   3.744900E-6
        7450.   3.273390E-6
        7460.   2.928820E-6
        7470.   2.620240E-6
        7480.   2.309860E-6
        7490.   2.073940E-6
        7500.   1.827740E-6
        7510.   1.758840E-6
        7520.   1.551170E-6
        7530.   1.405190E-6
        7540.   1.311630E-6
        7550.   1.242250E-6
        7560.   1.186390E-6
        7570.   1.104930E-6
        7580.   1.034170E-6
        7590.   9.973600E-7
        7600.   9.852240E-7
        7610.   9.147790E-7
        7620.   8.882530E-7
        7630.   8.609640E-7
        7640.   8.587780E-7
        7650.   8.192280E-7
        7660.   7.788340E-7
        7670.   7.962110E-7
        7680.   7.583490E-7
        7690.   8.119230E-7
        7700.   7.344360E-7
        7710.   7.200530E-7
        7720.   7.347340E-7
        7730.   6.985560E-7
        7740.   7.236310E-7
        7750.   7.271100E-7
        7760.   6.609280E-7
        7770.   7.194160E-7
        7780.   6.724950E-7
        7790.   7.343110E-7
        7800.   7.289080E-7
        7810.   6.721540E-7
        7820.   7.828400E-7
        7830.   7.078140E-7
        7840.   6.817970E-7
        7850.   6.440270E-7
        7860.   6.482920E-7
        7870.   6.451010E-7
        7880.   7.071820E-7
        7890.   7.148490E-7
        7900.   6.360920E-7
        7910.   6.996870E-7
        7920.   5.885000E-7
        7930.   6.367910E-7
        7940.   6.256750E-7
        7950.   6.062220E-7
        7960.   5.757060E-7
        7970.   6.635380E-7
        7980.   6.889300E-7
        7990.   6.223100E-7
        8000.   2.545010E-7
        8010.   2.964300E-7
        8020.   3.133410E-7
        8030.   3.075950E-7
        8040.   3.230210E-7
        8050.   2.828820E-7
        8060.   3.393830E-7
        8070.   3.789400E-7
        8080.   2.865480E-7
        8090.   3.441800E-7
        8100.   3.455170E-7
        8110.   2.888620E-7
        8120.   3.170800E-7
        8130.   2.074660E-7
        8140.   2.678920E-7
        8150.   2.213290E-7
        8160.   2.465140E-7
        8170.   1.859850E-7
        8180.   1.370650E-7
        8190.   1.375340E-7
        8200.   1.140620E-7
        8210.   1.542540E-7
        8220.   1.031020E-7
        8230.   4.458700E-8
        8240.   3.814940E-8
        8250.   4.386250E-8
        8260.   3.326770E-8
        8270.   6.270070E-8
        8280.   4.052040E-8
        8290.   1.043840E-7
        8300.   8.945650E-8
        8310.   9.903050E-8
        8320.   1.143060E-8
        8330.   7.149590E-8
        8340.   1.087130E-7
        8350.   6.955670E-8
        8360.   6.915470E-8
        8370.   9.724120E-8
        8380.   3.558420E-8
        8390.   4.960800E-8
        8400.   9.808980E-8
        8410.   6.216140E-8
        8420.   5.362630E-8
        8430.   7.655540E-8
        8440.   6.946220E-8
        8450.   6.850150E-8
        8460.   7.598910E-8
        8470.   6.154700E-8
        8480.   5.837170E-8
        8490.   1.869510E-8
        8500.   4.106910E-6
        8510.  1.000230E-10
        8520.   3.275670E-6
        8530.  1.000230E-10
        8540.   3.494230E-6
        8550.  1.000230E-10
        8560.   2.952410E-6
        8570.   4.833150E-7
        8580.   2.657660E-6
        8590.   2.754990E-6
        8600.  1.000230E-10
        8610.  1.000230E-10
        8620.   7.974090E-6
        8630.  1.000230E-10
        8640.  1.000230E-10
        8650.   3.297950E-6
        8660.  1.000230E-10
        8670.   2.974020E-6
        8680.  1.000230E-10
        8690.  1.000230E-10
        8700.   3.376600E-6
        8710.   3.152460E-7
        8720.   8.612220E-7
        8730.   2.188160E-6
        8740.  1.000230E-10
        8750.   1.449870E-6
        8760.   1.180970E-6
        8770.  1.000230E-10
        8780.   1.232940E-6
        8790.   1.666110E-6
        8800.  1.000230E-10
        8810.  1.000230E-10
        8820.   3.750470E-6
        8830.   1.055160E-6
        8840.  1.000230E-10
        8850.  1.000230E-10
        8860.  1.000230E-10
        8870.   1.645420E-6
        8880.   1.074030E-6
        8890.   1.288530E-6
        8900.   1.394680E-6
        8910.   1.903390E-6
        8920.  1.000230E-10
        8930.  1.000230E-10
        8940.  1.000230E-10
        8950.  1.000230E-10
        8960.  1.000230E-10
        8970.  1.000230E-10
        8980.   1.255330E-6
        8990.   1.674460E-6
        9000.   3.546880E-7
        9010.   3.471280E-7
        9020.  1.000230E-10
        9030.   4.077870E-7
        9040.   1.662450E-6
        9050.  1.000230E-10
        9060.   9.044590E-7
        9070.   8.790630E-7
        9080.   1.425740E-6
        9090.   1.939770E-7
        9100.  1.000230E-10
        9110.  1.000230E-10
        9120.   5.526930E-7
        9130.  1.000230E-10
        9140.  1.000230E-10
        9150.   6.140560E-7
        9160.   4.038640E-7
        9170.  1.000230E-10
        9180.  1.000230E-10
        9190.   1.092970E-6
        9200.  1.000230E-10
        9210.   8.645220E-8
        9220.   6.176920E-7
        9230.   1.618990E-6
        9240.   6.777510E-7
        9250.   3.415130E-7
        9260.  1.000230E-10
        9270.  1.000230E-10
        9280.   1.158870E-6
        9290.   7.861720E-7
        9300.  1.000230E-10
        9310.  1.000230E-10
        9320.   7.038700E-7
        9330.   1.362880E-7
        9340.  1.000230E-10
        9350.   8.881730E-7
        9360.   4.271360E-8
        9370.  1.000230E-10
        9380.  1.000230E-10
        9390.  1.000230E-10
        9400.  1.000230E-10
        9410.   5.700300E-7
        9420.   1.501760E-7
        9430.  1.000230E-10
        9440.   1.939460E-7
        9450.   1.005010E-6
        9460.  1.000230E-10
        9470.   2.876370E-7
        9480.  1.000230E-10
        9490.   2.842960E-7
        9500.   5.093280E-7
        9510.  1.000230E-10
        9520.  1.000230E-10
        9530.  1.000230E-10
        9540.  1.000230E-10
        9550.  1.000230E-10
        9560.  1.000230E-10
        9570.  1.000230E-10
        9580.   3.245820E-7
        9590.   8.620310E-8
        9600.   8.721640E-7
        9610.  1.000230E-10
        9620.  1.000230E-10
        9630.  1.000230E-10
        9640.  1.000230E-10
        9650.   2.547920E-8
        9660.  1.000230E-10
        9670.   5.415230E-7
        9680.   4.150740E-7
        9690.  1.000230E-10
        9700.  1.000230E-10
        9710.  1.000230E-10
        9720.   1.314930E-8
        9730.  1.000230E-10
        9740.  1.000230E-10
        9750.   5.482850E-7
        9760.   6.503720E-8
        9770.   1.392700E-7
        9780.  1.000230E-10
        9790.  1.000230E-10
        9800.   1.666890E-7
        9810.  1.000230E-10
        9820.   3.978040E-7
        9830.   7.102280E-7
        9840.   1.070330E-7
        9850.   1.696560E-7
        9860.  1.000230E-10
        9870.  1.000230E-10
        9880.  1.000230E-10
        9890.   1.257420E-7
        9900.   1.807680E-7
        9910.   3.991020E-7
        9920.   2.662040E-7
        9930.   3.416870E-7
        9940.   3.253580E-8
        9950.   3.938290E-7
        9960.  1.000230E-10
        9970.   3.855820E-7
        9980.   3.482270E-7
        9990.   4.204810E-7
       10000.   4.901020E-7
       10010.   3.034160E-8
       10020.   4.566800E-7
       10030.   4.591500E-9
       10040.  1.000230E-10
       10050.   4.079500E-7
       10060.   1.290930E-7
       10070.   1.558480E-7
       10080.   1.050200E-6
       10090.   4.441170E-7
       10100.   7.605610E-7
       10110.   5.739180E-7
       10120.   6.761820E-7
       10130.   4.301050E-7
       10140.   4.359070E-7
       10150.   3.702500E-7
       10160.   6.573610E-7
       10170.   9.077490E-7
       10180.   6.000990E-7
       10190.   4.759160E-7
       10200.   8.510910E-7
       10210.   6.194920E-7
       10220.   9.358170E-7
       10230.   5.649270E-7
       10240.   7.360820E-7
       10250.   5.322860E-7
       10260.   3.312880E-7
       10270.   4.130770E-7
       10280.   5.291050E-7
       10290.   5.196320E-7
       10300.   1.370500E-6
       10310.   1.292360E-6
       10320.   1.424760E-6
       10330.   1.711180E-6
       10340.   1.578310E-6
       10350.   1.684850E-6
       10360.   1.015610E-6
       10370.   1.570250E-6
       10380.   1.691980E-6
       10390.   1.401770E-6
       10400.   1.365820E-6
       10410.   1.986420E-6
       10420.   2.009460E-6
       10430.   1.306210E-6
       10440.   1.594430E-6
       10450.   1.339300E-6
       10460.   1.685370E-6
       10470.   1.406560E-6
       10480.   1.288510E-6
       10490.   1.382260E-6
       10500.   1.833430E-6
       10510.   1.719950E-6
       10520.   1.367760E-6
       10530.   1.148060E-6
       10540.   1.390300E-6
       10550.   1.324150E-6
       10560.   1.917540E-6
       10570.   1.258400E-6
       10580.   9.693190E-7
       10590.   1.644230E-6
       10600.   1.631990E-6
       10610.   1.366320E-6
       10620.   1.826830E-6
       10630.   1.358050E-6
       10640.   1.303840E-6
       10650.   1.543790E-6
       10660.   1.481320E-6
       10670.   1.595610E-6
       10680.   1.402150E-6
       10690.   1.122930E-6
       10700.   1.800150E-6
       10710.   2.198280E-6
       10720.   1.584260E-6
       10730.   1.600370E-6
       10740.   2.087780E-6
       10750.   2.184510E-6
       10760.   2.112500E-6
       10770.   1.980940E-6
       10780.   2.214420E-6
       10790.   1.898940E-6
       10800.   2.359200E-6
       10810.   2.034050E-6
       10820.   2.756240E-6
       10830.   2.531240E-6
       10840.   2.382570E-6
       10850.   2.539860E-6
       10860.   2.316790E-6
       10870.   2.655320E-6
       10880.   2.819810E-6
       10890.   2.598510E-6
       10900.   3.062090E-6
       10910.   3.214800E-6
       10920.   2.739570E-6
       10930.   3.085160E-6
       10940.   3.072480E-6
       10950.   3.473950E-6
       10960.   3.241780E-6
       10970.   3.397690E-6
       10980.   3.309170E-6
       10990.   4.127490E-6
       11000.   4.036820E-6
       11001.            0.
       11002.            0.
