        6998.            0.
        6999.            0.
        7000.   3.437620E-7
        7020.   1.300650E-6
        7040.   1.959680E-6
        7060.   4.111020E-7
        7080.   2.275180E-7
        7100.   3.934010E-7
        7120.   5.208980E-7
        7140.   7.321850E-7
        7160.   1.472070E-7
        7180.   2.541190E-7
        7200.   8.929020E-7
        7220.   3.832560E-7
        7240.   6.411420E-8
        7260.   5.391200E-7
        7280.   2.380570E-7
        7300.   6.069990E-7
        7320.   1.047470E-6
        7340.   1.053300E-6
        7360.   5.713800E-7
        7380.   4.418890E-8
        7400.   6.216370E-7
        7420.   8.916760E-8
        7440.   6.259290E-7
        7460.   3.599850E-7
        7480.   4.746200E-7
        7500.   8.605940E-7
        7520.   4.544190E-8
        7540.   1.827320E-7
        7560.   2.534960E-7
        7580.   7.375710E-7
        7600.   6.225260E-7
        7620.   3.944410E-7
        7640.   8.390910E-7
        7660.   2.801400E-7
        7680.   1.637520E-7
        7700.   2.117080E-7
        7720.   7.799470E-7
        7740.   8.544700E-7
        7760.   4.519500E-7
        7780.   7.393250E-7
        7800.   4.077740E-7
        7820.   1.463120E-6
        7840.   2.647040E-7
        7860.   2.904930E-7
        7880.   1.018100E-6
        7900.   1.989990E-6
        7920.   6.329020E-7
        7940.   1.001910E-6
        7960.   4.417550E-7
        7980.   7.609410E-7
        8000.   3.447000E-7
        8020.   7.174950E-7
        8040.   1.115010E-6
        8060.   3.226930E-7
        8080.   4.979270E-8
        8100.   4.250950E-7
        8120.   1.029310E-6
        8140.   1.884280E-6
        8160.   4.280010E-7
        8180.   6.831290E-7
        8200.   1.143590E-6
        8220.   2.808550E-6
        8240.   9.993880E-7
        8260.   2.832300E-7
        8280.   2.230130E-6
        8300.   1.201870E-6
        8320.   2.414440E-6
        8340.   3.348350E-6
        8360.   9.028130E-7
        8380.   4.015820E-6
        8400.   6.108190E-6
        8420.   2.033380E-6
        8440.   5.414090E-6
        8460.   6.739480E-6
        8480.   3.605320E-7
        8500.   1.173510E-6
        8650.   1.049340E-4
        8660.   3.393190E-4
        8670.   3.969600E-4
        8680.   2.511510E-4
        8690.   5.280340E-4
        8700.   6.236260E-4
        8710.   6.099260E-4
        8720.   9.642210E-4
        8730.    0.00119821
        8740.    0.00124587
        8750.    0.00160681
        8760.    0.00227782
        8770.     0.0029464
        8780.    0.00360779
        8790.    0.00476238
        8800.    0.00619249
        8810.    0.00813062
        8820.     0.0107618
        8830.     0.0144981
        8840.     0.0194614
        8850.     0.0261657
        8860.     0.0351586
        8870.     0.0469919
        8880.      0.062214
        8890.     0.0817834
        8900.       0.10698
        8910.      0.137583
        8920.      0.172601
        8930.       0.21306
        8940.      0.259731
        8950.      0.311058
        8960.       0.36593
        8970.      0.423757
        8980.      0.483612
        8990.      0.543211
        9000.      0.600439
        9010.      0.653927
        9020.      0.701694
        9030.      0.744352
        9040.      0.779947
        9050.      0.807585
        9060.      0.827427
        9070.      0.841061
        9080.      0.848305
        9090.      0.850463
        9100.      0.849041
        9110.      0.845742
        9120.      0.842324
        9130.      0.839581
        9140.      0.838281
        9150.      0.839572
        9160.      0.844122
        9170.      0.851648
        9180.      0.861351
        9190.      0.873201
        9200.      0.886312
        9210.      0.899493
        9220.      0.911801
        9230.      0.922473
        9240.      0.930862
        9250.      0.936397
        9260.       0.93867
        9270.      0.937771
        9280.       0.93424
        9290.      0.928738
        9300.      0.921904
        9310.      0.914871
        9320.      0.908579
        9330.      0.903549
        9340.      0.901033
        9350.       0.90135
        9360.      0.903662
        9370.      0.908159
        9380.      0.915136
        9390.      0.923442
        9400.      0.931754
        9410.      0.939821
        9420.      0.947335
        9430.       0.95334
        9440.      0.957096
        9450.      0.958588
        9460.      0.957745
        9470.      0.954884
        9480.      0.950565
        9490.      0.945357
        9500.      0.940163
        9510.      0.935495
        9520.      0.931404
        9530.      0.928602
        9540.      0.928115
        9550.      0.929626
        9560.      0.932269
        9570.      0.936186
        9580.      0.941346
        9590.        0.9474
        9600.      0.953265
        9610.      0.957981
        9620.      0.961652
        9630.      0.964046
        9640.      0.964634
        9650.      0.963578
        9660.      0.960626
        9670.      0.956425
        9680.      0.951788
        9690.      0.946832
        9700.      0.942022
        9710.      0.937855
        9720.      0.934632
        9730.      0.933225
        9740.      0.933522
        9750.      0.935109
        9760.      0.938014
        9770.      0.941574
        9780.      0.945751
        9790.      0.950281
        9800.      0.954425
        9810.      0.957615
        9820.      0.959717
        9830.       0.96034
        9840.      0.959384
        9850.      0.957023
        9860.      0.953327
        9870.      0.948636
        9880.      0.943464
        9890.      0.938064
        9900.      0.933162
        9910.      0.928734
        9920.       0.92596
        9930.      0.924608
        9940.      0.924688
        9950.      0.926241
        9960.      0.929326
        9970.      0.933696
        9980.      0.938814
        9990.      0.944382
       10000.      0.949751
       10010.      0.954528
       10020.      0.958285
       10030.      0.960951
       10040.      0.961787
       10050.      0.960542
       10060.      0.957663
       10070.      0.953112
       10080.      0.947267
       10090.      0.940407
       10100.      0.932784
       10110.      0.925775
       10120.      0.919389
       10130.      0.913946
       10140.       0.90994
       10150.      0.907508
       10160.      0.906986
       10170.      0.908483
       10180.      0.911708
       10190.      0.916196
       10200.      0.922643
       10210.      0.929882
       10220.      0.937858
       10230.      0.945959
       10240.      0.953438
       10250.      0.960421
       10260.       0.96625
       10270.      0.970628
       10280.      0.973304
       10290.      0.974457
       10300.      0.973892
       10310.      0.971882
       10320.      0.969038
       10330.      0.964936
       10340.      0.960547
       10350.      0.956427
       10360.      0.952564
       10370.      0.949109
       10380.      0.946665
       10390.      0.945369
       10400.      0.944784
       10410.      0.946233
       10420.      0.948429
       10430.      0.951448
       10440.      0.955147
       10450.      0.959241
       10460.      0.963678
       10470.      0.968105
       10480.      0.972051
       10490.      0.975267
       10500.      0.977794
       10510.      0.979101
       10520.      0.979565
       10530.      0.979334
       10540.      0.977849
       10550.       0.97556
       10560.      0.972882
       10570.      0.969795
       10580.      0.966868
       10590.      0.963747
       10600.      0.961655
       10610.      0.959812
       10620.      0.958697
       10630.      0.958517
       10640.      0.958876
       10650.      0.960036
       10660.      0.961804
       10670.      0.964084
       10680.      0.967329
       10690.      0.970523
       10700.      0.973658
       10710.      0.976751
       10720.      0.979468
       10730.      0.981722
       10740.      0.983552
       10750.      0.984929
       10760.      0.985561
       10770.      0.985579
       10780.      0.984881
       10790.      0.983733
       10800.      0.982207
       10810.      0.980342
       10820.      0.978654
       10830.      0.977019
       10840.      0.975558
       10850.      0.974414
       10860.      0.973788
       10870.      0.973421
       10880.      0.973558
       10890.       0.97429
       10900.      0.975277
       10910.      0.976462
       10920.      0.977906
       10930.      0.979427
       10940.      0.980881
       10950.      0.982079
       10960.       0.98298
       10970.      0.983375
       10980.      0.983479
       10990.      0.983499
       11000.      0.982792
       11010.      0.981717
       11020.       0.98024
       11030.      0.978512
       11040.       0.97678
       11050.      0.974966
       11060.      0.973089
       11070.      0.971451
       11080.      0.970149
       11090.      0.969123
       11100.       0.96847
       11110.      0.968536
       11120.      0.969106
       11130.      0.969864
       11140.      0.971039
       11150.      0.972401
       11160.      0.973947
       11170.      0.975667
       11180.      0.977283
       11190.       0.97874
       11200.      0.979808
       11210.      0.980516
       11220.      0.980946
       11230.      0.980809
       11240.       0.98006
       11250.      0.978811
       11260.      0.977183
       11270.      0.975174
       11280.      0.972799
       11290.      0.970164
       11300.      0.967405
       11310.       0.96472
       11320.       0.96223
       11330.      0.959797
       11340.      0.957897
       11350.      0.956783
       11360.      0.956113
       11370.      0.956102
       11380.      0.956575
       11390.       0.95753
       11400.      0.958973
       11410.      0.960999
       11420.      0.963488
       11430.      0.966106
       11440.       0.96885
       11450.        0.9716
       11460.      0.974112
       11470.      0.976658
       11480.      0.978999
       11490.      0.980676
       11500.      0.981926
       11510.      0.982717
       11520.      0.982879
       11530.       0.98246
       11540.      0.981683
       11550.      0.980599
       11560.      0.979119
       11570.      0.977291
       11580.      0.975336
       11590.      0.973257
       11600.      0.971596
       11610.      0.970177
       11620.      0.968801
       11630.      0.967707
       11640.      0.967044
       11650.      0.966823
       11660.       0.96702
       11670.      0.967629
       11680.      0.968535
       11690.      0.969914
       11700.       0.97145
       11710.      0.973099
       11720.      0.974982
       11730.       0.97696
       11740.      0.978721
       11750.      0.980273
       11760.      0.981625
       11770.      0.982776
       11780.      0.983581
       11790.      0.983853
       11800.      0.983762
       11810.      0.983391
       11820.      0.982713
       11830.      0.981771
       11840.      0.980666
       11850.      0.979268
       11860.      0.977789
       11870.      0.976339
       11880.      0.975099
       11890.      0.974021
       11900.      0.973008
       11910.      0.972547
       11920.      0.972057
       11930.      0.971913
       11940.      0.972339
       11950.      0.972998
       11960.      0.973833
       11970.      0.975102
       11980.       0.97648
       11990.      0.977765
       12000.      0.979239
       12010.      0.980552
       12020.      0.981836
       12030.      0.982995
       12040.       0.98387
       12050.      0.984464
       12060.      0.984634
       12070.      0.984408
       12080.      0.983871
       12090.       0.98302
       12100.      0.981881
       12110.       0.98041
       12120.       0.97881
       12130.      0.977091
       12140.      0.975107
       12150.      0.973348
       12160.      0.971411
       12170.      0.969821
       12180.      0.968447
       12190.      0.967357
       12200.        0.9666
       12210.      0.966156
       12220.      0.966065
       12230.      0.966365
       12240.      0.966837
       12250.       0.96773
       12260.      0.968889
       12270.       0.97035
       12280.      0.971939
       12290.      0.973701
       12300.      0.975293
       12310.      0.976936
       12320.      0.978483
       12330.      0.979965
       12340.      0.980983
       12350.      0.981835
       12360.      0.982424
       12370.       0.98255
       12380.      0.982454
       12390.      0.981885
       12400.      0.981128
       12410.      0.980022
       12420.      0.978696
       12430.      0.977321
       12440.      0.975694
       12450.      0.974183
       12460.      0.972765
       12470.      0.971394
       12480.      0.970151
       12490.      0.969099
       12500.      0.968439
       12510.      0.968178
       12520.      0.968105
       12530.      0.968427
       12540.      0.968921
       12550.      0.969924
       12560.      0.971187
       12570.      0.972662
       12580.      0.974267
       12590.      0.975992
       12600.      0.977586
       12610.      0.979118
       12620.      0.981065
       12630.      0.982713
       12640.      0.984035
       12650.      0.985123
       12660.      0.985833
       12670.      0.986367
       12680.      0.986507
       12690.      0.986205
       12700.      0.985808
       12710.      0.985099
       12720.      0.984171
       12730.      0.982857
       12740.       0.98154
       12750.      0.980054
       12760.      0.978599
       12770.      0.977172
       12780.      0.975757
       12790.      0.974503
       12800.      0.973425
       12810.      0.972578
       12820.      0.971986
       12830.      0.971701
       12840.      0.971683
       12850.      0.971827
       12860.      0.972396
       12870.      0.973032
       12880.      0.973893
       12890.      0.974953
       12900.      0.976242
       12910.      0.977453
       12920.        0.9787
       12930.      0.979824
       12940.      0.980661
       12950.      0.981408
       12960.      0.982051
       12970.      0.982288
       12980.      0.981973
       12990.      0.981458
       13000.      0.980672
       13010.      0.979455
       13020.      0.977812
       13030.      0.975926
       13040.      0.973779
       13050.       0.97142
       13060.      0.968868
       13070.      0.966105
       13080.      0.963334
       13090.      0.960588
       13100.      0.958053
       13110.      0.955609
       13120.      0.953526
       13130.      0.952045
       13140.      0.950665
       13150.      0.949704
       13160.      0.949143
       13170.      0.949099
       13180.      0.949581
       13190.      0.950461
       13200.      0.951839
       13210.      0.953964
       13220.      0.956202
       13230.      0.958857
       13240.      0.961772
       13250.      0.964874
       13260.      0.968089
       13270.      0.971547
       13280.      0.974649
       13290.      0.977648
       13300.      0.980313
       13310.      0.982506
       13320.      0.984175
       13330.      0.985332
       13340.      0.985753
       13350.      0.985364
       13360.      0.984304
       13370.      0.982553
       13380.      0.980105
       13390.      0.976973
       13400.      0.973313
       13410.      0.969241
       13420.      0.964902
       13430.      0.960346
       13440.      0.955629
       13450.      0.951057
       13460.      0.946689
       13470.      0.942516
       13480.      0.938679
       13490.      0.935447
       13500.      0.932937
       13510.      0.931002
       13520.      0.929699
       13530.      0.928991
       13540.      0.928861
       13550.      0.929581
       13560.      0.930535
       13570.      0.931669
       13580.      0.933131
       13590.      0.934662
       13600.      0.936113
       13610.      0.937295
       13620.      0.938137
       13630.      0.938589
       13640.      0.938318
       13650.      0.937316
       13660.      0.935838
       13670.      0.933616
       13680.      0.930571
       13690.      0.927251
       13700.      0.923879
       13710.      0.920506
       13720.      0.917864
       13730.      0.916094
       13740.      0.914806
       13750.      0.914097
       13760.      0.914656
       13770.      0.916492
       13780.      0.919375
       13790.      0.922922
       13800.      0.927214
       13810.      0.931382
       13820.      0.934748
       13830.       0.93689
       13840.      0.937418
       13850.      0.935791
       13860.       0.93175
       13870.      0.925477
       13880.      0.917584
       13890.      0.908812
       13900.      0.900252
       13910.      0.892164
       13920.      0.885899
       13930.      0.881302
       13940.      0.876451
       13950.      0.868161
       13960.      0.851696
       13970.      0.820469
       13980.      0.768505
       13990.      0.694741
       14000.      0.602252
       14010.      0.496191
       14020.      0.389263
       14030.      0.290002
       14040.      0.207758
       14050.      0.143908
       14060.     0.0973876
       14070.     0.0635132
       14080.     0.0411747
       14090.     0.0276359
       14100.     0.0185801
       14110.     0.0124439
       14120.    0.00899398
       14130.     0.0065892
       14140.    0.00511095
       14150.    0.00349761
       14160.    0.00243729
       14170.    0.00168375
       14180.   9.973811E-4
       14190.     0.0010062
       14200.   8.176030E-4
       14210.   6.265340E-4
       14220.   5.265240E-4
       14230.   3.753680E-4
       14240.   2.856910E-4
       14250.   2.383620E-4
       14260.   2.332680E-4
       14270.   1.717630E-4
       14280.   1.230780E-4
       14290.   1.192580E-4
       14300.   1.077440E-4
       14500.   3.678350E-6
       14520.   4.228390E-6
       14540.   3.105050E-6
       14560.   1.254250E-7
       14580.   1.779870E-6
       14600.   2.323020E-6
       14620.   2.258730E-6
       14640.   3.494000E-6
       14660.   1.921530E-7
       14680.   1.937140E-6
       14700.   1.403820E-6
       14720.   4.792320E-7
       14740.   1.278560E-6
       14760.   1.660670E-6
       14780.   3.516150E-7
       14800.   5.740000E-7
       14820.   5.372760E-7
       14840.   3.198320E-7
       14860.   1.441420E-6
       14880.   1.805410E-6
       14900.   1.984990E-6
       14920.   4.507250E-7
       14940.   3.551700E-7
       14960.   3.413930E-6
       14980.   9.982340E-7
       15000.   9.984840E-7
       15020.   4.128360E-7
       15040.   2.580930E-7
       15060.   6.463590E-7
       15080.   6.528090E-7
       15100.   2.263640E-7
       15120.   1.418450E-6
       15140.   8.697820E-7
       15160.   5.114030E-7
       15180.   2.203730E-6
       15200.   1.885130E-6
       15220.   3.952700E-7
       15240.   1.039440E-6
       15260.   9.089570E-7
       15280.   4.168820E-7
       15300.   2.992120E-6
       15320.   3.223050E-6
       15340.   2.600590E-7
       15360.   2.772930E-6
       15380.   8.247330E-7
       15400.   3.186900E-6
       15420.   3.488270E-6
       15440.   3.592190E-7
       15460.   1.565770E-6
       15480.   2.617680E-7
       15500.   2.118000E-6
       15520.   2.522350E-6
       15540.   2.624110E-7
       15560.   2.359230E-6
       15580.   1.115990E-6
       15600.   6.599640E-8
       15620.   9.623020E-7
       15640.   7.549650E-7
       15660.   1.962830E-7
       15680.   3.242130E-7
       15700.   3.383430E-6
       15720.   1.551490E-6
       15740.   4.989330E-7
       15760.   6.582700E-7
       15780.   9.484230E-7
       15800.   2.345880E-6
       15820.   4.653930E-7
       15840.   8.690560E-7
       15860.   1.157010E-6
       15880.   1.282420E-6
       15900.   1.501440E-6
       15920.   1.226790E-6
       15940.   1.199180E-6
       15960.   1.007550E-7
       15980.   5.971280E-7
       16000.   1.985480E-7
       16020.   1.025220E-6
       16040.   1.807670E-6
       16060.   6.516070E-7
       16080.   7.952560E-7
       16100.   1.594940E-6
       16120.   6.023350E-7
       16140.   1.484460E-6
       16160.   5.613540E-7
       16180.   9.546370E-7
       16200.   4.042480E-7
       16220.   1.015850E-6
       16240.   1.170300E-6
       16260.   1.838970E-6
       16280.   2.371850E-6
       16300.   1.972440E-6
       16320.   2.601470E-6
       16340.   3.306560E-7
       16360.   1.981370E-7
       16380.   2.123680E-6
       16400.   2.635210E-6
       16420.   8.934240E-7
       16440.   4.946140E-7
       16460.   1.184630E-6
       16480.   4.416080E-7
       16500.   9.304840E-7
       16520.   3.317620E-7
       16540.   4.709270E-7
       16560.   2.040360E-7
       16580.   2.590800E-6
       16600.   1.330340E-7
       16620.   2.995160E-7
       16640.   5.114280E-7
       16660.   1.254880E-6
       16680.   2.642170E-6
       16700.   1.615390E-6
       16720.   1.581440E-6
       16740.   1.751130E-6
       16760.   1.920660E-6
       16780.   2.594330E-6
       16800.   2.360040E-7
       16820.   3.378290E-8
       16840.   1.838240E-6
       16860.   1.704060E-6
       16880.   4.741620E-7
       16900.   4.744290E-7
       16920.   1.988540E-6
       16940.   5.399150E-7
       16960.   1.223620E-6
       16980.   6.152780E-7
       17000.   7.169060E-7
       17020.   4.696010E-6
       17040.   1.326630E-6
       17060.   4.340880E-6
       17080.   2.229240E-6
       17100.   3.414960E-6
       17120.   6.156320E-7
       17140.   5.461220E-7
       17160.   2.196810E-6
       17180.   6.820530E-8
       17200.   7.528300E-7
       17220.   4.401920E-7
       17240.   1.086360E-6
       17260.   2.734260E-7
       17280.   6.889140E-7
       17300.   6.532840E-7
       17320.   1.506180E-6
       17340.   5.470300E-7
       17360.   2.581120E-6
       17380.   5.112640E-7
       17400.   1.814460E-6
       17420.   5.577390E-6
       17440.   9.922710E-7
       17460.   3.426020E-6
       17480.   2.484080E-6
       17500.   1.135880E-6
       17520.   2.296690E-6
       17540.   1.714560E-6
       17560.   6.173760E-7
       17580.   6.177810E-7
       17600.   1.305890E-6
       17620.   1.338110E-6
       17640.   1.909000E-6
       17660.   3.426420E-7
       17680.   1.514190E-6
       17700.   1.963130E-6
       17720.   1.896590E-6
       17740.   3.107320E-7
       17760.   3.199800E-6
       17780.   2.526570E-6
       17800.   2.382100E-6
       17820.   4.211060E-6
       17840.   4.763960E-6
       17860.   7.036630E-6
       17880.   4.477310E-6
       17900.   5.998810E-6
       17920.   8.567280E-6
       17940.   1.091150E-5
       17960.   1.621660E-5
       17980.   1.682360E-5
       18000.   2.038980E-5
       18020.   3.425660E-5
       18040.   4.419200E-5
       18060.   5.700720E-5
       18080.   8.747020E-5
       18100.   1.241870E-4
       18120.   2.049400E-4
       18140.   3.515510E-4
       18160.   7.296880E-4
       18180.     0.0020148
       18200.    0.00532477
       18220.     0.0120488
       18240.     0.0223093
       18260.     0.0352089
       18280.     0.0492145
       18300.     0.0641793
       18320.     0.0787071
       18340.      0.091865
       18360.      0.102221
       18380.      0.106279
       18400.      0.106799
       18420.      0.102854
       18440.     0.0942418
       18460.     0.0826537
       18480.     0.0707969
       18500.     0.0627037
       18520.     0.0598294
       18540.     0.0641976
       18560.     0.0791553
       18580.      0.103902
       18600.      0.136325
       18620.      0.172911
       18640.      0.211529
       18660.      0.247745
       18680.      0.277917
       18700.      0.300629
       18720.       0.31324
       18740.      0.315102
       18760.      0.307773
       18780.      0.285773
       18800.      0.258841
       18820.       0.22615
       18840.      0.192701
       18860.      0.162131
       18880.       0.13901
       18900.      0.120936
       18920.      0.113499
       18940.      0.111232
       18960.      0.114472
       18980.      0.122957
       19000.      0.140452
       19001.            0.
       19002.            0.
