        1898.            0.
        1899.            0.
        1900.   3.361890E-6
        1920.   1.368220E-6
        1940.   2.585650E-6
        1960.   3.588900E-7
        1980.   6.108030E-7
        2000.   6.788300E-7
        2020.   2.643280E-7
        2040.   8.396550E-7
        2060.   4.121760E-7
        2080.   9.283120E-8
        2100.   3.497270E-7
        2120.   1.198660E-7
        2140.   1.321470E-7
        2160.   1.805420E-7
        2180.   1.925170E-7
        2200.   6.089590E-8
        2220.   6.179490E-9
        2240.   6.902350E-8
        2260.   1.077370E-7
        2280.   1.471290E-7
        2300.   4.525060E-8
        2320.   2.092310E-7
        2340.   5.256510E-7
        2360.   1.634050E-7
        2380.   2.848860E-7
        2400.   3.303920E-7
        2420.   5.567200E-8
        2440.   1.076570E-7
        2460.   2.383060E-7
        2480.   2.210250E-7
        2500.   6.732380E-8
        2520.   2.985860E-7
        2540.   1.940060E-7
        2560.   1.759480E-7
        2580.   7.680020E-9
        2600.   9.328890E-8
        2620.   1.952560E-7
        2640.   2.268140E-7
        2660.   5.509770E-8
        2680.   1.108230E-7
        2700.   2.676230E-7
        2720.   9.584690E-8
        2740.   1.294220E-7
        2760.   8.372600E-7
        2780.   1.628090E-7
        2800.   8.908260E-8
        2820.   6.546050E-8
        2840.   6.494130E-8
        2860.   5.134020E-7
        2880.   3.019860E-7
        2900.   7.411730E-8
        2920.   9.035940E-8
        2940.   1.310280E-7
        2960.   1.964120E-7
        2980.   7.364040E-8
        3000.   7.496930E-7
        3020.   7.766770E-7
        3040.   1.369930E-6
        3060.   4.463480E-6
        3080.   4.302590E-5
        3100.   2.212630E-4
        3120.   1.845240E-4
        3140.   5.416160E-5
        3160.   1.342100E-5
        3180.   2.547510E-7
        3200.   5.334750E-7
        3220.   3.579600E-7
        3240.   2.513900E-7
        3260.   8.165040E-8
        3280.   4.882180E-8
        3300.   8.131480E-9
        3320.   4.639590E-7
        3340.   8.095650E-9
        3360.   2.817200E-7
        3380.   5.623170E-8
        3400.   2.258710E-7
        3420.   1.608370E-8
        3440.   1.787680E-7
        3460.   2.103720E-7
        3480.   5.626320E-8
        3500.   8.758160E-8
        3520.   3.700760E-7
        3540.   1.159270E-6
        3560.   2.171010E-6
        3580.   2.210610E-6
        3600.   8.392510E-7
        3620.   7.328580E-7
        3640.   4.142350E-7
        3660.   1.745350E-7
        3680.   9.519870E-8
        3700.   2.621940E-7
        3720.   2.707420E-7
        3740.   9.498850E-8
        3760.   4.982980E-7
        3780.   1.265960E-7
        3800.   3.382270E-7
        3820.   7.826530E-9
        3840.   2.062840E-7
        3860.   7.177350E-8
        3880.   2.689980E-7
        3900.   5.037340E-7
        3920.   1.741230E-7
        3940.   2.293810E-7
        3960.   6.570670E-7
        3980.   8.289190E-7
        4000.   2.794600E-7
        4020.   1.596980E-7
        4040.   7.960180E-8
        4060.   3.101500E-7
        4080.   6.303160E-7
        4100.   1.844960E-6
        4120.   2.454850E-6
        4140.   3.280340E-7
        4160.   1.041530E-7
        4180.   3.059550E-7
        4200.   2.409100E-8
        4220.   1.611520E-7
        4240.   1.129990E-7
        4260.   1.134800E-7
        4280.   2.190820E-7
        4300.   9.741440E-8
        4320.   6.174890E-7
        4340.   7.503020E-7
        4360.   8.165620E-8
        4380.   5.726480E-8
        4400.   2.062320E-7
        4420.   4.958680E-8
        4440.   1.161780E-7
        4460.   3.496860E-7
        4480.   2.810250E-7
        4500.   3.139050E-7
        4520.   2.412580E-7
        4540.   3.120370E-7
        4560.   6.016380E-7
        4580.   5.839610E-7
        4600.   3.898970E-7
        4620.   1.859020E-7
        4640.   2.364980E-7
        4660.   2.225150E-7
        4680.   1.004040E-6
        4700.   1.341580E-6
        4720.   5.295600E-7
        4740.   1.485080E-7
        4760.   3.970350E-7
        4780.   2.669080E-6
        4800.   1.492560E-5
        4820.   1.288200E-5
        4840.   1.777260E-6
        4860.   2.956740E-7
        4880.   1.968930E-6
        4900.   3.676790E-6
        4920.   1.795340E-6
        4940.   1.817660E-7
        4960.   4.567770E-8
        4980.   3.668970E-8
        5000.   9.202010E-8
        5020.   3.326390E-7
        5040.   2.876520E-6
        5060.   2.466490E-6
        5080.   6.933140E-7
        5100.   4.057050E-7
        5120.   3.899810E-7
        5140.   3.913640E-7
        5160.   9.595790E-8
        5180.   1.246220E-7
        5200.   1.926910E-8
        5220.   4.946930E-7
        5240.   2.839120E-7
        5260.   1.769790E-7
        5280.   6.876680E-8
        5300.   9.840180E-9
        5320.   1.290210E-7
        5340.   6.004960E-8
        5360.   3.019340E-7
        5380.   5.668460E-7
        5400.   1.626870E-7
        5420.   2.449650E-7
        5440.   8.231520E-8
        5460.   1.033730E-7
        5480.   2.279130E-7
        5500.   2.914200E-7
        5520.   2.298540E-7
        5540.   3.792630E-7
        5560.   2.335380E-7
        5580.   8.503050E-8
        5600.   6.455240E-8
        5620.   1.074490E-8
        5640.   3.558090E-7
        5660.   1.957710E-7
        5680.   9.824310E-8
        5700.   1.094310E-8
        5720.   9.923250E-8
        5740.   3.323360E-8
        5760.   2.446100E-7
        5780.   8.966670E-8
        5800.   5.390010E-7
        5820.   5.651990E-8
        5840.   1.035180E-6
        5860.   3.987620E-7
        5880.   9.501270E-7
        5900.   4.252090E-7
        5920.   5.759660E-8
        5940.   2.321040E-7
        5960.   2.682890E-7
        5980.   2.455800E-7
        6000.   1.173420E-7
        6020.   1.773680E-7
        6040.   1.901360E-7
        6060.   1.313750E-7
        6080.   1.080730E-7
        6100.   1.566260E-7
        6120.   2.424220E-7
        6140.   7.324210E-8
        6160.   3.666020E-8
        6180.   3.678450E-8
        6200.   8.677400E-8
        6220.   2.108970E-7
        6240.   3.116270E-7
        6260.   1.257200E-7
        6280.   2.764540E-7
        6300.   1.258790E-8
        6320.   2.429170E-7
        6340.   7.146860E-7
        6360.   3.590780E-7
        6380.   1.289170E-8
        6400.   1.296990E-8
        6420.   1.823910E-7
        6440.   3.936990E-8
        6460.   6.577320E-8
        6480.   1.322270E-8
        6500.   6.657110E-7
        6520.   6.560310E-6
       6554.5   6.490650E-5
        6555.   8.576540E-5
       6555.5   3.516840E-5
        6556.   1.385250E-4
       6556.5   2.357240E-4
        6557.   2.062880E-4
       6557.5   1.428360E-4
        6558.   1.394490E-4
       6558.5   2.656690E-4
        6559.   2.742810E-4
       6559.5   3.375380E-4
        6560.   2.643330E-4
       6560.5   2.543140E-4
        6561.   4.584450E-4
       6561.5   4.493530E-4
        6562.   5.525690E-4
       6562.5   6.003440E-4
        6563.   7.035980E-4
       6563.5   9.659970E-4
        6564.    0.00118488
       6564.5    0.00163905
        6565.     0.0022519
       6565.5    0.00354489
        6566.    0.00565155
       6566.5    0.00896628
        6567.      0.014736
       6567.5     0.0241175
        6568.     0.0389026
       6568.5     0.0607199
        6569.     0.0941417
       6569.5      0.141574
        6570.      0.202477
       6570.5      0.280873
        6571.      0.379447
       6571.5      0.490643
        6572.      0.601896
       6572.5      0.703093
        6573.      0.784556
       6573.5      0.838471
        6574.      0.870111
       6574.5      0.886936
        6575.      0.891635
       6575.5      0.889376
        6576.      0.885157
       6576.5      0.883998
        6577.      0.883354
       6577.5      0.884382
        6578.      0.884556
       6578.5      0.890246
        6579.      0.899431
       6579.5      0.906257
        6580.      0.911753
       6580.5      0.916211
        6581.      0.914991
       6581.5      0.915069
        6582.      0.914043
       6582.5       0.90985
        6583.      0.906396
       6583.5      0.905384
        6584.      0.903437
       6584.5      0.902534
        6585.      0.905555
       6585.5      0.906093
        6586.      0.906774
       6586.5      0.910296
        6587.      0.912757
       6587.5      0.915131
        6588.       0.91743
       6588.5      0.919139
        6589.      0.916971
       6589.5      0.915286
        6590.      0.914082
       6590.5      0.909596
        6591.      0.904571
       6591.5      0.901538
        6592.      0.896649
       6592.5      0.888601
        6593.      0.886747
       6593.5      0.884779
        6594.      0.878144
       6594.5       0.87216
        6595.      0.863748
       6595.5      0.852973
        6596.       0.83988
       6596.5      0.819724
        6597.      0.788934
       6597.5      0.746444
        6598.      0.686776
       6598.5      0.608453
        6599.      0.510141
       6599.5      0.406326
        6600.       0.30881
       6600.5      0.218949
        6601.      0.145559
       6601.5      0.094507
        6602.       0.06105
       6602.5     0.0393617
        6603.     0.0251973
       6603.5     0.0161756
        6604.     0.0107871
       6604.5     0.0071434
        6605.    0.00488466
       6605.5    0.00344223
        6606.    0.00230812
       6606.5     0.0016536
        6607.    0.00133532
       6607.5    0.00100007
        6608.   7.048440E-4
       6608.5   5.369780E-4
        6609.   5.695850E-4
       6609.5   5.056420E-4
        6610.   4.214610E-4
       6610.5   2.931130E-4
        6611.   3.065060E-4
       6611.5   1.941240E-4
        6612.   9.927270E-5
       6612.5   1.348070E-4
        6613.   2.118010E-4
       6613.5   1.222020E-4
        6614.   1.146910E-4
       6614.5   1.410670E-4
        6615.   6.397400E-5
       6615.5   1.068910E-4
        6616.   1.300380E-4
        6640.   4.164850E-5
        6660.   8.294510E-7
        6680.   9.751360E-8
        6700.   1.818420E-7
        6720.   5.780360E-7
        6740.   2.974110E-7
        6760.   3.407130E-7
        6780.   9.876020E-7
        6800.   2.732100E-7
        6820.   2.901780E-8
        6840.   1.455230E-8
        6860.   3.067230E-7
        6880.   5.425200E-7
        6900.   8.839370E-8
        6920.   2.966070E-8
        6940.   1.785460E-7
        6960.   4.343700E-7
        6980.   4.695560E-7
        7000.   6.856000E-7
        7020.   8.185700E-7
        7040.   6.869570E-7
        7060.   5.526090E-7
        7080.   3.695940E-7
        7100.   7.783000E-8
        7120.   2.027270E-7
        7140.   7.806480E-8
        7160.   4.887980E-7
        7180.   4.605270E-7
        7200.   1.116530E-7
        7220.   2.412550E-7
        7240.   6.443430E-8
        7260.   4.999320E-7
        7280.   6.488940E-8
        7300.   1.141830E-7
        7320.   1.638860E-8
        7340.   4.607130E-7
        7360.   9.889650E-8
        7380.   2.164470E-7
        7400.   1.003260E-7
        7420.   5.033080E-7
        7440.   7.728660E-7
        7460.   1.674240E-6
        7480.   1.017930E-7
        7500.   3.579660E-7
        7520.   3.420160E-7
        7540.   6.520620E-7
        7560.   8.649700E-8
        7580.   2.090520E-7
        7600.   3.470140E-8
        7620.   7.503020E-7
        7640.   4.739150E-7
        7660.   3.341690E-7
        7680.   1.061400E-7
        7700.   7.089150E-8
        7720.   4.275130E-7
        7740.   9.118770E-7
        7760.   1.435230E-7
        7780.   5.416890E-7
        7800.   4.694890E-7
        7820.   1.157690E-6
        7840.   5.461700E-8
        7860.   9.107180E-8
        7880.   4.382200E-7
        7900.   1.043960E-6
        7920.   4.038700E-7
        7940.   1.195430E-6
        7960.   1.292340E-7
        7980.   9.265540E-8
        8000.   6.512160E-7
        8020.   1.212110E-6
        8040.   1.365410E-6
        8060.   1.070090E-6
        8080.   2.634630E-7
        8100.   7.543260E-7
        8120.   5.305280E-7
        8140.   1.291820E-6
        8160.   8.568010E-7
        8180.   1.395530E-6
        8200.   7.686560E-8
        8220.   3.662510E-7
        8240.   1.746460E-7
        8260.   8.580890E-7
        8280.   8.425940E-7
        8300.   1.104210E-6
        8320.   1.307770E-6
        8340.   7.981820E-7
        8360.   7.838430E-7
        8380.   1.437720E-6
        8400.   2.449520E-7
        8420.   1.049390E-6
        8440.   1.572710E-6
        8460.   2.499240E-7
        8480.   1.051040E-6
        8500.   2.539750E-7
        8520.   3.399530E-7
        8540.   1.239910E-5
        8600.   3.202070E-5
        8620.   5.227070E-5
        8640.   3.687800E-5
        8660.   2.697390E-5
        8680.   4.802480E-5
        8700.   2.478080E-5
        8720.   2.644290E-5
        8740.   3.714000E-5
        8760.   3.422360E-5
        8780.   2.254310E-5
        8800.   2.124790E-5
        8820.   1.238230E-5
        8840.   2.611160E-5
        8860.   3.743410E-5
        8880.   1.156880E-5
        8900.   3.270410E-5
        8920.   3.868500E-5
        8940.   1.212460E-5
        8960.   1.349810E-5
        8980.   2.714810E-5
        9000.   1.380920E-5
        9020.   1.881240E-5
        9040.   2.865160E-5
        9060.   1.353700E-5
        9080.   1.302590E-5
        9100.   1.191220E-5
        9120.   1.656900E-5
        9140.   1.382070E-5
        9160.   9.074210E-6
        9180.   7.345310E-6
        9200.   1.573210E-5
        9220.   1.579490E-5
        9240.   1.120550E-5
        9260.   1.945110E-5
        9280.   1.479170E-5
        9300.   6.844690E-6
        9320.   7.397160E-6
        9340.   1.242140E-5
        9360.   7.477240E-6
        9380.   1.409810E-5
        9400.   1.279730E-5
        9420.   9.207270E-6
        9440.   1.308960E-5
        9460.   9.596480E-6
        9480.   9.285020E-6
        9500.   1.065050E-5
        9520.   1.047380E-5
        9540.   5.348440E-6
        9560.   1.064480E-5
        9580.   1.017150E-5
        9600.   8.987960E-6
        9620.   1.033870E-5
        9640.   6.510670E-6
        9660.   7.282690E-6
        9680.   6.709700E-6
        9700.   7.500480E-6
        9720.   5.481660E-6
        9740.   1.024690E-5
        9760.   6.707450E-6
        9780.   7.405400E-6
        9800.   1.088750E-5
        9820.   3.772540E-6
        9840.   3.186860E-6
        9860.   7.400190E-6
        9880.   7.338490E-6
        9900.   3.631780E-6
        9920.   8.461670E-6
        9940.   2.476620E-6
        9960.   5.264180E-6
        9980.   8.888960E-6
       10000.   6.387430E-6
       10020.   5.734310E-6
       10040.   3.324470E-6
       10060.   2.504280E-6
       10080.   1.921130E-6
       10100.   6.959030E-6
       10120.   4.450610E-6
       10140.   7.736560E-6
       10160.   7.747020E-6
       10180.   2.684750E-6
       10200.   4.162180E-6
       10220.   4.090540E-6
       10240.   6.090360E-6
       10260.   4.730270E-6
       10280.   8.190660E-6
       10300.   1.927350E-8
       10320.   4.185580E-6
       10340.   6.733460E-6
       10360.   2.515560E-6
       10380.   5.050750E-6
       10400.   5.334540E-6
       10420.   5.277630E-6
       10440.   1.614290E-6
       10460.   6.604380E-6
       10480.   5.759210E-6
       10500.   1.765680E-5
       10520.   3.685020E-7
       10540.   1.927530E-7
       10560.   1.184470E-6
       10580.   3.526950E-6
       10600.   2.898370E-6
       10620.   4.363130E-6
       10640.   4.772900E-6
       10660.   1.726420E-7
       10680.   2.342830E-7
       10700.   4.974270E-6
       10720.   6.265160E-6
       10740.   1.071660E-5
       10760.   5.474590E-6
       10780.   4.667640E-6
       10800.   4.078620E-6
       10820.   2.606750E-6
       10840.   4.625600E-6
       10860.   5.293260E-6
       10880.   6.509590E-6
       10900.   4.211030E-6
       10920.   4.525180E-6
       10940.   1.650320E-6
       10960.   2.192410E-6
       10980.   3.128360E-6
       11000.   4.752940E-6
       11001.            0.
       11002.            0.
