        1938.            0.
        1939.            0.
        1940.   2.661550E-9
        1950.  1.000230E-10
        1960.  1.000230E-10
        1970.  1.000230E-10
        1980.   8.589180E-8
        1990.  1.000230E-10
        2000.   3.957420E-8
        2010.  1.000230E-10
        2020.  1.000230E-10
        2030.   2.282060E-8
        2040.   2.391510E-8
        2050.  1.000230E-10
        2060.  1.000230E-10
        2070.  1.000230E-10
        2080.   3.368480E-8
        2090.   4.468410E-8
        2100.  1.000230E-10
        2110.  1.000230E-10
        2120.   8.640650E-9
        2130.   1.198210E-8
        2140.  1.000230E-10
        2150.  1.000230E-10
        2160.  1.000230E-10
        2170.  1.000230E-10
        2180.  1.000230E-10
        2190.  1.000230E-10
        2200.  1.000230E-10
        2210.   7.459820E-9
        2220.  1.000230E-10
        2230.  1.000230E-10
        2240.  1.000230E-10
        2250.  1.000230E-10
        2260.  1.000230E-10
        2270.  1.000230E-10
        2280.   1.141110E-8
        2290.   2.291040E-9
        2300.   1.585240E-8
        2310.  1.000230E-10
        2320.  1.000230E-10
        2330.  1.000230E-10
        2340.   4.874470E-9
        2350.  1.000230E-10
        2360.  1.000230E-10
        2370.  1.000230E-10
        2380.  1.000230E-10
        2390.  1.000230E-10
        2400.  1.000230E-10
        2410.  1.000230E-10
        2420.   5.017320E-9
        2430.  1.000230E-10
        2440.  1.000230E-10
        2450.  1.000230E-10
        2460.  1.000230E-10
        2470.  1.000230E-10
        2480.  1.000230E-10
        2490.  1.000230E-10
        2500.   5.864300E-9
        2510.  1.000230E-10
        2520.  1.000230E-10
        2530.  1.000230E-10
        2540.  1.000230E-10
        2550.  1.000230E-10
        2560.  1.000230E-10
        2570.   6.675410E-9
        2580.   7.341800E-9
        2590.  1.000230E-10
        2600.  1.000230E-10
        2610.  1.000230E-10
        2620.   6.380710E-9
        2630.   6.928500E-9
        2640.  5.965450E-10
        2650.   4.126440E-9
        2660.   3.292200E-8
        2670.  1.000230E-10
        2680.   2.672950E-8
        2690.   2.497490E-8
        2700.   3.998630E-8
        2710.  1.000230E-10
        2720.   9.908610E-9
        2730.  1.000230E-10
        2740.   2.273830E-9
        2750.   2.199940E-9
        2760.   4.081700E-8
        2770.   1.454940E-8
        2780.   2.056480E-8
        2790.   1.190360E-8
        2800.   3.897150E-8
        2810.  1.000230E-10
        2820.  1.000230E-10
        2830.  1.000230E-10
        2840.   6.135400E-9
        2850.   4.925060E-8
        2860.  1.000230E-10
        2870.   2.058950E-8
        2880.   3.553490E-8
        2890.   7.498660E-8
        2900.   7.757200E-8
        2910.   1.106710E-7
        2920.   1.228680E-7
        2930.   1.347520E-7
        2940.   1.392110E-7
        2950.   2.141600E-7
        2960.   2.806280E-7
        2970.   3.369020E-7
        2980.   4.188260E-7
        2990.   4.484640E-7
        3000.   4.638930E-7
        3010.   5.122200E-7
        3020.   5.478560E-7
        3030.   5.852720E-7
        3040.   5.822410E-7
        3050.   7.347640E-7
        3060.   7.484590E-7
        3070.   7.843940E-7
        3080.   8.861290E-7
        3090.   8.937540E-7
        3100.   8.876300E-7
        3110.   9.001710E-7
        3120.   9.216570E-7
        3130.   9.725450E-7
        3140.   9.431680E-7
        3150.   9.359090E-7
        3160.   9.406980E-7
        3170.   9.631300E-7
        3180.   9.197820E-7
        3190.   1.014080E-6
        3200.   9.588590E-7
        3210.   9.183880E-7
        3220.   8.470190E-7
        3230.   7.908570E-7
        3240.   8.707810E-7
        3250.   7.336100E-7
        3260.   7.910480E-7
        3270.   6.876780E-7
        3280.   6.674500E-7
        3290.   4.709080E-7
        3300.   3.652490E-7
        3310.   2.724210E-7
        3320.   2.445180E-7
        3330.   3.816020E-7
        3340.   4.712290E-7
        3350.   7.514000E-7
        3360.   7.449420E-7
        3370.   9.652080E-7
        3380.   1.067400E-6
        3390.   1.109750E-6
        3400.   1.012520E-6
        3410.   1.163680E-6
        3420.   8.934510E-7
        3430.   1.021980E-6
        3440.   1.157700E-6
        3450.   1.196370E-6
        3460.   1.128610E-6
        3470.   1.201900E-6
        3480.   1.241030E-6
        3490.   1.252410E-6
        3500.   1.265830E-6
        3510.   1.319520E-6
        3520.   1.307510E-6
        3530.   1.355080E-6
        3540.   1.419570E-6
        3550.   1.407220E-6
        3560.   1.363590E-6
        3570.   1.327280E-6
        3580.   1.351090E-6
        3590.   1.262960E-6
        3600.   1.324640E-6
        3610.   1.372070E-6
        3620.   1.204990E-6
        3630.   1.144100E-6
        3640.   1.286660E-6
        3650.   1.325070E-6
        3660.   1.244630E-6
        3670.   1.394900E-6
        3680.   1.386150E-6
        3690.   1.262230E-6
        3700.   1.291580E-6
        3710.   1.678410E-6
        3720.   1.241590E-6
        3730.   1.505170E-6
        3740.   1.588230E-6
        3750.   1.491860E-6
        3760.   1.296310E-6
        3770.   1.467330E-6
        3780.   1.503420E-6
        3790.   1.553390E-6
        3800.   1.666400E-6
        3810.   1.551270E-6
        3820.   1.499610E-6
        3830.   1.551090E-6
        3840.   1.457130E-6
        3850.   1.413790E-6
        3860.   1.462910E-6
        3870.   1.405910E-6
        3880.   1.334630E-6
        3890.   1.424520E-6
        3900.   1.483420E-6
        3910.   1.471020E-6
        3920.   1.307960E-6
        3930.   1.484790E-6
        3940.   1.065450E-6
        3950.   1.537140E-6
        3960.   1.365000E-6
        3970.   1.525570E-6
        3980.   1.538750E-6
        3990.   1.340300E-6
        4000.   1.602430E-6
        4010.   1.546290E-6
        4020.   1.545820E-6
        4030.   1.468750E-6
        4040.   1.337120E-6
        4050.   1.319590E-6
        4060.   1.269300E-6
        4070.   1.259090E-6
        4080.   1.275430E-6
        4090.   1.347120E-6
        4100.   1.424990E-6
        4110.   1.465030E-6
        4120.   1.524200E-6
        4130.   1.461000E-6
        4140.   1.373380E-6
        4150.   1.296440E-6
        4160.   1.264660E-6
        4170.   1.209360E-6
        4180.   1.302520E-6
        4190.   1.326010E-6
        4200.   1.517420E-6
        4210.   1.612670E-6
        4220.   1.697590E-6
        4230.   1.743310E-6
        4240.   1.841640E-6
        4250.   1.821280E-6
        4260.   1.797460E-6
        4270.   1.784810E-6
        4280.   1.832910E-6
        4290.   1.807850E-6
        4300.   1.767870E-6
        4310.   1.757110E-6
        4320.   1.718490E-6
        4330.   1.665210E-6
        4340.   1.710580E-6
        4350.   1.703890E-6
        4360.   1.763270E-6
        4370.   1.798710E-6
        4380.   1.912260E-6
        4390.   1.935990E-6
        4400.   2.033800E-6
        4410.   1.983890E-6
        4420.   1.957120E-6
        4430.   1.842770E-6
        4440.   1.613550E-6
        4450.   1.446880E-6
        4460.   1.276730E-6
        4470.   1.095960E-6
        4480.   1.036290E-6
        4490.   1.005080E-6
        4500.   1.133210E-6
        4510.   1.299720E-6
        4520.   1.528150E-6
        4530.   1.742850E-6
        4540.   1.905530E-6
        4550.   2.054380E-6
        4560.   2.126450E-6
        4570.   2.184200E-6
        4580.   2.209260E-6
        4590.   2.234350E-6
        4600.   2.203740E-6
        4610.   2.225450E-6
        4620.   2.169230E-6
        4630.   1.940310E-6
        4640.   1.778790E-6
        4650.   1.531340E-6
        4660.   1.536120E-6
        4670.   1.581560E-6
        4680.   1.766210E-6
        4690.   1.830090E-6
        4700.   1.904920E-6
        4710.   1.915770E-6
        4720.   1.690160E-6
        4730.   1.430900E-6
        4740.   1.113810E-6
        4750.   8.989430E-7
        4760.   6.452420E-7
        4770.   5.870890E-7
        4780.   5.363190E-7
        4790.   5.720520E-7
        4800.   5.985230E-7
        4810.   7.567810E-7
        4820.   8.979190E-7
        4830.   1.158560E-6
        4840.   1.444500E-6
        4850.   1.751450E-6
        4860.   2.069330E-6
        4870.   2.325100E-6
        4880.   2.521540E-6
        4890.   2.678360E-6
        4900.   2.725620E-6
        4910.   2.828120E-6
        4920.   2.863840E-6
        4930.   2.914330E-6
        4940.   2.931210E-6
        4950.   3.007570E-6
        4960.   2.983310E-6
        4970.   2.960130E-6
        4980.   2.923550E-6
        4990.   2.730370E-6
        5000.   2.585690E-6
        5010.   2.533350E-6
        5020.   2.495750E-6
        5030.   2.581970E-6
        5040.   2.673710E-6
        5050.   2.735900E-6
        5060.   2.627920E-6
        5070.   2.299470E-6
        5080.   1.806110E-6
        5090.   1.315630E-6
        5100.   8.470790E-7
        5110.   4.402180E-7
        5120.   2.374360E-7
        5130.   1.555220E-7
        5140.   9.352100E-8
        5150.   5.967510E-8
        5160.   3.945260E-8
        5170.   6.269200E-8
        5180.   4.446240E-8
        5190.   9.846250E-8
        5200.   6.738480E-8
        5210.   8.608370E-8
        5220.   2.278320E-7
        5230.   3.163430E-7
        5240.   3.856940E-7
        5250.   4.377610E-7
        5260.   4.334570E-7
        5270.   3.622380E-7
        5280.   3.874030E-7
        5290.   4.796030E-7
        5300.   5.402230E-7
        5310.   6.617070E-7
        5320.   6.859650E-7
        5330.   6.486270E-7
        5340.   5.419980E-7
        5350.   3.767030E-7
        5360.   2.088770E-7
        5370.   1.357930E-7
        5380.   8.332340E-8
        5390.   8.806800E-8
        5400.   4.723520E-8
        5410.   4.124000E-8
        5420.   2.685770E-8
        5430.   8.167110E-9
        5440.   2.518120E-9
        5450.   8.893350E-9
        5460.   2.489200E-8
        5470.  1.000230E-10
        5480.  1.000230E-10
        5490.  1.000230E-10
        5500.   1.260670E-8
        5510.   8.603290E-9
        5520.   1.137510E-8
        5530.   3.429870E-9
        5540.  1.000230E-10
        5550.  9.392850E-10
        5560.  1.000230E-10
        5570.  1.000230E-10
        5580.  1.000230E-10
        5590.   1.096970E-8
        5600.  1.000230E-10
        5610.  1.000230E-10
        5620.  1.000230E-10
        5630.  1.000230E-10
        5640.  1.000230E-10
        5650.   2.693430E-9
        5660.  1.000230E-10
        5670.  1.000230E-10
        5680.  1.000230E-10
        5690.  1.000230E-10
        5700.   2.067650E-8
        5710.   8.937890E-9
        5720.   8.417300E-9
        5730.  1.000230E-10
        5740.   2.310100E-8
        5750.   3.177050E-9
        5760.  1.000230E-10
        5770.   8.177500E-9
        5780.   9.356230E-9
        5790.   3.725270E-8
        5800.   4.882580E-9
        5810.   4.148920E-8
        5820.  1.000230E-10
        5830.   5.751310E-8
        5840.   1.622210E-8
        5850.   6.567640E-8
        5860.   2.693810E-8
        5870.   1.084360E-7
        5880.   9.952290E-8
        5890.   1.133430E-7
        5900.   1.036240E-7
        5910.   1.004610E-7
        5920.   1.421100E-7
        5930.   9.399290E-8
        5940.   1.518300E-7
        5950.   1.486570E-7
        5960.   2.060350E-7
        5970.   2.469280E-7
        5980.   2.956840E-7
        5990.   3.739060E-7
        6000.   4.802720E-7
        6010.   6.762880E-7
        6020.   9.764860E-7
        6030.   1.431280E-6
        6040.   2.346280E-6
        6050.   4.053700E-6
        6100.   5.400000E-5
       6100.2   5.400000E-5
       6100.4   4.500000E-5
       6100.6   4.200000E-5
       6100.8   5.300000E-5
        6101.   5.500000E-5
       6101.2   7.700000E-5
       6101.4   5.600000E-5
       6101.6   6.600000E-5
       6101.8   7.500000E-5
        6102.   5.100000E-5
       6102.2   8.700000E-5
       6102.4   6.600000E-5
       6102.6   5.100000E-5
       6102.8   7.100000E-5
        6103.   6.900000E-5
       6103.2   6.600000E-5
       6103.4   5.700000E-5
       6103.6   6.700000E-5
       6103.8   6.100000E-5
        6104.   6.000000E-5
       6104.2   5.900000E-5
       6104.4   5.800000E-5
       6104.6   9.600000E-5
       6104.8   9.100000E-5
        6105.   7.400000E-5
       6105.2   6.300000E-5
       6105.4   8.300000E-5
       6105.6   6.600000E-5
       6105.8   7.800000E-5
        6106.   7.800000E-5
       6106.2   7.400000E-5
       6106.4   8.600000E-5
       6106.6   7.200000E-5
       6106.8   1.010000E-4
        6107.   9.600000E-5
       6107.2   8.400000E-5
       6107.4   8.400000E-5
       6107.6   7.300000E-5
       6107.8   1.130000E-4
        6108.   1.230000E-4
       6108.2   1.030000E-4
       6108.4   1.130000E-4
       6108.6   1.040000E-4
       6108.8   1.110000E-4
        6109.   1.170000E-4
       6109.2   1.010000E-4
       6109.4   1.120000E-4
       6109.6   1.000000E-4
       6109.8   1.310000E-4
        6110.   1.260000E-4
       6110.2   1.180000E-4
       6110.4   1.280000E-4
       6110.6   1.280000E-4
       6110.8   1.440000E-4
        6111.   1.200000E-4
       6111.2   1.290000E-4
       6111.4   1.230000E-4
       6111.6   1.260000E-4
       6111.8   1.450000E-4
        6112.   1.590000E-4
       6112.2   1.500000E-4
       6112.4   1.530000E-4
       6112.6   1.740000E-4
       6112.8   1.470000E-4
        6113.   1.550000E-4
       6113.2   1.630000E-4
       6113.4   1.630000E-4
       6113.6   1.670000E-4
       6113.8   1.730000E-4
        6114.   1.840000E-4
       6114.2   1.760000E-4
       6114.4   1.570000E-4
       6114.6   1.770000E-4
       6114.8   1.860000E-4
        6115.   1.890000E-4
       6115.2   2.000000E-4
       6115.4   2.210000E-4
       6115.6   1.780000E-4
       6115.8   2.110000E-4
        6116.   2.040000E-4
       6116.2   2.090000E-4
       6116.4   2.140000E-4
       6116.6   2.190000E-4
       6116.8   2.290000E-4
        6117.   2.280000E-4
       6117.2   2.280000E-4
       6117.4   2.280000E-4
       6117.6   2.500000E-4
       6117.8   2.490000E-4
        6118.   2.400000E-4
       6118.2   2.490000E-4
       6118.4   2.630000E-4
       6118.6   2.570000E-4
       6118.8   2.530000E-4
        6119.   2.800000E-4
       6119.2   2.710000E-4
       6119.4   2.720000E-4
       6119.6   2.930000E-4
       6119.8   2.990000E-4
        6120.   3.280000E-4
       6120.2   3.040000E-4
       6120.4   3.360000E-4
       6120.6   3.230000E-4
       6120.8   3.360000E-4
        6121.   3.400000E-4
       6121.2   3.460000E-4
       6121.4   3.480000E-4
       6121.6   3.880000E-4
       6121.8   3.620000E-4
        6122.   3.740000E-4
       6122.2   3.760000E-4
       6122.4   3.990000E-4
       6122.6   4.160000E-4
       6122.8   4.140000E-4
        6123.   4.510000E-4
       6123.2   4.280000E-4
       6123.4   4.950000E-4
       6123.6   4.760000E-4
       6123.8   4.760000E-4
        6124.   4.780000E-4
       6124.2   4.900000E-4
       6124.4   5.260000E-4
       6124.6   5.120000E-4
       6124.8   5.310000E-4
        6125.   5.290000E-4
       6125.2   5.540000E-4
       6125.4   5.540000E-4
       6125.6   5.740000E-4
       6125.8   6.000000E-4
        6126.   6.200000E-4
       6126.2   6.360000E-4
       6126.4   6.410000E-4
       6126.6   6.620000E-4
       6126.8   6.810000E-4
        6127.   7.010000E-4
       6127.2   7.290000E-4
       6127.4   7.180000E-4
       6127.6   7.250000E-4
       6127.8   7.570000E-4
        6128.   7.660000E-4
       6128.2   7.930000E-4
       6128.4   8.170000E-4
       6128.6   8.490000E-4
       6128.8   8.430000E-4
        6129.   8.820000E-4
       6129.2   8.930000E-4
       6129.4   9.040000E-4
       6129.6   9.300000E-4
       6129.8   9.560000E-4
        6130.   9.690000E-4
       6130.2      0.001004
       6130.4       0.00101
       6130.6      0.001041
       6130.8      0.001082
        6131.      0.001095
       6131.2      0.001123
       6131.4      0.001155
       6131.6      0.001169
       6131.8      0.001199
        6132.      0.001227
       6132.2      0.001264
       6132.4      0.001308
       6132.6       0.00135
       6132.8       0.00136
        6133.      0.001414
       6133.2      0.001438
       6133.4      0.001482
       6133.6      0.001533
       6133.8      0.001555
        6134.      0.001607
       6134.2      0.001637
       6134.4      0.001712
       6134.6      0.001723
       6134.8       0.00178
        6135.      0.001817
       6135.2      0.001876
       6135.4      0.001901
       6135.6      0.001958
       6135.8       0.00201
        6136.      0.002095
       6136.2      0.002149
       6136.4       0.00218
       6136.6      0.002238
       6136.8      0.002304
        6137.      0.002402
       6137.2      0.002439
       6137.4      0.002518
       6137.6      0.002586
       6137.8      0.002659
        6138.      0.002716
       6138.2      0.002795
       6138.4      0.002879
       6138.6      0.002956
       6138.8      0.003059
        6139.      0.003155
       6139.2      0.003264
       6139.4      0.003319
       6139.6      0.003426
       6139.8      0.003528
        6140.      0.003643
       6140.2      0.003739
       6140.4      0.003849
       6140.6      0.003958
       6140.8       0.00408
        6141.      0.004202
       6141.2      0.004309
       6141.4      0.004487
       6141.6      0.004549
       6141.8      0.004758
        6142.      0.004871
       6142.2      0.005073
       6142.4      0.005208
       6142.6      0.005374
       6142.8      0.005526
        6143.      0.005686
       6143.2      0.005883
       6143.4      0.006038
       6143.6      0.006239
       6143.8      0.006459
        6144.      0.006644
       6144.2      0.006919
       6144.4      0.007117
       6144.6      0.007313
       6144.8      0.007586
        6145.       0.00775
       6145.2      0.008018
       6145.4       0.00835
       6145.6        0.0086
       6145.8      0.008873
        6146.      0.009171
       6146.2      0.009475
       6146.4      0.009849
       6146.6      0.010219
       6146.8      0.010567
        6147.      0.010878
       6147.2      0.011211
       6147.4      0.011587
       6147.6      0.012102
       6147.8      0.012459
        6148.      0.012876
       6148.2      0.013303
       6148.4      0.013847
       6148.6      0.014386
       6148.8      0.014879
        6149.      0.015319
       6149.2      0.015823
       6149.4      0.016329
       6149.6       0.01699
       6149.8      0.017806
        6150.      0.018337
       6150.2         0.019
       6150.4      0.019717
       6150.6      0.020536
       6150.8      0.021426
        6151.      0.022221
       6151.2      0.023086
       6151.4      0.023765
       6151.6      0.024639
       6151.8      0.025714
        6152.      0.026828
       6152.2      0.027792
       6152.4      0.028952
       6152.6      0.029956
       6152.8      0.031135
        6153.      0.032558
       6153.2      0.033609
       6153.4      0.034947
       6153.6      0.036228
       6153.8      0.037453
        6154.      0.039072
       6154.2      0.040993
       6154.4       0.04249
       6154.6       0.04415
       6154.8      0.045967
        6155.      0.048132
       6155.2      0.050185
       6155.4      0.052306
       6155.6      0.054357
       6155.8      0.056245
        6156.      0.058572
       6156.2      0.061579
       6156.4      0.064214
       6156.6      0.066884
       6156.8      0.069508
        6157.      0.072245
       6157.2      0.075651
       6157.4      0.079277
       6157.6      0.081942
       6157.8      0.085052
        6158.      0.088524
       6158.2      0.092067
       6158.4      0.096423
       6158.6       0.10086
       6158.8      0.105378
        6159.      0.109422
       6159.2      0.114038
       6159.4      0.120136
       6159.6      0.125435
       6159.8      0.130465
        6160.      0.135907
       6160.2      0.140569
       6160.4      0.147014
       6160.6      0.155013
       6160.8      0.160939
        6161.      0.167775
       6161.2       0.17448
       6161.4      0.181547
       6161.6      0.190267
       6161.8      0.198107
        6162.      0.205317
       6162.2      0.212864
       6162.4      0.220565
       6162.6      0.230409
       6162.8       0.24034
        6163.      0.250391
       6163.2      0.259574
       6163.4      0.268958
       6163.6      0.280209
       6163.8      0.292662
        6164.      0.302981
       6164.2       0.31361
       6164.4        0.3236
       6164.6      0.333768
       6164.8      0.347168
        6165.      0.361214
       6165.2      0.372599
       6165.4      0.384531
       6165.6      0.397089
       6165.8      0.409256
        6166.       0.42374
       6166.2      0.434874
       6166.4      0.446622
       6166.6      0.456523
       6166.8      0.468199
        6167.      0.482399
       6167.2      0.496422
       6167.4      0.507439
       6167.6      0.520153
       6167.8      0.531082
        6168.      0.545692
       6168.2      0.558802
       6168.4      0.569133
       6168.6      0.578982
       6168.8      0.589493
        6169.      0.599248
       6169.2      0.612237
       6169.4      0.623707
       6169.6      0.633031
       6169.8       0.64167
        6170.       0.65067
       6170.2      0.660958
       6170.4      0.669087
       6170.6      0.675765
       6170.8      0.682691
        6171.      0.688629
       6171.2      0.695905
       6171.4      0.704624
       6171.6      0.710201
       6171.8       0.71609
        6172.      0.721478
       6172.2      0.726277
       6172.4      0.733021
       6172.6      0.737788
       6172.8      0.741822
        6173.      0.745338
       6173.2      0.749035
       6173.4      0.753062
       6173.6       0.75669
       6173.8      0.759809
        6174.      0.763183
       6174.2      0.765621
       6174.4      0.768521
       6174.6      0.771367
       6174.8      0.772947
        6175.      0.775551
       6175.2      0.777141
       6175.4      0.778354
       6175.6      0.780358
       6175.8      0.782933
        6176.      0.783946
       6176.2      0.784947
       6176.4      0.786908
       6176.6       0.78824
       6176.8      0.789798
        6177.      0.791619
       6177.2      0.792751
       6177.4      0.793294
       6177.6      0.795641
       6177.8      0.796327
        6178.       0.79796
       6178.2      0.798588
       6178.4      0.800033
       6178.6      0.801144
       6178.8      0.802319
        6179.      0.803692
       6179.2      0.805028
       6179.4      0.805692
       6179.6      0.807443
       6179.8      0.808424
        6180.      0.809576
       6180.2      0.811226
       6180.4      0.812755
       6180.6      0.813283
       6180.8      0.814838
        6181.      0.817012
       6181.2      0.818515
       6181.4      0.819764
       6181.6      0.820788
       6181.8      0.822056
        6182.      0.823267
       6182.2      0.825189
       6182.4      0.826755
       6182.6      0.828341
       6182.8      0.829981
        6183.      0.831343
       6183.2      0.833007
       6183.4      0.834795
       6183.6      0.836252
       6183.8       0.83699
        6184.      0.838852
       6184.2      0.840348
       6184.4      0.842224
       6184.6      0.844011
       6184.8      0.844864
        6185.      0.846598
       6185.2      0.848756
       6185.4      0.849933
       6185.6      0.851762
       6185.8      0.852894
        6186.      0.853986
       6186.2       0.85608
       6186.4      0.857009
       6186.6      0.858584
       6186.8      0.860007
        6187.      0.861574
       6187.2      0.863172
       6187.4      0.864174
       6187.6      0.865771
       6187.8      0.867197
        6188.      0.867774
       6188.2      0.869515
       6188.4      0.869622
       6188.6      0.870724
       6188.8       0.87231
        6189.      0.873384
       6189.2        0.8744
       6189.4      0.875087
       6189.6      0.876033
       6189.8      0.877245
        6190.      0.878312
       6190.2      0.878611
       6190.4      0.879134
       6190.6      0.880413
       6190.8      0.880816
        6191.       0.88176
       6191.2      0.881969
       6191.4      0.882598
       6191.6      0.883288
       6191.8      0.883688
        6192.      0.883425
       6192.2      0.884339
       6192.4      0.884011
       6192.6      0.885383
       6192.8      0.884734
        6193.      0.885058
       6193.2      0.885001
       6193.4      0.885074
       6193.6      0.884925
       6193.8      0.885345
        6194.      0.885162
       6194.2      0.885501
       6194.4      0.885078
       6194.6      0.884004
       6194.8      0.884966
        6195.      0.883813
       6195.2      0.883888
       6195.4      0.883118
       6195.6      0.882651
       6195.8      0.883298
        6196.      0.882211
       6196.2      0.881959
       6196.4       0.88138
       6196.6       0.88164
       6196.8      0.880316
        6197.      0.880328
       6197.2      0.879676
       6197.4      0.878525
       6197.6      0.878488
       6197.8      0.877568
        6198.      0.877539
       6198.2      0.876636
       6198.4       0.87603
       6198.6      0.875833
       6198.8      0.874728
        6199.      0.873988
       6199.2      0.873746
       6199.4      0.873006
       6199.6      0.872167
       6199.8       0.87087
        6200.      0.871192
       6200.2      0.870038
       6200.4      0.869367
       6200.6      0.868457
       6200.8      0.868061
        6201.      0.867773
       6201.2      0.867279
       6201.4      0.866361
       6201.6      0.865464
       6201.8      0.865565
        6202.       0.86409
       6202.2      0.863962
       6202.4      0.862685
       6202.6      0.862117
       6202.8      0.861833
        6203.      0.860876
       6203.2      0.860327
       6203.4      0.859761
       6203.6      0.859805
       6203.8      0.858934
        6204.      0.858145
       6204.2      0.857401
       6204.4      0.857133
       6204.6      0.856566
       6204.8      0.855639
        6205.      0.855359
       6205.2      0.854852
       6205.4       0.85522
       6205.6      0.853652
       6205.8      0.853721
        6206.      0.853204
       6206.2      0.852607
       6206.4      0.852376
       6206.6      0.851572
       6206.8      0.851021
        6207.      0.850944
       6207.2      0.850024
       6207.4      0.850017
       6207.6      0.849848
       6207.8      0.848686
        6208.      0.849181
       6208.2       0.84861
       6208.4      0.847755
       6208.6      0.848714
       6208.8      0.847415
        6209.      0.846595
       6209.2      0.846587
       6209.4      0.846781
       6209.6      0.845681
       6209.8      0.845625
        6210.        0.8453
       6210.2      0.845109
       6210.4      0.844953
       6210.6      0.844455
       6210.8      0.843472
        6211.      0.843257
       6211.2      0.842808
       6211.4      0.842394
       6211.6      0.841873
       6211.8      0.841305
        6212.      0.840915
       6212.2      0.840618
       6212.4      0.840313
       6212.6      0.839262
       6212.8      0.838703
        6213.      0.837942
       6213.2      0.837292
       6213.4      0.836958
       6213.6      0.835741
       6213.8      0.834866
        6214.      0.834326
       6214.2      0.833143
       6214.4      0.832254
       6214.6      0.831071
       6214.8      0.829928
        6215.      0.829209
       6215.2      0.827765
       6215.4      0.826022
       6215.6      0.824499
       6215.8      0.822711
        6216.      0.821499
       6216.2      0.820408
       6216.4      0.818107
       6216.6      0.816742
       6216.8      0.814452
        6217.      0.811834
       6217.2       0.81075
       6217.4      0.807764
       6217.6      0.805297
       6217.8      0.802225
        6218.      0.799551
       6218.2      0.796658
       6218.4      0.794466
       6218.6      0.791377
       6218.8       0.78804
        6219.        0.7833
       6219.2      0.778937
       6219.4      0.777037
       6219.6       0.77319
       6219.8      0.768479
        6220.      0.762215
       6220.2      0.758329
       6220.4      0.754528
       6220.6      0.749705
       6220.8      0.745118
        6221.      0.740459
       6221.2      0.732491
       6221.4       0.72715
       6221.6       0.72188
       6221.8      0.716288
        6222.       0.70885
       6222.2      0.699815
       6222.4      0.694541
       6222.6      0.688276
       6222.8      0.681908
        6223.       0.67508
       6223.2      0.666066
       6223.4      0.656027
       6223.6      0.650448
       6223.8      0.642189
        6224.      0.633238
       6224.2      0.625096
       6224.4      0.614572
       6224.6      0.606537
       6224.8      0.599258
        6225.      0.591229
       6225.2      0.581675
       6225.4      0.569823
       6225.6      0.560247
       6225.8      0.550794
        6226.      0.541289
       6226.2       0.53152
       6226.4      0.520132
       6226.6      0.508655
       6226.8      0.500112
        6227.      0.490782
       6227.2      0.481371
       6227.4       0.47136
       6227.6      0.458768
       6227.8      0.447965
        6228.      0.438541
       6228.2      0.429782
       6228.4      0.418039
       6228.6      0.407567
       6228.8      0.397754
        6229.      0.387969
       6229.2      0.380065
       6229.4       0.37172
       6229.6      0.361605
       6229.8      0.348608
        6230.      0.340254
       6230.2      0.331322
       6230.4      0.322926
       6230.6      0.313043
       6230.8      0.302231
        6231.       0.29349
       6231.2      0.286294
       6231.4      0.278854
       6231.6      0.270609
       6231.8      0.262332
        6232.      0.252426
       6232.2      0.244435
       6232.4      0.238089
       6232.6      0.230849
       6232.8      0.222127
        6233.      0.214732
       6233.2      0.208375
       6233.4       0.20248
       6233.6      0.197103
       6233.8      0.191332
        6234.       0.18398
       6234.2      0.177324
       6234.4      0.171573
       6234.6      0.166327
       6234.8      0.160806
        6235.      0.155216
       6235.2      0.149211
       6235.4      0.144502
       6235.6      0.140538
       6235.8      0.136241
        6236.      0.131239
       6236.2      0.126261
       6236.4      0.121418
       6236.6      0.117314
       6236.8      0.113929
        6237.      0.109896
       6237.2        0.1056
       6237.4      0.101281
       6237.6      0.098556
       6237.8      0.095399
        6238.      0.092647
       6238.2      0.089656
       6238.4      0.085871
       6238.6      0.082755
       6238.8      0.080268
        6239.      0.077845
       6239.2      0.074844
       6239.4      0.072191
       6239.6      0.069508
       6239.8      0.067189
        6240.      0.065401
       6240.2      0.063329
       6240.4      0.060917
       6240.6      0.058494
       6240.8       0.05652
        6241.       0.05458
       6241.2      0.052846
       6241.4      0.051159
       6241.6      0.048889
       6241.8      0.047479
        6242.      0.046009
       6242.2      0.044539
       6242.4      0.043092
       6242.6      0.041838
       6242.8      0.040099
        6243.      0.038794
       6243.2      0.037508
       6243.4      0.036311
       6243.6      0.035058
       6243.8      0.033806
        6244.      0.032765
       6244.2      0.031813
       6244.4      0.030952
       6244.6      0.029895
       6244.8      0.028835
        6245.      0.027653
       6245.2      0.026907
       6245.4      0.026136
       6245.6      0.025233
       6245.8      0.024356
        6246.       0.02341
       6246.2       0.02272
       6246.4      0.022143
       6246.6      0.021513
       6246.8      0.020868
        6247.      0.020059
       6247.2      0.019473
       6247.4      0.018842
       6247.6      0.018304
       6247.8      0.017787
        6248.      0.017138
       6248.2      0.016591
       6248.4      0.016163
       6248.6      0.015698
       6248.8      0.015277
        6249.      0.014789
       6249.2      0.014273
       6249.4      0.013758
       6249.6      0.013457
       6249.8      0.013057
        6250.      0.012574
       6250.2      0.012226
       6250.4      0.011795
       6250.6      0.011485
       6250.8       0.01122
        6251.      0.010905
       6251.2      0.010547
       6251.4      0.010183
       6251.6      0.009889
       6251.8      0.009623
        6252.      0.009414
       6252.2      0.009104
       6252.4      0.008806
       6252.6      0.008575
       6252.8      0.008361
        6253.      0.008147
       6253.2      0.007905
       6253.4       0.00768
       6253.6      0.007425
       6253.8      0.007254
        6254.      0.007058
       6254.2      0.006833
       6254.4      0.006647
       6254.6      0.006433
       6254.8      0.006256
        6255.      0.006103
       6255.2      0.005968
       6255.4      0.005782
       6255.6      0.005596
       6255.8      0.005487
        6256.      0.005323
       6256.2      0.005211
       6256.4      0.005084
       6256.6      0.004914
       6256.8      0.004796
        6257.      0.004668
       6257.2      0.004538
       6257.4      0.004475
       6257.6      0.004325
       6257.8      0.004217
        6258.      0.004089
       6258.2      0.003957
       6258.4       0.00391
       6258.6        0.0038
       6258.8       0.00366
        6259.      0.003566
       6259.2      0.003483
       6259.4      0.003415
       6259.6       0.00333
       6259.8      0.003261
        6260.      0.003158
       6260.2       0.00306
       6260.4         0.003
       6260.6      0.002929
       6260.8      0.002845
        6261.      0.002763
       6261.2      0.002722
       6261.4      0.002634
       6261.6      0.002585
       6261.8      0.002531
        6262.      0.002487
       6262.2      0.002407
       6262.4       0.00233
       6262.6      0.002283
       6262.8      0.002226
        6263.      0.002202
       6263.2      0.002087
       6263.4      0.002044
       6263.6         0.002
       6263.8      0.001996
        6264.      0.001933
       6264.2      0.001898
       6264.4       0.00181
       6264.6      0.001782
       6264.8      0.001745
        6265.      0.001717
       6265.2      0.001649
       6265.4      0.001598
       6265.6      0.001586
       6265.8      0.001575
        6266.       0.00152
       6266.2      0.001483
       6266.4      0.001457
       6266.6      0.001413
       6266.8      0.001376
        6267.      0.001354
       6267.2      0.001327
       6267.4      0.001304
       6267.6      0.001283
       6267.8      0.001207
        6268.      0.001216
       6268.2      0.001179
       6268.4      0.001151
       6268.6      0.001126
       6268.8      0.001075
        6269.      0.001059
       6269.2      0.001054
       6269.4      0.001042
       6269.6      0.001029
       6269.8   9.840000E-4
        6270.   9.590000E-4
       6270.2   9.230000E-4
       6270.4   9.090000E-4
       6270.6   9.170000E-4
       6270.8   8.740000E-4
        6271.   8.580000E-4
       6271.2   8.600000E-4
       6271.4   8.330000E-4
       6271.6   8.020000E-4
       6271.8   7.850000E-4
        6272.   7.770000E-4
       6272.2   7.440000E-4
       6272.4   7.340000E-4
       6272.6   7.120000E-4
       6272.8   6.980000E-4
        6273.   7.140000E-4
       6273.2   6.910000E-4
       6273.4   6.800000E-4
       6273.6   6.570000E-4
       6273.8   6.360000E-4
        6274.   6.080000E-4
       6274.2   6.250000E-4
       6274.4   5.900000E-4
       6274.6   5.760000E-4
       6274.8   5.790000E-4
        6275.   5.650000E-4
       6275.2   5.750000E-4
       6275.4   5.470000E-4
       6275.6   5.470000E-4
       6275.8   5.070000E-4
        6276.   5.040000E-4
       6276.2   4.980000E-4
       6276.4   4.820000E-4
       6276.6   4.710000E-4
       6276.8   4.770000E-4
        6277.   4.770000E-4
       6277.2   4.460000E-4
       6277.4   4.210000E-4
       6277.6   4.340000E-4
       6277.8   4.000000E-4
        6278.   4.250000E-4
       6278.2   3.970000E-4
       6278.4   4.040000E-4
       6278.6   3.760000E-4
       6278.8   3.870000E-4
        6279.   3.940000E-4
       6279.2   3.680000E-4
       6279.4   3.820000E-4
       6279.6   3.650000E-4
       6279.8   3.440000E-4
        6280.   3.530000E-4
       6280.2   3.510000E-4
       6280.4   3.290000E-4
       6280.6   3.360000E-4
       6280.8   2.930000E-4
        6281.   2.980000E-4
       6281.2   2.950000E-4
       6281.4   3.070000E-4
       6281.6   3.030000E-4
       6281.8   2.900000E-4
        6282.   2.920000E-4
       6282.2   2.620000E-4
       6282.4   2.840000E-4
       6282.6   2.550000E-4
       6282.8   2.640000E-4
        6283.   2.390000E-4
       6283.2   2.380000E-4
       6283.4   2.430000E-4
       6283.6   2.360000E-4
       6283.8   2.460000E-4
        6284.   2.360000E-4
       6284.2   2.280000E-4
       6284.4   1.910000E-4
       6284.6   1.950000E-4
       6284.8   2.110000E-4
        6285.   2.170000E-4
       6285.2   1.950000E-4
       6285.4   2.010000E-4
       6285.6   2.040000E-4
       6285.8   1.940000E-4
        6286.   1.920000E-4
       6286.2   1.700000E-4
       6286.4   1.760000E-4
       6286.6   1.670000E-4
       6286.8   1.600000E-4
        6287.   1.770000E-4
       6287.2   1.730000E-4
       6287.4   1.830000E-4
       6287.6   1.620000E-4
       6287.8   1.610000E-4
        6288.   1.410000E-4
       6288.2   1.480000E-4
       6288.4   1.450000E-4
       6288.6   1.500000E-4
       6288.8   1.530000E-4
        6289.   1.240000E-4
       6289.2   1.350000E-4
       6289.4   1.280000E-4
       6289.6   1.330000E-4
       6289.8   1.450000E-4
        6290.   1.540000E-4
       6290.2   1.260000E-4
       6290.4   1.090000E-4
       6290.6   1.290000E-4
       6290.8   1.120000E-4
        6291.   1.100000E-4
       6291.2   1.220000E-4
       6291.4   1.080000E-4
       6291.6   1.220000E-4
       6291.8   1.030000E-4
        6292.   9.900000E-5
       6292.2   1.010000E-4
       6292.4   1.030000E-4
       6292.6   1.080000E-4
       6292.8   1.080000E-4
        6293.   9.500000E-5
       6293.2   9.000000E-5
       6293.4   1.040000E-4
       6293.6   1.120000E-4
       6293.8   8.900000E-5
        6294.   1.020000E-4
       6294.2   8.100000E-5
       6294.4   9.300000E-5
       6294.6   8.500000E-5
       6294.8   8.200000E-5
        6295.   8.300000E-5
       6295.2   8.600000E-5
       6295.4   7.400000E-5
       6295.6   7.800000E-5
       6295.8   8.300000E-5
        6296.   6.000000E-5
       6296.2   9.000000E-5
       6296.4   5.800000E-5
       6296.6   8.200000E-5
       6296.8   9.300000E-5
        6297.   7.400000E-5
       6297.2   7.800000E-5
       6297.4   6.400000E-5
       6297.6   8.100000E-5
       6297.8   5.300000E-5
        6298.   9.900000E-5
       6298.2   6.700000E-5
       6298.4   6.900000E-5
       6298.6   7.500000E-5
       6298.8   7.400000E-5
        6299.   6.700000E-5
       6299.2   5.000000E-5
       6299.4   6.700000E-5
       6299.6   5.400000E-5
       6299.8   5.600000E-5
        6350.   5.834260E-6
        6360.   3.484930E-6
        6370.   2.230990E-6
        6380.   1.499830E-6
        6390.   1.058910E-6
        6400.   7.780420E-7
        6410.   5.716290E-7
        6420.   4.743500E-7
        6430.   4.085100E-7
        6440.   3.201640E-7
        6450.   3.033790E-7
        6460.   3.165550E-7
        6470.   2.574930E-7
        6480.   1.798520E-7
        6490.   2.297520E-7
        6500.   2.177890E-7
        6510.   2.071450E-7
        6520.   2.184520E-7
        6530.   1.830360E-7
        6540.   1.873220E-7
        6550.   2.171760E-7
        6560.   2.045600E-7
        6570.   2.098540E-7
        6580.   1.756110E-7
        6590.   2.284970E-7
        6600.   2.261490E-7
        6610.   2.391060E-7
        6620.   1.980250E-7
        6630.   2.025760E-7
        6640.   2.445960E-7
        6650.   2.231700E-7
        6660.   2.259700E-7
        6670.   2.321360E-7
        6680.   2.978280E-7
        6690.   2.790690E-7
        6700.   3.032890E-7
        6710.   2.846570E-7
        6720.   2.925000E-7
        6730.   3.253420E-7
        6740.   3.258870E-7
        6750.   3.284190E-7
        6760.   3.480730E-7
        6770.   3.846630E-7
        6780.   4.129210E-7
        6790.   4.068290E-7
        6800.   4.219940E-7
        6810.   4.149060E-7
        6820.   4.765950E-7
        6830.   5.125640E-7
        6840.   5.092770E-7
        6850.   5.241630E-7
        6860.   5.419570E-7
        6870.   5.424830E-7
        6880.   5.220030E-7
        6890.   4.784900E-7
        6900.   4.406090E-7
        6910.   3.054490E-7
        6920.   2.349640E-7
        6930.   1.527100E-7
        6940.   1.644020E-7
        6950.   1.080200E-7
        6960.   7.143200E-8
        6970.   5.180230E-8
        6980.   6.285650E-8
        6990.   3.727910E-8
        7000.   8.100800E-8
        7010.   6.923210E-8
        7020.   3.664190E-8
        7030.  7.557260E-10
        7040.   2.455200E-8
        7050.   1.808460E-8
        7060.   1.596160E-8
        7070.   2.111110E-8
        7080.   2.183590E-8
        7090.   1.408130E-8
        7100.   2.931590E-8
        7110.   1.464900E-8
        7120.   1.540350E-8
        7130.   5.068330E-8
        7140.   4.053850E-8
        7150.   1.654440E-8
        7160.   1.455600E-8
        7170.   3.498700E-8
        7180.   5.088660E-8
        7190.   4.766370E-8
        7200.   2.374940E-8
        7210.   6.917050E-8
        7220.   1.304400E-7
        7230.   2.120500E-7
        7240.   5.633940E-7
        7250.   2.048180E-6
        7260.   5.416600E-6
        7270.   9.669050E-6
        7280.   1.383230E-5
        7290.   1.669030E-5
        7300.   1.614930E-5
        7310.   1.302180E-5
        7320.   9.194520E-6
        7330.   5.561430E-6
        7340.   3.139320E-6
        7350.   2.518970E-6
        7360.   2.881960E-6
        7370.   3.483200E-6
        7380.   4.383180E-6
        7390.   5.479190E-6
        7400.   6.700190E-6
        7410.   7.704740E-6
        7420.   9.248640E-6
        7430.   1.103170E-5
        7440.   1.277370E-5
        7450.   1.396030E-5
        7460.   1.397160E-5
        7470.   1.244450E-5
        7480.   1.022560E-5
        7490.   7.655610E-6
        7500.   5.784580E-6
        7510.   4.692200E-6
        7520.   4.736590E-6
        7530.   5.211090E-6
        7540.   5.879510E-6
        7550.   6.381810E-6
        7560.   6.354660E-6
        7570.   5.863620E-6
        7580.   5.318900E-6
        7590.   4.638930E-6
        7600.   4.122660E-6
        7610.   3.909660E-6
        7620.   3.963630E-6
        7630.   3.726140E-6
        7640.   3.512120E-6
        7650.   3.062760E-6
        7660.   2.428710E-6
        7670.   1.884710E-6
        7680.   1.454540E-6
        7690.   1.293930E-6
        7700.   1.143050E-6
        7710.   1.087110E-6
        7720.   1.043220E-6
        7730.   9.570390E-7
        7740.   9.866020E-7
        7750.   8.666480E-7
        7760.   8.405030E-7
        7770.   9.329810E-7
        7780.   1.027540E-6
        7790.   1.359210E-6
        7800.   1.655040E-6
        7810.   1.899210E-6
        7820.   2.223170E-6
        7830.   2.347810E-6
        7840.   2.269250E-6
        7850.   2.416450E-6
        7860.   2.379500E-6
        7870.   2.710070E-6
        7880.   3.000850E-6
        7890.   3.156800E-6
        7900.   3.374260E-6
        7910.   3.258400E-6
        7920.   3.189980E-6
        7930.   2.776850E-6
        7940.   2.481570E-6
        7950.   2.619540E-6
        7960.   4.759030E-6
        7970.   9.198770E-6
        7980.   1.475490E-5
        7990.   1.996150E-5
        8000.   2.294500E-5
        8010.   2.032170E-5
        8020.   1.559620E-5
        8030.   1.035660E-5
        8040.   6.126920E-6
        8050.   4.376730E-6
        8060.   4.527540E-6
        8070.   4.891530E-6
        8080.   5.314230E-6
        8090.   5.059920E-6
        8100.   4.609270E-6
        8110.   4.178830E-6
        8120.   3.759160E-6
        8130.   5.711430E-6
        8140.   1.012360E-5
        8150.   1.535780E-5
        8160.   2.053660E-5
        8170.   2.254180E-5
        8180.   1.945300E-5
        8190.   1.437700E-5
        8200.   8.896500E-6
        8210.   4.233980E-6
        8220.   2.536490E-6
        8230.   2.558000E-6
        8240.   3.199260E-6
        8250.   4.312150E-6
        8260.   6.360540E-6
        8270.   1.064300E-5
        8280.   1.565780E-5
        8290.   2.040430E-5
        8300.   2.328050E-5
        8310.   2.140990E-5
        8320.   1.660050E-5
        8330.   1.074200E-5
        8340.   5.505000E-6
        8350.   2.129260E-6
        8360.   1.142930E-6
        8370.   9.595969E-7
        8380.   8.056680E-7
        8390.   9.440940E-7
        8400.   8.709860E-7
        8410.   1.043560E-6
        8420.   1.224710E-6
        8430.   1.816880E-6
        8440.   3.158490E-6
        8450.   4.503590E-6
        8460.   6.217500E-6
        8470.   7.103770E-6
        8480.   7.010010E-6
        8490.   5.470410E-6
        8500.  1.000230E-10
        8510.   1.459010E-5
        8520.   3.709640E-6
        8530.   8.157130E-6
        8540.   7.222990E-6
        8550.   1.410580E-6
        8560.   8.637100E-6
        8570.   1.209550E-6
        8580.   2.257370E-5
        8590.   1.244610E-5
        8600.   1.153950E-5
        8610.   1.069840E-5
        8620.   8.781330E-6
        8630.   2.161280E-5
        8640.   1.387880E-5
        8650.   1.246220E-5
        8660.   7.737920E-6
        8670.   1.597350E-5
        8680.   1.429660E-5
        8690.   2.334060E-5
        8700.   7.136680E-6
        8710.   1.517000E-5
        8720.   1.133340E-5
        8730.   1.135430E-5
        8740.   5.754420E-6
        8750.   1.065370E-5
        8760.   1.041430E-5
        8770.   1.452450E-5
        8780.   2.374200E-5
        8790.   1.723060E-5
        8800.   1.323510E-5
        8810.   1.014600E-5
        8820.   8.547080E-6
        8830.   1.672720E-5
        8840.   1.944060E-5
        8850.   1.298060E-5
        8860.   1.168070E-5
        8870.   1.253570E-5
        8880.   8.095260E-6
        8890.   1.297520E-5
        8900.   1.006590E-5
        8910.   4.053240E-6
        8920.   1.236060E-5
        8930.   9.610430E-6
        8940.   9.622720E-6
        8950.   1.765000E-5
        8960.   1.289120E-5
        8970.   1.114310E-5
        8980.   5.962290E-6
        8990.   7.999750E-6
        9000.   7.533170E-6
        9010.   5.309140E-6
        9020.   5.761160E-6
        9030.   8.417210E-6
        9040.   5.586610E-6
        9050.   1.015270E-5
        9060.   6.198530E-6
        9070.   9.201550E-6
        9080.   6.892870E-6
        9090.   6.146640E-6
        9100.   1.633280E-6
        9110.   8.839830E-6
        9120.   4.513670E-6
        9130.   5.180100E-6
        9140.   5.013600E-6
        9150.   3.230900E-6
        9160.   3.574750E-6
        9170.   8.526370E-6
        9180.   3.590780E-6
        9190.   3.925370E-6
        9200.   2.019900E-6
        9210.   5.487660E-6
        9220.   3.233810E-6
        9230.   2.971610E-6
        9240.   4.703470E-6
        9250.   2.458530E-6
        9260.   4.693690E-6
        9270.   4.919700E-6
        9280.   2.276920E-6
        9290.   2.166500E-6
        9300.   5.351340E-6
        9310.   4.587760E-6
        9320.   2.247640E-6
        9330.   3.550100E-6
        9340.   2.398190E-6
        9350.   1.520580E-6
        9360.   3.310690E-6
        9370.   4.293410E-6
        9380.   1.948900E-6
        9390.   3.629800E-6
        9400.   1.046960E-6
        9410.   1.494410E-6
        9420.   1.219220E-6
        9430.   2.537740E-6
        9440.   1.188420E-6
        9450.   4.507250E-6
        9460.   1.912370E-6
        9470.   2.499380E-6
        9480.   2.230940E-6
        9490.   2.523030E-6
        9500.   1.538990E-6
        9510.   6.734590E-7
        9520.   2.208520E-6
        9530.   8.197820E-7
        9540.   1.626400E-6
        9550.   2.828370E-6
        9560.   1.484540E-6
        9570.   1.511620E-6
        9580.   1.528150E-6
        9590.   8.212610E-7
        9600.   2.112960E-6
        9610.   1.733640E-6
        9620.   1.594520E-6
        9630.  1.000230E-10
        9640.   1.026440E-6
        9650.   5.975340E-7
        9660.   2.532900E-7
        9670.   1.456390E-6
        9680.   6.822920E-7
        9690.   2.153480E-6
        9700.   1.310530E-6
        9710.   5.548980E-7
        9720.   1.768060E-6
        9730.  1.000230E-10
        9740.   1.408470E-6
        9750.   1.091390E-6
        9760.   1.319640E-6
        9770.   4.093660E-7
        9780.   1.503700E-6
        9790.   1.262110E-6
        9800.   2.326890E-6
        9810.   2.089290E-6
        9820.   7.601440E-7
        9830.   1.739590E-6
        9840.   3.059360E-7
        9850.   7.131780E-7
        9860.   1.421420E-6
        9870.   1.257010E-6
        9880.   1.456790E-6
        9890.  1.000230E-10
        9900.   1.433760E-6
        9910.   1.960020E-7
        9920.   7.551150E-7
        9930.   2.285680E-6
        9940.   1.603000E-6
        9950.   5.761150E-7
        9960.   8.777060E-7
        9970.   1.912000E-6
        9980.   2.930580E-7
        9990.   1.086750E-6
       10000.   1.375440E-6
       10010.   1.056430E-6
       10020.   4.751740E-7
       10030.   1.189820E-6
       10040.   1.301950E-6
       10050.   4.249660E-7
       10060.   1.332270E-6
       10070.   1.185410E-6
       10080.   1.757110E-6
       10090.   8.071790E-7
       10100.   8.242330E-7
       10110.   8.425940E-7
       10120.   9.516030E-7
       10130.   1.805300E-6
       10140.   1.275590E-6
       10150.   7.117830E-7
       10160.   8.225080E-7
       10170.   6.026820E-7
       10180.   1.914290E-7
       10190.   1.672070E-6
       10200.   1.787220E-6
       10210.   8.642430E-7
       10220.   1.528000E-6
       10230.   1.037620E-6
       10240.   8.317660E-7
       10250.  1.000230E-10
       10260.   5.063840E-7
       10270.  1.000230E-10
       10280.   9.099570E-7
       10290.   1.547490E-6
       10300.   5.911020E-7
       10310.   5.227380E-7
       10320.   4.590930E-7
       10330.   8.274960E-7
       10340.   9.325430E-7
       10350.  1.000230E-10
       10360.   1.360870E-6
       10370.   1.294520E-6
       10380.   1.278680E-7
       10390.  1.000230E-10
       10400.   1.096730E-6
       10410.   7.820550E-7
       10420.   3.473270E-7
       10430.   7.836720E-7
       10440.   9.292620E-7
       10450.  1.000230E-10
       10460.   9.289350E-7
       10470.   5.885740E-7
       10480.   1.057400E-6
       10490.   1.239000E-6
       10500.   1.497590E-6
       10510.   8.815180E-7
       10520.   8.663890E-7
       10530.   5.639320E-8
       10540.  1.000230E-10
       10550.   1.011980E-6
       10560.   4.470340E-7
       10570.   9.390750E-7
       10580.   2.264700E-7
       10590.   5.619200E-7
       10600.   3.937820E-7
       10610.   9.198330E-7
       10620.   5.930120E-7
       10630.   2.418040E-7
       10640.   3.430140E-7
       10650.   6.343220E-7
       10660.   6.963080E-7
       10670.   4.955240E-7
       10680.   3.279240E-8
       10690.   9.902000E-7
       10700.   3.113020E-7
       10710.   5.220610E-7
       10720.   4.727190E-7
       10730.   7.213350E-7
       10740.   8.949130E-7
       10750.   7.694650E-7
       10760.   8.285150E-7
       10770.  1.000230E-10
       10780.   4.440300E-7
       10790.   1.084080E-6
       10800.   7.121900E-7
       10810.   4.128600E-7
       10820.   1.118870E-6
       10830.   4.307540E-7
       10840.   5.599650E-7
       10850.   1.613990E-7
       10860.   9.344630E-7
       10870.   1.455490E-6
       10880.   6.997390E-7
       10890.  1.000230E-10
       10900.   6.821860E-7
       10910.   1.049430E-6
       10920.   3.114680E-7
       10930.   7.570020E-7
       10940.   1.911210E-7
       10950.   2.526170E-7
       10960.   3.484610E-7
       10970.   6.512720E-7
       10980.   4.712150E-7
       10990.   2.553710E-7
       11000.   6.973180E-7
       11001.            0.
       11002.            0.
