        1988.            0.
        1989.            0.
        1990.   7.367310E-7
        2000.   7.305670E-7
        2010.   7.184090E-7
        2020.   6.812730E-7
        2030.   6.852340E-7
        2040.   6.636320E-7
        2050.   6.358100E-7
        2060.   5.997330E-7
        2070.   5.469340E-7
        2080.   4.957020E-7
        2090.   4.937940E-7
        2100.   4.439900E-7
        2110.   4.504030E-7
        2120.   4.080140E-7
        2130.   3.639910E-7
        2140.   3.612330E-7
        2150.   3.356170E-7
        2160.   3.433470E-7
        2170.   3.348560E-7
        2180.   2.657390E-7
        2190.   2.922490E-7
        2200.   2.859190E-7
        2210.   2.749510E-7
        2220.   2.914420E-7
        2230.   2.731250E-7
        2240.   2.689030E-7
        2250.   2.880550E-7
        2260.   2.491350E-7
        2270.   2.687630E-7
        2280.   2.244870E-7
        2290.   2.886010E-7
        2300.   2.329000E-7
        2310.   2.705900E-7
        2320.   2.743960E-7
        2330.   2.755120E-7
        2340.   2.669140E-7
        2350.   2.566600E-7
        2360.   2.779030E-7
        2370.   2.820760E-7
        2380.   3.279620E-7
        2390.   2.832420E-7
        2400.   2.679080E-7
        2410.   3.168600E-7
        2420.   3.244370E-7
        2430.   2.876040E-7
        2440.   2.799460E-7
        2450.   2.436940E-7
        2460.   2.888210E-7
        2470.   2.638330E-7
        2480.   2.175140E-7
        2490.   2.388180E-7
        2500.   2.715850E-7
        2510.   2.519350E-7
        2520.   2.301680E-7
        2530.   1.958040E-7
        2540.   2.011090E-7
        2550.   1.966390E-7
        2560.   2.044540E-7
        2570.   1.996340E-7
        2580.   1.726570E-7
        2590.   1.920880E-7
        2600.   1.866040E-7
        2610.   1.709850E-7
        2620.   1.775790E-7
        2630.   1.554400E-7
        2640.   1.501960E-7
        2650.   2.080840E-7
        2660.   2.056730E-7
        2670.   1.818400E-7
        2680.   1.610420E-7
        2690.   1.740990E-7
        2700.   1.849130E-7
        2710.   2.145420E-7
        2720.   2.310260E-7
        2730.   2.412700E-7
        2740.   2.652370E-7
        2750.   2.798080E-7
        2760.   2.558510E-7
        2770.   2.917610E-7
        2780.   2.812820E-7
        2790.   3.066050E-7
        2800.   3.147650E-7
        2810.   3.565070E-7
        2820.   4.115560E-7
        2830.   5.339450E-7
        2840.   6.964730E-7
        2850.   9.601480E-7
        2860.   1.271430E-6
        2870.   1.617010E-6
        2880.   2.081910E-6
        2890.   2.670390E-6
        2900.   3.106480E-6
        2910.   3.440060E-6
        2920.   3.732580E-6
        2930.   3.847750E-6
        2940.   3.939140E-6
        2950.   4.027910E-6
        2960.   4.114450E-6
        2970.   4.333440E-6
        2980.   4.401040E-6
        2990.   4.488110E-6
        3000.   4.369470E-6
        3010.   4.159970E-6
        3020.   4.100700E-6
        3030.   3.953880E-6
        3040.   3.850330E-6
        3050.   3.736300E-6
        3060.   3.555760E-6
        3070.   3.343030E-6
        3080.   3.321270E-6
        3090.   3.678500E-6
        3100.   5.039940E-6
        3110.   8.049970E-6
        3120.   1.432740E-5
        3130.   2.795700E-5
        3140.   6.108860E-5
        3150.   1.331940E-4
        3160.   2.577050E-4
        3170.   2.390000E-4
        3180.   6.420000E-4
        3190.      0.001041
        3200.      0.001378
        3210.      0.001487
        3220.      0.001872
        3230.      0.002519
        3240.      0.003856
        3250.      0.007085
        3260.      0.013722
        3270.      0.025285
        3280.      0.041281
        3290.      0.059199
        3300.      0.077398
        3310.      0.095879
        3320.      0.118119
        3330.      0.144048
        3340.      0.172106
        3350.      0.199469
        3360.      0.224281
        3370.      0.252673
        3380.      0.285594
        3390.      0.317947
        3400.      0.350659
        3410.      0.379524
        3420.      0.405563
        3430.      0.429981
        3440.      0.455475
        3450.      0.486239
        3460.      0.519265
        3470.      0.554365
        3480.      0.588655
        3490.      0.619542
        3500.      0.646444
        3510.      0.669096
        3520.       0.68794
        3530.      0.705783
        3540.      0.720793
        3550.      0.735787
        3560.      0.750333
        3570.      0.767182
        3580.      0.785664
        3590.      0.803964
        3600.      0.821536
        3610.      0.835853
        3620.      0.847455
        3630.      0.854907
        3640.      0.859691
        3650.       0.86599
        3660.      0.872138
        3670.      0.880349
        3680.      0.888651
        3690.      0.896248
        3700.      0.903505
        3710.      0.907378
        3720.      0.911502
        3730.      0.915498
        3740.      0.920989
        3750.      0.927584
        3760.       0.93467
        3770.      0.941981
        3780.      0.945197
        3790.      0.946481
        3800.      0.945549
        3810.      0.942166
        3820.       0.94071
        3830.      0.940056
        3840.      0.942967
        3850.      0.948409
        3860.      0.954591
        3870.      0.959488
        3880.      0.960814
        3890.      0.959094
        3900.      0.952989
        3910.      0.944857
        3920.       0.93719
        3930.      0.931133
        3940.      0.929327
        3950.      0.930008
        3960.      0.934506
        3970.      0.939103
        3980.      0.943599
        3990.      0.945673
        4000.      0.943212
        4010.      0.938263
        4020.       0.92988
        4030.      0.920956
        4040.      0.911857
        4050.      0.904767
        4060.      0.902158
        4070.      0.900648
        4080.      0.901684
        4090.      0.903662
        4100.      0.905247
        4110.      0.906593
        4120.      0.905351
        4130.       0.90328
        4140.      0.898788
        4150.       0.89458
        4160.      0.891059
        4170.      0.887809
        4180.      0.887438
        4190.      0.887502
        4200.      0.889349
        4210.      0.891765
        4220.      0.893695
        4230.      0.895279
        4240.      0.894648
        4250.      0.892869
        4260.       0.88951
        4270.      0.884504
        4280.      0.878286
        4290.       0.87151
        4300.      0.865269
        4310.      0.856608
        4320.      0.849454
        4330.      0.844198
        4340.      0.844072
        4350.      0.852561
        4360.      0.866782
        4370.      0.871328
        4380.      0.828504
        4390.       0.69803
        4400.      0.497495
        4410.      0.303368
        4420.      0.164791
        4430.      0.084755
        4440.      0.044495
        4450.      0.024561
        4460.      0.014013
        4470.      0.008218
        4480.      0.005005
        4490.      0.003181
        4500.      0.002095
        4510.      0.001358
        4520.   9.650000E-4
        4530.   6.550000E-4
        4540.   4.620000E-4
        4550.   3.360000E-4
        4560.   2.460000E-4
        4570.   1.990000E-4
        4580.   1.230000E-4
        4590.   1.240000E-4
        4600.   8.531670E-5
        4610.   6.693970E-5
        4620.   5.310420E-5
        4630.   4.261550E-5
        4640.   3.445030E-5
        4650.   2.834730E-5
        4660.   2.306520E-5
        4670.   1.950870E-5
        4680.   1.647760E-5
        4690.   1.371450E-5
        4700.   1.175450E-5
        4710.   1.010300E-5
        4720.   8.870960E-6
        4730.   7.712530E-6
        4740.   6.897860E-6
        4750.   6.031150E-6
        4760.   5.423190E-6
        4770.   4.831010E-6
        4780.   4.444530E-6
        4790.   4.013780E-6
        4800.   3.703720E-6
        4810.   3.471180E-6
        4820.   3.203530E-6
        4830.   2.994540E-6
        4840.   2.788890E-6
        4850.   2.620530E-6
        4860.   2.555050E-6
        4870.   2.395730E-6
        4880.   2.294320E-6
        4890.   2.196800E-6
        4900.   2.069200E-6
        4910.   2.049640E-6
        4920.   1.969660E-6
        4930.   1.937830E-6
        4940.   1.873290E-6
        4950.   1.854800E-6
        4960.   1.890850E-6
        4970.   1.894520E-6
        4980.   1.863390E-6
        4990.   1.830840E-6
        5000.   1.891590E-6
        5010.   1.886890E-6
        5020.   1.935060E-6
        5030.   1.962740E-6
        5040.   1.986440E-6
        5050.   1.978730E-6
        5060.   1.987940E-6
        5070.   2.061680E-6
        5080.   2.103770E-6
        5090.   2.166510E-6
        5100.   2.205960E-6
        5110.   2.270950E-6
        5120.   2.428660E-6
        5130.   2.574040E-6
        5140.   2.744460E-6
        5150.   2.886840E-6
        5160.   3.042260E-6
        5170.   3.331370E-6
        5180.   3.592820E-6
        5190.   3.865960E-6
        5200.   4.149080E-6
        5210.   4.531040E-6
        5220.   4.810970E-6
        5230.   5.127690E-6
        5240.   5.337890E-6
        5250.   5.711010E-6
        5260.   6.083950E-6
        5270.   6.579490E-6
        5280.   7.097050E-6
        5290.   7.839930E-6
        5300.   8.775470E-6
        5310.   1.035850E-5
        5320.   1.208300E-5
        5330.   1.422040E-5
        5340.   1.689310E-5
        5350.   1.903210E-5
        5360.   2.059250E-5
        5370.   2.102920E-5
        5380.   1.977000E-5
        5390.   1.808290E-5
        5400.   1.517910E-5
        5410.   1.230540E-5
        5420.   9.974150E-6
        5430.   7.888080E-6
        5440.   6.282020E-6
        5450.   5.134810E-6
        5460.   4.310870E-6
        5470.   3.789470E-6
        5480.   3.411010E-6
        5490.   3.049660E-6
        5500.   2.963750E-6
        5510.   2.753540E-6
        5520.   2.729060E-6
        5530.   2.744400E-6
        5540.   2.811840E-6
        5550.   2.951160E-6
        5560.   3.152970E-6
        5570.   3.540070E-6
        5580.   4.163300E-6
        5590.   4.941040E-6
        5600.   6.467910E-6
        5610.   8.858370E-6
        5620.   1.309740E-5
        5630.   1.921230E-5
        5640.   2.691470E-5
        5650.   3.330020E-5
        5660.   3.726290E-5
        5670.   3.663230E-5
        5680.   3.209690E-5
        5690.   2.510490E-5
        5700.   1.823350E-5
        5710.   1.211930E-5
        5720.   8.050190E-6
        5730.   5.834510E-6
        5740.   4.559900E-6
        5750.   3.748460E-6
        5760.   3.316720E-6
        5770.   3.026600E-6
        5780.   2.867490E-6
        5790.   2.843690E-6
        5800.   2.768480E-6
        5810.   2.886700E-6
        5820.   2.911840E-6
        5830.   2.947850E-6
        5840.   3.066100E-6
        5850.   2.997080E-6
        5860.   2.880740E-6
        5870.   2.676910E-6
        5880.   2.405730E-6
        5890.   2.146040E-6
        5900.   1.834050E-6
        5910.   1.571050E-6
        5920.   1.286740E-6
        5930.   1.066000E-6
        5940.   8.958640E-7
        5950.   7.483830E-7
        5960.   6.903510E-7
        5970.   6.461330E-7
        5980.   5.476690E-7
        5990.   5.292710E-7
        6000.   4.562450E-7
        6010.   4.295340E-7
        6020.   3.763860E-7
        6030.   3.364780E-7
        6040.   3.756970E-7
        6050.   3.810550E-7
        6060.   3.538740E-7
        6070.   3.193230E-7
        6080.   3.170520E-7
        6090.   3.408960E-7
        6100.   3.265550E-7
        6110.   3.418870E-7
        6120.   3.129000E-7
        6130.   3.218190E-7
        6140.   3.486140E-7
        6150.   3.425470E-7
        6160.   3.278290E-7
        6170.   2.789700E-7
        6180.   3.466820E-7
        6190.   2.657660E-7
        6200.   2.769520E-7
        6210.   2.755620E-7
        6220.   2.820220E-7
        6230.   2.379700E-7
        6240.   2.370360E-7
        6250.   2.130830E-7
        6260.   1.780920E-7
        6270.   1.641820E-7
        6280.   1.639280E-7
        6290.   1.942550E-7
        6300.   1.585630E-7
        6310.   1.875800E-7
        6320.   1.690000E-7
        6330.   1.768350E-7
        6340.   1.660050E-7
        6350.   1.375360E-7
        6360.   1.269520E-7
        6370.   1.680550E-7
        6380.   1.978160E-7
        6390.   1.808590E-7
        6400.   1.527490E-7
        6410.   9.380480E-8
        6420.   1.769820E-7
        6430.   1.255440E-7
        6440.   1.032230E-7
        6450.   1.595550E-7
        6460.   1.398830E-7
        6470.   1.344310E-7
        6480.   1.659820E-7
        6490.   1.432410E-7
        6500.   1.731210E-7
        6510.   1.477600E-7
        6520.   1.316820E-7
        6530.   1.438920E-7
        6540.   1.684240E-7
        6550.   1.360820E-7
        6560.   2.066810E-7
        6570.   2.003390E-7
        6580.   1.748170E-7
        6590.   1.706380E-7
        6600.   1.659480E-7
        6610.   1.890760E-7
        6620.   1.552500E-7
        6630.   1.776170E-7
        6640.   1.837490E-7
        6650.   1.784890E-7
        6660.   1.996870E-7
        6670.   1.993970E-7
        6680.   1.813260E-7
        6690.   1.786980E-7
        6700.   2.171800E-7
        6710.   1.865610E-7
        6720.   1.748230E-7
        6730.   1.763750E-7
        6740.   2.255210E-7
        6750.   2.531690E-7
        6760.   2.206860E-7
        6770.   2.934610E-7
        6780.   2.916190E-7
        6790.   2.931100E-7
        6800.   3.424330E-7
        6810.   3.911110E-7
        6820.   4.639630E-7
        6830.   4.734790E-7
        6840.   6.039830E-7
        6850.   7.186470E-7
        6860.   9.321530E-7
        6870.   1.262320E-6
        6880.   1.692590E-6
        6890.   2.463410E-6
        6900.   3.441720E-6
        6910.   4.833940E-6
        6920.   6.268820E-6
        6930.   7.495920E-6
        6940.   8.045360E-6
        6950.   7.752240E-6
        6960.   6.846770E-6
        6970.   5.457760E-6
        6980.   4.215510E-6
        6990.   3.091930E-6
        7000.   2.367000E-6
        7010.   1.840890E-6
        7020.   1.497170E-6
        7030.   1.241480E-6
        7040.   1.073780E-6
        7050.   9.577260E-7
        7060.   8.661900E-7
        7070.   7.593270E-7
        7080.   7.146050E-7
        7090.   6.677460E-7
        7100.   6.138250E-7
        7110.   5.693270E-7
        7120.   5.263250E-7
        7130.   4.923580E-7
        7140.   5.039880E-7
        7150.   4.487540E-7
        7160.   3.935770E-7
        7170.   3.667990E-7
        7180.   3.662980E-7
        7190.   2.516020E-7
        7200.   2.206540E-7
        7210.   2.069450E-7
        7220.   1.606150E-7
        7230.   1.754130E-7
        7240.   9.722700E-8
        7250.   7.400550E-8
        7260.   1.115630E-7
        7270.   5.897310E-8
        7280.   6.399650E-8
        7290.   8.227860E-8
        7300.   2.611240E-8
        7310.   6.671240E-8
        7320.   6.961100E-8
        7330.   1.236030E-8
        7340.   5.584600E-8
        7350.   4.006800E-8
        7360.   3.805140E-8
        7370.   4.608080E-8
        7380.   5.011270E-8
        7390.   5.951580E-8
        7400.   2.896040E-8
        7410.   3.506090E-8
        7420.   4.305730E-8
        7430.   6.399210E-8
        7440.   2.353090E-8
        7450.   4.589120E-8
        7460.   4.711340E-8
        7470.  1.000230E-10
        7480.   1.134150E-7
        7490.   7.603460E-8
        7500.   3.626620E-8
        7510.   4.073520E-8
        7520.   4.713400E-8
        7530.   5.700570E-8
        7540.   5.490590E-8
        7550.   5.321400E-8
        7560.   9.189610E-8
        7570.   7.045590E-8
        7580.   8.004900E-8
        7590.   1.007100E-7
        7600.   4.495110E-8
        7610.   9.503880E-8
        7620.   4.781690E-8
        7630.   1.335320E-7
        7640.   8.464470E-8
        7650.   9.882390E-8
        7660.   1.183580E-7
        7670.   1.062450E-7
        7680.   1.136820E-7
        7690.   1.309180E-7
        7700.   9.479220E-8
        7710.   9.677340E-8
        7720.   1.229750E-7
        7730.   9.077220E-8
        7740.   1.138880E-7
        7750.   1.254880E-7
        7760.   1.059760E-7
        7770.   9.803480E-8
        7780.   9.946290E-8
        7790.   1.176260E-7
        7800.   8.883760E-8
        7810.   1.002550E-7
        7820.   8.271510E-8
        7830.   1.293740E-7
        7840.   1.331660E-7
        7850.   1.269960E-7
        7860.   1.044250E-7
        7870.   7.129270E-8
        7880.   7.800440E-8
        7890.   7.851150E-8
        7900.   1.346170E-7
        7910.   7.773130E-8
        7920.   1.012430E-7
        7930.   6.159990E-8
        7940.   1.287780E-7
        7950.   1.037750E-7
        7960.   1.151610E-7
        7970.   1.055650E-7
        7980.   7.217670E-8
        7990.   9.325500E-8
        8000.   1.203800E-7
        8010.   8.192540E-8
        8020.   1.542070E-7
        8030.   4.287170E-8
        8040.   1.000690E-7
        8050.   4.623220E-8
        8060.   1.316850E-7
        8070.   1.040540E-7
        8080.   9.776490E-8
        8090.   1.307990E-7
        8100.   4.404790E-8
        8110.   1.046950E-7
        8120.   7.301190E-8
        8130.   1.266110E-7
        8140.   1.035810E-7
        8150.   6.505190E-8
        8160.   1.478370E-7
        8170.   6.866370E-8
        8180.   1.097400E-7
        8190.   1.487630E-7
        8200.   9.520790E-8
        8210.   8.322010E-8
        8220.   6.773500E-8
        8230.   1.157130E-7
        8240.   1.124730E-7
        8250.   9.507450E-8
        8260.   1.249850E-7
        8270.   1.015500E-7
        8280.   8.734200E-8
        8290.   1.026720E-7
        8300.   1.409640E-7
        8310.   7.302350E-8
        8320.   9.151670E-8
        8330.   1.017830E-7
        8340.   1.201350E-7
        8350.   5.328670E-8
        8360.   1.215710E-7
        8370.   1.209730E-7
        8380.   1.074400E-7
        8390.   1.213080E-7
        8400.   1.129210E-7
        8410.   7.419780E-8
        8420.   7.932140E-8
        8430.   6.143350E-8
        8440.   1.345010E-7
        8450.   1.679610E-7
        8460.   1.093610E-7
        8470.   1.050200E-7
        8480.   1.089000E-7
        8490.   1.566260E-7
        8500.  1.000230E-10
        8510.  1.000230E-10
        8520.   1.205300E-6
        8530.  1.000230E-10
        8540.  1.000230E-10
        8550.  1.000230E-10
        8560.  1.000230E-10
        8570.  1.000230E-10
        8580.  1.000230E-10
        8590.  1.000230E-10
        8600.  1.000230E-10
        8610.  1.000230E-10
        8620.  1.000230E-10
        8630.  1.000230E-10
        8640.  1.000230E-10
        8650.   5.468310E-7
        8660.   4.569620E-6
        8670.   8.926910E-7
        8680.  1.000230E-10
        8690.  1.000230E-10
        8700.   1.931010E-6
        8710.  1.000230E-10
        8720.  1.000230E-10
        8730.  1.000230E-10
        8740.  1.000230E-10
        8750.  1.000230E-10
        8760.  1.000230E-10
        8770.  1.000230E-10
        8780.  1.000230E-10
        8790.  1.000230E-10
        8800.   5.815750E-8
        8810.  1.000230E-10
        8820.  1.000230E-10
        8830.  1.000230E-10
        8840.  1.000230E-10
        8850.  1.000230E-10
        8860.  1.000230E-10
        8870.  1.000230E-10
        8880.  1.000230E-10
        8890.  1.000230E-10
        8900.   6.424260E-7
        8910.  1.000230E-10
        8920.  1.000230E-10
        8930.  1.000230E-10
        8940.  1.000230E-10
        8950.  1.000230E-10
        8960.  1.000230E-10
        8970.  1.000230E-10
        8980.   4.538810E-9
        8990.  1.000230E-10
        9000.  1.000230E-10
        9010.   7.543140E-7
        9020.   2.533380E-7
        9030.   1.351240E-6
        9040.   9.372300E-7
        9050.  1.000230E-10
        9060.  1.000230E-10
        9070.   1.468220E-7
        9080.  1.000230E-10
        9090.  1.000230E-10
        9100.  1.000230E-10
        9110.  1.000230E-10
        9120.   5.555420E-7
        9130.  1.000230E-10
        9140.  1.000230E-10
        9150.  1.000230E-10
        9160.  1.000230E-10
        9170.   9.975070E-7
        9180.  1.000230E-10
        9190.  1.000230E-10
        9200.   3.954800E-7
        9210.  1.000230E-10
        9220.  1.000230E-10
        9230.  1.000230E-10
        9240.  1.000230E-10
        9250.  1.000230E-10
        9260.   1.688610E-7
        9270.  1.000230E-10
        9280.   1.828760E-7
        9290.   7.016440E-8
        9300.  1.000230E-10
        9310.  1.000230E-10
        9320.  1.000230E-10
        9330.  1.000230E-10
        9340.  1.000230E-10
        9350.  1.000230E-10
        9360.   1.750820E-7
        9370.   2.809400E-7
        9380.   4.255600E-7
        9390.  1.000230E-10
        9400.   4.232480E-7
        9410.  1.000230E-10
        9420.  1.000230E-10
        9430.  1.000230E-10
        9440.  1.000230E-10
        9450.  1.000230E-10
        9460.  1.000230E-10
        9470.  1.000230E-10
        9480.  1.000230E-10
        9490.   4.261150E-7
        9500.  1.000230E-10
        9510.  1.000230E-10
        9520.  1.000230E-10
        9530.  1.000230E-10
        9540.  1.000230E-10
        9550.  1.000230E-10
        9560.  1.000230E-10
        9570.   1.908200E-7
        9580.   1.081030E-8
        9590.  1.000230E-10
        9600.   3.102890E-7
        9610.  1.000230E-10
        9620.  1.000230E-10
        9630.  1.000230E-10
        9640.  1.000230E-10
        9650.  1.000230E-10
        9660.  1.000230E-10
        9670.  1.000230E-10
        9680.  1.000230E-10
        9690.  1.000230E-10
        9700.  1.000230E-10
        9710.  1.000230E-10
        9720.  1.000230E-10
        9730.  1.000230E-10
        9740.  1.000230E-10
        9750.  1.000230E-10
        9760.  1.000230E-10
        9770.  1.000230E-10
        9780.  1.000230E-10
        9790.  1.000230E-10
        9800.  1.000230E-10
        9810.  1.000230E-10
        9820.  1.000230E-10
        9830.  1.000230E-10
        9840.  1.000230E-10
        9850.  1.000230E-10
        9860.  1.000230E-10
        9870.  1.000230E-10
        9880.  1.000230E-10
        9890.  1.000230E-10
        9900.  1.000230E-10
        9910.  1.000230E-10
        9920.  1.000230E-10
        9930.  1.000230E-10
        9940.  1.000230E-10
        9950.   1.022420E-7
        9960.  1.000230E-10
        9970.  1.000230E-10
        9980.  1.000230E-10
        9990.  1.000230E-10
       10000.  1.000230E-10
       10010.  1.000230E-10
       10020.  1.000230E-10
       10030.  1.000230E-10
       10040.  1.000230E-10
       10050.   2.042380E-7
       10060.  1.000230E-10
       10070.  1.000230E-10
       10080.  1.000230E-10
       10090.  1.000230E-10
       10100.  1.000230E-10
       10110.  1.000230E-10
       10120.  1.000230E-10
       10130.  1.000230E-10
       10140.  1.000230E-10
       10150.  1.000230E-10
       10160.  1.000230E-10
       10170.  1.000230E-10
       10180.  1.000230E-10
       10190.  1.000230E-10
       10200.  1.000230E-10
       10210.  1.000230E-10
       10220.  1.000230E-10
       10230.  1.000230E-10
       10240.  1.000230E-10
       10250.  1.000230E-10
       10260.  1.000230E-10
       10270.  1.000230E-10
       10280.  1.000230E-10
       10290.  1.000230E-10
       10300.   1.156790E-7
       10310.  1.000230E-10
       10320.   8.451950E-9
       10330.  1.000230E-10
       10340.  1.000230E-10
       10350.  1.000230E-10
       10360.  1.000230E-10
       10370.   3.037880E-8
       10380.  1.000230E-10
       10390.  1.000230E-10
       10400.  1.000230E-10
       10410.  1.000230E-10
       10420.  1.000230E-10
       10430.  1.000230E-10
       10440.  1.000230E-10
       10450.  1.000230E-10
       10460.  1.000230E-10
       10470.  1.000230E-10
       10480.  1.000230E-10
       10490.  1.000230E-10
       10500.  1.000230E-10
       10510.   1.143760E-7
       10520.   6.991190E-8
       10530.  1.000230E-10
       10540.  1.000230E-10
       10550.  1.000230E-10
       10560.  1.000230E-10
       10570.  1.000230E-10
       10580.  1.000230E-10
       10590.  1.000230E-10
       10600.  1.000230E-10
       10610.  1.000230E-10
       10620.  1.000230E-10
       10630.  1.000230E-10
       10640.  1.000230E-10
       10650.  1.000230E-10
       10660.   6.880010E-8
       10670.  1.000230E-10
       10680.  1.000230E-10
       10690.  1.000230E-10
       10700.   1.231810E-7
       10710.  1.000230E-10
       10720.  1.000230E-10
       10730.  1.000230E-10
       10740.  1.000230E-10
       10750.  1.000230E-10
       10760.  1.000230E-10
       10770.  1.000230E-10
       10780.  1.000230E-10
       10790.  1.000230E-10
       10800.  1.000230E-10
       10810.  1.000230E-10
       10820.  1.000230E-10
       10830.  1.000230E-10
       10840.  1.000230E-10
       10850.  1.000230E-10
       10860.  1.000230E-10
       10870.  1.000230E-10
       10880.  1.000230E-10
       10890.  1.000230E-10
       10900.  1.000230E-10
       10910.  1.000230E-10
       10920.  1.000230E-10
       10930.  1.000230E-10
       10940.  1.000230E-10
       10950.  1.000230E-10
       10960.   6.261550E-8
       10970.  1.000230E-10
       10980.  1.000230E-10
       10990.  1.000230E-10
       11000.  1.000230E-10
       11001.            0.
       11002.            0.
