        1938.            0.
        1939.            0.
        1940.   2.478960E-7
        1950.   1.918110E-7
        1960.   2.133620E-7
        1970.   1.908890E-7
        1980.   1.791430E-7
        1990.   1.846310E-7
        2000.   1.606020E-7
        2010.   1.969860E-7
        2020.   2.094070E-7
        2030.   1.815540E-7
        2040.   1.698200E-7
        2050.   1.721060E-7
        2060.   1.740920E-7
        2070.   1.593320E-7
        2080.   1.690520E-7
        2090.   1.453960E-7
        2100.   1.402080E-7
        2110.   1.436190E-7
        2120.   1.174060E-7
        2130.   1.069660E-7
        2140.   1.128560E-7
        2150.   1.264230E-7
        2160.   1.250300E-7
        2170.   9.756830E-8
        2180.   1.072600E-7
        2190.   1.004850E-7
        2200.   1.128400E-7
        2210.   8.332630E-8
        2220.   9.933260E-8
        2230.   1.145690E-7
        2240.   1.162290E-7
        2250.   1.229950E-7
        2260.   1.117750E-7
        2270.   1.017560E-7
        2280.   1.587780E-7
        2290.   1.056790E-7
        2300.   9.877090E-8
        2310.   1.013240E-7
        2320.   1.211960E-7
        2330.   1.070130E-7
        2340.   1.047810E-7
        2350.   1.301690E-7
        2360.   1.370150E-7
        2370.   1.261730E-7
        2380.   1.408000E-7
        2390.   1.654600E-7
        2400.   1.224730E-7
        2410.   1.110290E-7
        2420.   1.427660E-7
        2430.   1.693110E-7
        2440.   1.211530E-7
        2450.   1.584430E-7
        2460.   1.699380E-7
        2470.   1.760910E-7
        2480.   1.303700E-7
        2490.   1.494340E-7
        2500.   1.683910E-7
        2510.   1.562780E-7
        2520.   2.055710E-7
        2530.   1.575990E-7
        2540.   1.505490E-7
        2550.   2.042570E-7
        2560.   1.644550E-7
        2570.   1.738580E-7
        2580.   1.836110E-7
        2590.   2.236280E-7
        2600.   2.118430E-7
        2610.   1.907420E-7
        2620.   1.899550E-7
        2630.   2.315470E-7
        2640.   2.321150E-7
        2650.   2.398410E-7
        2660.   2.199900E-7
        2670.   2.483420E-7
        2680.   2.424390E-7
        2690.   2.819700E-7
        2700.   2.991470E-7
        2710.   2.864670E-7
        2720.   2.484790E-7
        2730.   2.605090E-7
        2740.   2.739630E-7
        2750.   2.904140E-7
        2760.   2.752040E-7
        2770.   2.623910E-7
        2780.   3.198290E-7
        2790.   3.126640E-7
        2800.   3.305580E-7
        2810.   3.236180E-7
        2820.   3.512080E-7
        2830.   3.379280E-7
        2840.   3.047770E-7
        2850.   3.751580E-7
        2860.   3.797290E-7
        2870.   3.911800E-7
        2880.   4.204500E-7
        2890.   3.898550E-7
        2900.   4.127670E-7
        2910.   4.211890E-7
        2920.   4.447770E-7
        2930.   4.474500E-7
        2940.   4.349210E-7
        2950.   4.461990E-7
        2960.   4.511820E-7
        2970.   4.423580E-7
        2980.   4.962110E-7
        2990.   4.685670E-7
        3000.   4.702150E-7
        3010.   4.920420E-7
        3020.   5.344460E-7
        3030.   5.093150E-7
        3040.   5.171880E-7
        3050.   5.475060E-7
        3060.   5.595770E-7
        3070.   5.865890E-7
        3080.   5.671030E-7
        3090.   5.361050E-7
        3100.   5.379000E-7
        3110.   5.732130E-7
        3120.   6.601020E-7
        3130.   6.116300E-7
        3140.   6.337590E-7
        3150.   6.436810E-7
        3160.   6.748890E-7
        3170.   6.157340E-7
        3180.   6.730260E-7
        3190.   6.778930E-7
        3200.   6.982700E-7
        3210.   7.241430E-7
        3220.   7.298880E-7
        3230.   6.998890E-7
        3240.   7.654630E-7
        3250.   7.448570E-7
        3260.   7.985390E-7
        3270.   7.935820E-7
        3280.   8.609840E-7
        3290.   9.116200E-7
        3300.   8.642380E-7
        3310.   8.933650E-7
        3320.   8.711080E-7
        3330.   9.107730E-7
        3340.   9.619580E-7
        3350.   1.010330E-6
        3360.   1.019050E-6
        3370.   1.110020E-6
        3380.   1.112020E-6
        3390.   1.060320E-6
        3400.   1.153510E-6
        3410.   1.220200E-6
        3420.   1.215870E-6
        3430.   1.230740E-6
        3440.   1.282710E-6
        3450.   1.342180E-6
        3460.   1.393510E-6
        3470.   1.480660E-6
        3480.   1.560970E-6
        3490.   1.538520E-6
        3500.   1.676270E-6
        3510.   1.603530E-6
        3520.   1.652850E-6
        3530.   1.676100E-6
        3540.   1.743640E-6
        3550.   1.716530E-6
        3560.   1.802440E-6
        3570.   1.750190E-6
        3580.   1.807740E-6
        3590.   1.854760E-6
        3600.   1.792550E-6
        3610.   1.890760E-6
        3620.   1.898970E-6
        3630.   1.917260E-6
        3640.   1.914310E-6
        3650.   1.976500E-6
        3660.   2.023850E-6
        3670.   2.007790E-6
        3680.   2.157500E-6
        3690.   2.130870E-6
        3700.   1.957530E-6
        3710.   2.048190E-6
        3720.   2.079150E-6
        3730.   2.072750E-6
        3740.   2.219110E-6
        3750.   2.165480E-6
        3760.   2.123270E-6
        3770.   2.147210E-6
        3780.   2.261130E-6
        3790.   2.191260E-6
        3800.   2.195130E-6
        3810.   2.111130E-6
        3820.   2.264500E-6
        3830.   2.331190E-6
        3840.   2.260100E-6
        3850.   2.290820E-6
        3860.   2.298020E-6
        3870.   2.209620E-6
        3880.   2.247740E-6
        3890.   2.169190E-6
        3900.   2.450080E-6
        3910.   2.299380E-6
        3920.   2.229990E-6
        3930.   2.289080E-6
        3940.   2.283850E-6
        3950.   2.167620E-6
        3960.   2.350250E-6
        3970.   2.346320E-6
        3980.   2.294180E-6
        3990.   2.176520E-6
        4000.   2.455700E-6
        4010.   2.483230E-6
        4020.   2.477910E-6
        4030.   2.463920E-6
        4040.   2.445660E-6
        4050.   2.469390E-6
        4060.   2.540880E-6
        4070.   2.469000E-6
        4080.   2.498520E-6
        4090.   2.511190E-6
        4100.   2.523740E-6
        4110.   2.515680E-6
        4120.   2.559500E-6
        4130.   2.531950E-6
        4140.   2.535490E-6
        4150.   2.503200E-6
        4160.   2.540850E-6
        4170.   2.589560E-6
        4180.   2.587500E-6
        4190.   2.578490E-6
        4200.   2.541580E-6
        4210.   2.582060E-6
        4220.   2.583770E-6
        4230.   2.654120E-6
        4240.   2.607850E-6
        4250.   2.627850E-6
        4260.   2.649590E-6
        4270.   2.604160E-6
        4280.   2.606090E-6
        4290.   2.595630E-6
        4300.   2.685040E-6
        4310.   2.641060E-6
        4320.   2.620790E-6
        4330.   2.650220E-6
        4340.   2.683880E-6
        4350.   2.643820E-6
        4360.   2.694500E-6
        4370.   2.678750E-6
        4380.   2.693240E-6
        4390.   2.717020E-6
        4400.   2.659050E-6
        4410.   2.679740E-6
        4420.   2.689310E-6
        4430.   2.627650E-6
        4440.   2.673520E-6
        4450.   2.675540E-6
        4460.   2.681150E-6
        4470.   2.701840E-6
        4480.   2.728310E-6
        4490.   2.702620E-6
        4500.   2.715580E-6
        4510.   2.656540E-6
        4520.   2.683420E-6
        4530.   2.691640E-6
        4540.   2.632270E-6
        4550.   2.669700E-6
        4560.   2.668600E-6
        4570.   2.683160E-6
        4580.   2.659040E-6
        4590.   2.619440E-6
        4600.   2.585140E-6
        4610.   2.574110E-6
        4620.   2.553780E-6
        4630.   2.573730E-6
        4640.   2.548980E-6
        4650.   2.492730E-6
        4660.   2.461130E-6
        4670.   2.453590E-6
        4680.   2.449710E-6
        4690.   2.460890E-6
        4700.   2.348380E-6
        4710.   2.275130E-6
        4720.   2.316790E-6
        4730.   2.236110E-6
        4740.   2.171100E-6
        4750.   2.137750E-6
        4760.   2.048950E-6
        4770.   2.062290E-6
        4780.   2.020350E-6
        4790.   1.999340E-6
        4800.   1.909450E-6
        4810.   1.862960E-6
        4820.   1.836800E-6
        4830.   1.857430E-6
        4840.   1.890800E-6
        4850.   1.861110E-6
        4860.   2.000520E-6
        4870.   2.219620E-6
        4880.   2.591670E-6
        4890.   3.512430E-6
        4900.   5.124410E-6
        4910.   8.135850E-6
        4920.   1.380450E-5
        4956.   4.900000E-5
        4957.   4.600000E-5
        4958.   6.000000E-5
        4959.   5.900000E-5
        4960.   6.500000E-5
        4961.   6.800000E-5
        4962.   7.000000E-5
        4963.   8.000000E-5
        4964.   8.200000E-5
        4965.   8.700000E-5
        4966.   9.500000E-5
        4967.   9.300000E-5
        4968.   1.070000E-4
        4969.   1.080000E-4
        4970.   1.220000E-4
        4971.   1.290000E-4
        4972.   1.300000E-4
        4973.   1.350000E-4
        4974.   1.540000E-4
        4975.   1.620000E-4
        4976.   1.770000E-4
        4977.   1.800000E-4
        4978.   1.940000E-4
        4979.   2.080000E-4
        4980.   2.280000E-4
        4981.   2.410000E-4
        4982.   2.530000E-4
        4983.   2.640000E-4
        4984.   2.730000E-4
        4985.   3.070000E-4
        4986.   3.150000E-4
        4987.   3.410000E-4
        4988.   3.520000E-4
        4989.   3.620000E-4
        4990.   3.980000E-4
        4991.   4.290000E-4
        4992.   4.580000E-4
        4993.   4.800000E-4
        4994.   5.120000E-4
        4995.   5.430000E-4
        4996.   5.900000E-4
        4997.   6.230000E-4
        4998.   6.680000E-4
        4999.   6.980000E-4
        5000.   7.540000E-4
        5001.   7.980000E-4
        5002.   8.450000E-4
        5003.   9.110000E-4
        5004.   9.720000E-4
        5005.       0.00104
        5006.      0.001095
        5007.      0.001154
        5008.      0.001229
        5009.      0.001319
        5010.      0.001402
        5011.      0.001514
        5012.      0.001594
        5013.      0.001715
        5014.      0.001793
        5015.      0.001946
        5016.      0.002068
        5017.      0.002199
        5018.       0.00235
        5019.      0.002514
        5020.      0.002708
        5021.      0.002858
        5022.      0.003071
        5023.      0.003262
        5024.      0.003467
        5025.      0.003685
        5026.      0.003943
        5027.        0.0042
        5028.       0.00444
        5029.      0.004797
        5030.      0.005078
        5031.      0.005449
        5032.      0.005802
        5033.       0.00625
        5034.      0.006604
        5035.      0.007112
        5036.      0.007542
        5037.      0.008046
        5038.       0.00862
        5039.      0.009206
        5040.      0.009738
        5041.      0.010419
        5042.      0.011083
        5043.      0.011823
        5044.       0.01273
        5045.      0.013668
        5046.      0.014556
        5047.       0.01559
        5048.      0.016595
        5049.      0.017806
        5050.      0.018959
        5051.      0.020274
        5052.      0.021634
        5053.      0.023072
        5054.      0.024591
        5055.      0.026311
        5056.      0.028053
        5057.      0.030133
        5058.      0.032088
        5059.      0.034468
        5060.      0.036729
        5061.      0.039274
        5062.       0.04199
        5063.      0.044817
        5064.       0.04774
        5065.      0.051063
        5066.      0.054435
        5067.      0.058087
        5068.      0.061624
        5069.      0.065903
        5070.      0.070416
        5071.      0.075207
        5072.      0.080151
        5073.      0.085591
        5074.      0.091059
        5075.      0.096936
        5076.      0.103072
        5077.      0.109411
        5078.        0.1167
        5079.      0.123633
        5080.      0.131321
        5081.       0.13833
        5082.       0.14676
        5083.      0.155278
        5084.      0.165073
        5085.      0.174733
        5086.      0.184604
        5087.      0.194978
        5088.      0.205397
        5089.      0.216391
        5090.      0.227523
        5091.      0.239246
        5092.      0.251285
        5093.      0.263978
        5094.       0.27506
        5095.      0.288147
        5096.      0.300709
        5097.      0.315545
        5098.      0.328748
        5099.      0.341565
        5100.      0.356071
        5101.      0.370471
        5102.      0.384048
        5103.      0.396995
        5104.       0.41199
        5105.       0.42504
        5106.       0.43858
        5107.      0.450958
        5108.      0.464227
        5109.       0.47704
        5110.      0.490463
        5111.      0.503303
        5112.      0.516573
        5113.      0.528379
        5114.       0.53972
        5115.      0.552555
        5116.      0.562921
        5117.      0.574748
        5118.      0.584578
        5119.       0.59589
        5120.      0.604301
        5121.      0.613213
        5122.      0.623302
        5123.      0.632015
        5124.      0.642587
        5125.      0.650724
        5126.      0.658836
        5127.      0.667182
        5128.      0.673911
        5129.      0.682425
        5130.      0.688849
        5131.      0.696262
        5132.      0.703046
        5133.       0.70738
        5134.      0.715036
        5135.      0.718927
        5136.      0.725955
        5137.      0.731875
        5138.      0.736138
        5139.      0.741719
        5140.      0.745256
        5141.      0.750805
        5142.      0.755626
        5143.      0.759192
        5144.       0.76339
        5145.      0.768198
        5146.       0.77181
        5147.      0.776234
        5148.       0.77938
        5149.      0.782589
        5150.      0.787052
        5151.      0.788899
        5152.      0.791008
        5153.      0.794747
        5154.      0.798892
        5155.      0.801485
        5156.      0.803226
        5157.      0.806893
        5158.      0.809066
        5159.      0.810961
        5160.      0.813318
        5161.      0.814763
        5162.      0.818715
        5163.      0.820222
        5164.      0.821182
        5165.      0.825102
        5166.      0.824886
        5167.      0.828512
        5168.      0.831163
        5169.      0.832066
        5170.      0.831953
        5171.      0.834282
        5172.      0.836026
        5173.       0.83772
        5174.      0.839266
        5175.      0.840775
        5176.      0.841273
        5177.      0.840995
        5178.      0.844634
        5179.      0.844644
        5180.      0.845325
        5181.      0.846164
        5182.      0.847168
        5183.      0.847863
        5184.      0.850252
        5185.      0.849967
        5186.      0.851063
        5187.      0.851737
        5188.      0.853639
        5189.      0.851485
        5190.      0.853193
        5191.      0.853451
        5192.      0.854822
        5193.      0.855395
        5194.      0.855848
        5195.      0.857385
        5196.      0.856383
        5197.      0.857613
        5198.      0.858215
        5199.      0.857738
        5200.      0.856671
        5201.      0.858566
        5202.      0.860347
        5203.      0.859027
        5204.      0.859176
        5205.      0.860987
        5206.      0.861278
        5207.      0.862059
        5208.      0.861629
        5209.      0.861638
        5210.      0.863712
        5211.      0.861574
        5212.      0.863517
        5213.      0.862179
        5214.      0.864094
        5215.      0.864747
        5216.      0.864217
        5217.      0.864045
        5218.      0.863612
        5219.      0.865279
        5220.      0.866163
        5221.       0.86527
        5222.      0.866178
        5223.      0.865283
        5224.       0.86871
        5225.      0.867617
        5226.       0.86625
        5227.      0.867315
        5228.      0.867441
        5229.      0.867845
        5230.      0.868478
        5231.      0.868958
        5232.      0.868495
        5233.      0.869935
        5234.      0.869199
        5235.      0.869652
        5236.      0.870685
        5237.      0.870295
        5238.      0.870856
        5239.      0.871628
        5240.       0.87288
        5241.        0.8721
        5242.      0.870925
        5243.      0.873279
        5244.      0.874282
        5245.      0.874091
        5246.      0.872957
        5247.      0.875037
        5248.       0.87494
        5249.      0.875012
        5250.      0.875782
        5251.      0.876654
        5252.      0.874828
        5253.      0.875488
        5254.      0.876912
        5255.      0.878287
        5256.      0.876901
        5257.      0.878348
        5258.      0.880517
        5259.      0.877051
        5260.      0.878901
        5261.      0.879362
        5262.      0.879494
        5263.      0.879433
        5264.      0.880066
        5265.      0.879619
        5266.      0.879949
        5267.      0.880628
        5268.      0.881492
        5269.      0.881602
        5270.      0.881699
        5271.       0.88205
        5272.      0.881818
        5273.      0.881981
        5274.       0.88316
        5275.      0.883579
        5276.      0.883115
        5277.      0.882484
        5278.      0.883149
        5279.      0.883909
        5280.      0.881308
        5281.      0.883953
        5282.      0.883219
        5283.      0.884113
        5284.      0.883532
        5285.      0.884216
        5286.      0.884132
        5287.       0.88501
        5288.      0.883457
        5289.      0.883335
        5290.      0.883558
        5291.      0.883752
        5292.      0.881847
        5293.      0.883202
        5294.      0.882737
        5295.      0.881642
        5296.      0.881643
        5297.      0.882114
        5298.      0.881676
        5299.      0.881484
        5300.       0.88275
        5301.      0.882091
        5302.      0.881594
        5303.      0.883514
        5304.       0.88027
        5305.      0.880105
        5306.      0.879352
        5307.      0.880223
        5308.      0.879589
        5309.      0.877854
        5310.      0.877593
        5311.      0.878094
        5312.      0.877426
        5313.      0.877495
        5314.      0.876665
        5315.      0.876604
        5316.      0.876026
        5317.      0.877565
        5318.      0.874002
        5319.      0.872961
        5320.      0.874199
        5321.      0.872886
        5322.      0.873536
        5323.      0.871934
        5324.      0.871886
        5325.      0.873224
        5326.      0.871401
        5327.      0.870881
        5328.      0.870968
        5329.      0.869421
        5330.      0.869658
        5331.      0.868113
        5332.      0.867977
        5333.      0.866913
        5334.      0.866813
        5335.       0.86687
        5336.      0.864349
        5337.      0.864718
        5338.      0.864096
        5339.       0.86344
        5340.      0.863857
        5341.      0.861716
        5342.       0.86352
        5343.       0.86045
        5344.      0.861391
        5345.      0.859527
        5346.      0.859434
        5347.      0.859797
        5348.      0.857695
        5349.      0.857585
        5350.      0.858216
        5351.      0.857733
        5352.      0.856326
        5353.      0.855391
        5354.      0.856427
        5355.      0.856136
        5356.      0.853882
        5357.      0.853314
        5358.      0.853252
        5359.      0.853598
        5360.      0.852364
        5361.       0.85282
        5362.      0.850953
        5363.      0.850684
        5364.      0.849702
        5365.      0.849314
        5366.       0.85008
        5367.      0.848343
        5368.      0.847754
        5369.       0.84736
        5370.      0.847263
        5371.      0.846447
        5372.      0.847092
        5373.      0.846135
        5374.      0.845372
        5375.      0.844559
        5376.      0.845211
        5377.      0.845007
        5378.      0.844414
        5379.      0.843677
        5380.      0.845236
        5381.      0.843765
        5382.      0.842291
        5383.      0.844072
        5384.      0.842613
        5385.       0.84111
        5386.      0.842385
        5387.      0.841914
        5388.      0.843357
        5389.      0.840812
        5390.      0.840251
        5391.      0.840197
        5392.      0.839905
        5393.      0.840926
        5394.      0.838584
        5395.       0.83879
        5396.      0.839041
        5397.      0.837183
        5398.      0.837984
        5399.       0.83836
        5400.      0.838614
        5401.      0.838309
        5402.      0.838643
        5403.      0.837485
        5404.      0.837987
        5405.      0.837113
        5406.      0.838895
        5407.      0.837749
        5408.       0.83776
        5409.      0.837433
        5410.      0.836988
        5411.      0.838311
        5412.      0.837074
        5413.       0.83617
        5414.      0.836134
        5415.      0.835165
        5416.      0.835894
        5417.      0.835078
        5418.      0.835061
        5419.      0.836054
        5420.      0.835178
        5421.       0.83495
        5422.      0.836156
        5423.       0.83626
        5424.      0.835096
        5425.      0.834389
        5426.       0.83398
        5427.      0.835948
        5428.      0.833348
        5429.      0.833404
        5430.      0.834917
        5431.      0.835456
        5432.      0.833736
        5433.      0.834668
        5434.      0.834638
        5435.      0.835252
        5436.      0.834016
        5437.       0.83583
        5438.      0.834443
        5439.        0.8347
        5440.      0.834243
        5441.      0.835765
        5442.      0.833497
        5443.      0.832945
        5444.      0.834237
        5445.      0.833888
        5446.        0.8329
        5447.      0.833949
        5448.      0.833062
        5449.      0.833708
        5450.      0.833014
        5451.      0.834045
        5452.      0.832557
        5453.      0.834139
        5454.      0.831954
        5455.         0.833
        5456.      0.833183
        5457.      0.833833
        5458.      0.832371
        5459.      0.831219
        5460.      0.831784
        5461.      0.832641
        5462.      0.832006
        5463.      0.831335
        5464.      0.832007
        5465.      0.831617
        5466.      0.832004
        5467.      0.830064
        5468.      0.829746
        5469.      0.831636
        5470.      0.830001
        5471.      0.831258
        5472.      0.831785
        5473.      0.829906
        5474.      0.830701
        5475.      0.830973
        5476.       0.83002
        5477.      0.829237
        5478.      0.830254
        5479.      0.829216
        5480.      0.829193
        5481.       0.82932
        5482.      0.828528
        5483.      0.830293
        5484.      0.829253
        5485.      0.828385
        5486.      0.828005
        5487.      0.828642
        5488.      0.828934
        5489.      0.828342
        5490.      0.827653
        5491.      0.828063
        5492.      0.827194
        5493.      0.826499
        5494.      0.826844
        5495.      0.826429
        5496.       0.82549
        5497.      0.825924
        5498.      0.825583
        5499.      0.825959
        5500.      0.824733
        5501.      0.823726
        5502.      0.824368
        5503.      0.824124
        5504.      0.825671
        5505.      0.823588
        5506.      0.823246
        5507.      0.821953
        5508.      0.822972
        5509.      0.823013
        5510.      0.822293
        5511.      0.822262
        5512.      0.822961
        5513.      0.820142
        5514.      0.821538
        5515.      0.820814
        5516.      0.820268
        5517.      0.820118
        5518.      0.820253
        5519.      0.819237
        5520.      0.820682
        5521.      0.819888
        5522.      0.817876
        5523.      0.817583
        5524.      0.817179
        5525.      0.817877
        5526.      0.817353
        5527.      0.817029
        5528.      0.816436
        5529.      0.815059
        5530.      0.815241
        5531.       0.81486
        5532.      0.815917
        5533.       0.81451
        5534.      0.813627
        5535.      0.813887
        5536.      0.813777
        5537.      0.812453
        5538.      0.812696
        5539.      0.812427
        5540.       0.81036
        5541.      0.812493
        5542.      0.810672
        5543.      0.810658
        5544.      0.809417
        5545.      0.809989
        5546.      0.808084
        5547.      0.809102
        5548.       0.80824
        5549.      0.809472
        5550.      0.806748
        5551.      0.806524
        5552.      0.806069
        5553.       0.80569
        5554.      0.804732
        5555.      0.804536
        5556.      0.803681
        5557.       0.80314
        5558.       0.80266
        5559.       0.80201
        5560.         0.802
        5561.      0.801468
        5562.      0.801427
        5563.      0.798777
        5564.      0.799618
        5565.      0.800373
        5566.        0.7986
        5567.      0.796819
        5568.      0.797041
        5569.       0.79737
        5570.      0.794304
        5571.      0.796066
        5572.      0.795373
        5573.      0.792639
        5574.      0.794727
        5575.      0.792251
        5576.      0.791283
        5577.       0.79124
        5578.      0.789828
        5579.      0.789355
        5580.      0.788475
        5581.       0.78834
        5582.      0.787397
        5583.      0.788511
        5584.      0.785813
        5585.      0.785478
        5586.      0.786017
        5587.        0.7846
        5588.      0.783713
        5589.      0.782711
        5590.      0.782967
        5591.      0.781052
        5592.      0.781442
        5593.      0.780193
        5594.      0.779075
        5595.      0.779246
        5596.      0.777793
        5597.      0.778959
        5598.       0.77672
        5599.      0.775757
        5600.      0.775045
        5601.      0.774416
        5602.      0.773083
        5603.      0.773455
        5604.      0.772398
        5605.      0.772751
        5606.      0.771702
        5607.      0.770941
        5608.        0.7686
        5609.      0.767954
        5610.      0.767482
        5611.       0.76462
        5612.      0.766208
        5613.      0.765851
        5614.      0.765238
        5615.      0.764382
        5616.      0.762506
        5617.      0.761517
        5618.      0.759989
        5619.      0.761342
        5620.      0.760001
        5621.      0.758025
        5622.      0.755999
        5623.       0.75615
        5624.      0.755874
        5625.      0.754955
        5626.      0.753114
        5627.      0.752729
        5628.      0.752685
        5629.      0.751471
        5630.      0.750861
        5631.      0.750184
        5632.      0.748477
        5633.      0.748137
        5634.      0.746835
        5635.      0.745139
        5636.      0.745176
        5637.      0.745988
        5638.        0.7431
        5639.      0.742478
        5640.      0.740763
        5641.      0.741211
        5642.      0.739452
        5643.      0.738711
        5644.      0.737667
        5645.      0.736758
        5646.       0.73483
        5647.      0.735108
        5648.      0.733986
        5649.      0.732783
        5650.      0.732497
        5651.      0.731979
        5652.      0.730696
        5653.      0.729224
        5654.      0.728133
        5655.      0.726858
        5656.      0.726437
        5657.      0.725276
        5658.      0.725668
        5659.      0.723521
        5660.      0.724422
        5661.      0.722932
        5662.      0.721468
        5663.      0.721727
        5664.      0.718854
        5665.      0.719136
        5666.      0.717365
        5667.      0.717405
        5668.      0.715232
        5669.       0.71596
        5670.      0.714818
        5671.      0.713117
        5672.      0.713205
        5673.      0.712177
        5674.       0.71143
        5675.      0.709799
        5676.      0.708723
        5677.      0.708511
        5678.      0.706962
        5679.      0.706178
        5680.       0.70591
        5681.      0.705342
        5682.      0.704501
        5683.      0.703666
        5684.      0.701249
        5685.      0.700712
        5686.      0.700908
        5687.      0.700195
        5688.      0.698975
        5689.       0.69892
        5690.      0.697713
        5691.      0.696134
        5692.      0.695276
        5693.      0.695312
        5694.      0.693682
        5695.      0.692824
        5696.      0.691067
        5697.      0.689729
        5698.      0.690987
        5699.      0.690173
        5700.      0.689322
        5701.      0.689321
        5702.      0.687954
        5703.      0.686846
        5704.      0.685004
        5705.      0.685815
        5706.      0.683713
        5707.      0.683274
        5708.      0.683378
        5709.      0.681652
        5710.      0.681742
        5711.      0.679333
        5712.      0.681441
        5713.      0.678923
        5714.        0.6787
        5715.      0.678768
        5716.      0.676894
        5717.      0.676607
        5718.      0.675252
        5719.      0.675605
        5720.      0.674282
        5721.      0.673853
        5722.      0.672458
        5723.       0.67274
        5724.      0.672511
        5725.      0.669843
        5726.      0.670534
        5727.      0.670684
        5728.      0.668729
        5729.      0.667923
        5730.      0.667021
        5731.      0.665398
        5732.      0.666278
        5733.      0.665464
        5734.      0.664465
        5735.      0.664686
        5736.       0.66346
        5737.      0.662541
        5738.      0.662214
        5739.      0.661418
        5740.      0.660093
        5741.      0.659334
        5742.       0.65964
        5743.      0.657359
        5744.      0.657112
        5745.      0.655726
        5746.      0.656275
        5747.      0.654052
        5748.      0.653265
        5749.      0.652554
        5750.      0.651514
        5751.      0.651194
        5752.      0.649324
        5753.      0.649039
        5754.      0.647357
        5755.      0.647698
        5756.      0.645521
        5757.      0.645059
        5758.      0.643958
        5759.       0.64391
        5760.      0.641787
        5761.      0.640998
        5762.      0.640133
        5763.      0.638827
        5764.       0.63804
        5765.      0.637229
        5766.      0.635292
        5767.      0.634266
        5768.      0.632408
        5769.      0.630937
        5770.      0.629114
        5771.      0.628532
        5772.      0.626842
        5773.      0.624911
        5774.      0.622171
        5775.      0.623587
        5776.      0.619772
        5777.      0.617349
        5778.      0.616562
        5779.      0.615085
        5780.      0.612623
        5781.      0.610068
        5782.      0.608416
        5783.      0.606058
        5784.      0.603607
        5785.      0.601717
        5786.      0.598896
        5787.      0.596586
        5788.       0.59414
        5789.      0.592073
        5790.      0.588964
        5791.      0.586472
        5792.       0.58354
        5793.       0.58044
        5794.      0.577304
        5795.      0.573336
        5796.      0.570505
        5797.      0.566078
        5798.      0.563999
        5799.      0.558967
        5800.      0.555836
        5801.      0.551654
        5802.      0.547351
        5803.      0.543393
        5804.      0.538549
        5805.      0.534789
        5806.       0.52997
        5807.       0.52534
        5808.      0.520056
        5809.      0.514075
        5810.      0.509883
        5811.      0.503337
        5812.      0.497801
        5813.      0.490878
        5814.      0.485362
        5815.      0.479756
        5816.      0.473777
        5817.      0.466675
        5818.      0.459305
        5819.       0.45238
        5820.      0.444674
        5821.      0.436685
        5822.      0.429512
        5823.      0.421215
        5824.      0.413295
        5825.      0.404642
        5826.      0.396638
        5827.      0.388098
        5828.      0.379783
        5829.      0.371851
        5830.      0.362035
        5831.      0.353733
        5832.      0.344006
        5833.      0.334641
        5834.      0.325199
        5835.      0.315631
        5836.      0.305891
        5837.      0.296849
        5838.       0.28773
        5839.      0.277928
        5840.      0.269189
        5841.      0.259409
        5842.      0.251482
        5843.      0.242651
        5844.      0.233418
        5845.      0.224185
        5846.      0.215868
        5847.      0.207566
        5848.      0.198862
        5849.       0.19022
        5850.      0.182599
        5851.      0.175146
        5852.      0.167429
        5853.      0.160183
        5854.      0.152788
        5855.      0.146417
        5856.      0.140128
        5857.      0.133908
        5858.       0.12693
        5859.      0.121168
        5860.      0.115446
        5861.      0.109736
        5862.       0.10414
        5863.      0.098896
        5864.      0.094182
        5865.      0.089433
        5866.      0.084917
        5867.      0.080484
        5868.      0.076831
        5869.      0.072991
        5870.      0.069629
        5871.       0.06576
        5872.      0.062321
        5873.      0.059051
        5874.      0.055967
        5875.      0.052965
        5876.      0.050116
        5877.      0.047483
        5878.      0.045046
        5879.      0.042628
        5880.      0.040435
        5881.      0.038401
        5882.      0.036433
        5883.      0.034638
        5884.      0.032795
        5885.      0.030982
        5886.      0.029326
        5887.       0.02778
        5888.      0.026307
        5889.      0.024882
        5890.      0.023524
        5891.      0.022399
        5892.      0.021203
        5893.      0.020124
        5894.      0.019039
        5895.      0.018169
        5896.      0.017235
        5897.      0.016382
        5898.      0.015566
        5899.      0.014682
        5900.      0.013932
        5901.      0.013204
        5902.      0.012602
        5903.      0.011903
        5904.      0.011328
        5905.      0.010745
        5906.      0.010203
        5907.      0.009718
        5908.      0.009217
        5909.      0.008799
        5910.      0.008355
        5911.      0.007947
        5912.      0.007562
        5913.      0.007165
        5914.      0.006801
        5915.      0.006468
        5916.      0.006161
        5917.      0.005856
        5918.      0.005566
        5919.      0.005304
        5920.      0.005077
        5921.      0.004797
        5922.      0.004594
        5923.       0.00436
        5924.      0.004167
        5925.      0.003989
        5926.      0.003773
        5927.      0.003594
        5928.      0.003429
        5929.      0.003265
        5930.       0.00311
        5931.      0.002969
        5932.      0.002838
        5933.      0.002706
        5934.      0.002581
        5935.       0.00246
        5936.      0.002362
        5937.      0.002253
        5938.      0.002155
        5939.      0.002055
        5940.      0.001966
        5941.      0.001859
        5942.      0.001785
        5943.      0.001698
        5944.      0.001621
        5945.      0.001552
        5946.      0.001488
        5947.      0.001421
        5948.      0.001366
        5949.      0.001302
        5950.      0.001247
        5951.      0.001197
        5952.      0.001151
        5953.      0.001095
        5954.      0.001053
        5955.   9.990000E-4
        5956.   9.480000E-4
        5957.   9.130000E-4
        5958.   8.710000E-4
        5959.   8.490000E-4
        5960.   8.050000E-4
        5961.   7.710000E-4
        5962.   7.450000E-4
        5963.   7.140000E-4
        5964.   6.790000E-4
        5965.   6.630000E-4
        5966.   6.260000E-4
        5967.   5.970000E-4
        5968.   5.820000E-4
        5969.   5.460000E-4
        5970.   5.300000E-4
        5971.   5.120000E-4
        5972.   4.920000E-4
        5973.   4.640000E-4
        5974.   4.480000E-4
        5975.   4.280000E-4
        5976.   4.100000E-4
        5977.   3.990000E-4
        5978.   3.790000E-4
        5979.   3.580000E-4
        5980.   3.460000E-4
        5981.   3.360000E-4
        5982.   3.260000E-4
        5983.   3.070000E-4
        5984.   3.010000E-4
        5985.   2.800000E-4
        5986.   2.720000E-4
        5987.   2.560000E-4
        5988.   2.570000E-4
        5989.   2.430000E-4
        5990.   2.370000E-4
        5991.   2.280000E-4
        5992.   2.200000E-4
        5993.   2.060000E-4
        5994.   2.070000E-4
        5995.   1.930000E-4
        5996.   1.810000E-4
        5997.   1.720000E-4
        5998.   1.730000E-4
        5999.   1.730000E-4
        6000.   1.610000E-4
        6001.   1.520000E-4
        6002.   1.480000E-4
        6003.   1.450000E-4
        6004.   1.400000E-4
        6005.   1.360000E-4
        6006.   1.290000E-4
        6007.   1.220000E-4
        6008.   1.170000E-4
        6009.   1.150000E-4
        6010.   1.100000E-4
        6011.   1.090000E-4
        6012.   1.070000E-4
        6013.   1.030000E-4
        6014.   9.800000E-5
        6015.   1.010000E-4
        6016.   9.200000E-5
        6017.   8.900000E-5
        6018.   8.700000E-5
        6019.   8.100000E-5
        6020.   7.500000E-5
        6021.   7.200000E-5
        6022.   7.600000E-5
        6023.   7.600000E-5
        6024.   7.300000E-5
        6025.   7.000000E-5
        6026.   6.800000E-5
        6027.   6.100000E-5
        6028.   5.900000E-5
        6029.   6.400000E-5
        6030.   6.100000E-5
        6031.   5.700000E-5
        6032.   5.500000E-5
        6033.   5.400000E-5
        6034.   5.200000E-5
        6035.   4.500000E-5
        6036.   5.100000E-5
        6037.   4.700000E-5
        6038.   4.900000E-5
        6039.   4.600000E-5
        6040.   4.500000E-5
        6041.   4.600000E-5
        6042.   3.700000E-5
        6043.   4.000000E-5
        6044.   3.600000E-5
        6045.   3.700000E-5
        6050.   3.281440E-5
        6060.   2.363910E-5
        6070.   1.720870E-5
        6080.   1.279790E-5
        6090.   9.578850E-6
        6100.   7.145430E-6
        6110.   5.459920E-6
        6120.   4.128690E-6
        6130.   3.195050E-6
        6140.   2.554180E-6
        6150.   1.981000E-6
        6160.   1.577620E-6
        6170.   1.303640E-6
        6180.   1.003950E-6
        6190.   8.277480E-7
        6200.   6.839150E-7
        6210.   5.977860E-7
        6220.   4.990180E-7
        6230.   4.494750E-7
        6240.   3.857820E-7
        6250.   3.590850E-7
        6260.   3.005770E-7
        6270.   3.322980E-7
        6280.   2.347670E-7
        6290.   2.529810E-7
        6300.   1.746280E-7
        6310.   1.065830E-7
        6320.   1.668410E-7
        6330.   1.303130E-7
        6340.   1.565490E-7
        6350.   1.437310E-7
        6360.   1.590730E-7
        6370.   2.114230E-7
        6380.   1.724300E-7
        6390.   1.936180E-7
        6400.   1.836390E-7
        6410.   1.597220E-7
        6420.   1.550550E-7
        6430.   1.061520E-7
        6440.   1.153000E-7
        6450.   1.555960E-7
        6460.   8.017520E-8
        6470.   1.635270E-7
        6480.   1.204080E-7
        6490.   1.179670E-7
        6500.   1.035030E-7
        6510.   8.774490E-8
        6520.   1.076640E-7
        6530.   7.601490E-8
        6540.   1.195440E-7
        6550.   1.093940E-7
        6560.   6.709040E-8
        6570.   1.187060E-7
        6580.   1.050700E-7
        6590.   1.121910E-7
        6600.   1.701930E-7
        6610.   1.132610E-7
        6620.   1.481880E-7
        6630.   1.124750E-7
        6640.   1.361080E-7
        6650.   9.820450E-8
        6660.   1.229110E-7
        6670.   1.596840E-7
        6680.   7.814590E-8
        6690.   1.436550E-7
        6700.   1.070790E-7
        6710.   1.004380E-7
        6720.   8.108190E-8
        6730.   1.401910E-7
        6740.   1.096160E-7
        6750.   1.515500E-7
        6760.   9.574470E-8
        6770.   9.387520E-8
        6780.   1.351090E-7
        6790.   1.200840E-7
        6800.   1.396660E-7
        6810.   1.213980E-7
        6820.   1.357770E-7
        6830.   1.191870E-7
        6840.   1.082230E-7
        6850.   1.139600E-7
        6860.   1.372710E-7
        6870.   8.002740E-8
        6880.   6.270290E-8
        6890.   1.060980E-7
        6900.   1.239640E-7
        6910.   6.838970E-8
        6920.   1.377100E-7
        6930.   1.523000E-7
        6940.   1.086590E-7
        6950.   9.290950E-8
        6960.   1.379950E-7
        6970.   1.100430E-7
        6980.   7.121720E-8
        6990.   1.468760E-7
        7000.   1.573340E-7
        7010.   9.568060E-8
        7020.   1.197160E-7
        7030.   9.020690E-8
        7040.   1.273290E-7
        7050.   1.457750E-7
        7060.   9.251430E-8
        7070.   1.014530E-7
        7080.   1.053690E-7
        7090.   1.178800E-7
        7100.   8.159540E-8
        7110.   1.017600E-7
        7120.   1.590380E-7
        7130.   1.158940E-7
        7140.   1.378230E-7
        7150.   1.168020E-7
        7160.   1.039610E-7
        7170.   5.673850E-8
        7180.   1.387440E-7
        7190.   1.194440E-7
        7200.   1.072800E-7
        7210.   2.060800E-7
        7220.   1.520590E-7
        7230.   1.623910E-7
        7240.   1.389390E-7
        7250.   1.205200E-7
        7260.   6.496700E-8
        7270.   1.055720E-7
        7280.   1.137920E-7
        7290.   1.091800E-7
        7300.   1.359930E-7
        7310.   1.417470E-7
        7320.   1.473880E-7
        7330.   1.699270E-7
        7340.   1.973060E-7
        7350.   1.677950E-7
        7360.   1.492820E-7
        7370.   1.181030E-7
        7380.   1.581780E-7
        7390.   1.754560E-7
        7400.   1.609310E-7
        7410.   1.035140E-7
        7420.   1.870210E-7
        7430.   1.376080E-7
        7440.   1.139800E-7
        7450.   7.732520E-8
        7460.   1.421890E-7
        7470.   1.875310E-7
        7480.   1.453420E-7
        7490.   2.029830E-7
        7500.   1.961260E-7
        7510.   1.732920E-7
        7520.   1.633490E-7
        7530.   1.068740E-7
        7540.   1.381600E-7
        7550.   1.381770E-7
        7560.   1.562930E-7
        7570.   1.391110E-7
        7580.   1.849670E-7
        7590.   1.727070E-7
        7600.   1.691740E-7
        7610.   2.294400E-7
        7620.   1.770980E-7
        7630.   1.008300E-7
        7640.   1.509610E-7
        7650.   1.672000E-7
        7660.   1.826070E-7
        7670.   1.880190E-7
        7680.   1.844690E-7
        7690.   1.641110E-7
        7700.   1.664670E-7
        7710.   2.520190E-7
        7720.   2.104670E-7
        7730.   1.810630E-7
        7740.   2.132360E-7
        7750.   1.885720E-7
        7760.   2.217660E-7
        7770.   2.134710E-7
        7780.   2.442280E-7
        7790.   2.352640E-7
        7800.   2.533130E-7
        7810.   1.683100E-7
        7820.   2.195080E-7
        7830.   2.318840E-7
        7840.   2.258530E-7
        7850.   1.674920E-7
        7860.   2.277320E-7
        7870.   2.506480E-7
        7880.   1.835140E-7
        7890.   2.346060E-7
        7900.   2.536880E-7
        7910.   2.104170E-7
        7920.   2.107720E-7
        7930.   1.852880E-7
        7940.   2.263130E-7
        7950.   2.869610E-7
        7960.   2.649510E-7
        7970.   1.959850E-7
        7980.   2.497610E-7
        7990.   2.219280E-7
        8000.   1.135530E-7
        8010.   7.213680E-8
        8020.   6.172570E-8
        8030.   7.091720E-8
        8040.   3.483330E-8
        8050.   6.212450E-8
        8060.   6.168280E-8
        8070.   5.260750E-8
        8080.   8.865920E-8
        8090.   9.413480E-8
        8100.   8.345590E-8
        8110.   8.633200E-8
        8120.   7.244540E-8
        8130.   9.437810E-8
        8140.   9.170860E-8
        8150.   9.647410E-8
        8160.   8.349070E-8
        8170.   1.078090E-7
        8180.   1.250300E-7
        8190.   1.628700E-7
        8200.   2.007820E-7
        8210.   2.098260E-7
        8220.   1.384920E-7
        8230.   1.898250E-7
        8240.   1.510290E-7
        8250.   1.373660E-7
        8260.   1.220090E-7
        8270.   9.244150E-8
        8280.   1.214570E-7
        8290.   1.337150E-7
        8300.   2.039950E-7
        8310.   1.281630E-7
        8320.   1.086140E-7
        8330.   1.330570E-7
        8340.   1.527490E-7
        8350.   1.277500E-7
        8360.   1.418540E-7
        8370.   1.586240E-7
        8380.   1.119170E-7
        8390.   1.527550E-7
        8400.   1.317440E-7
        8410.   1.486650E-7
        8420.   1.536660E-7
        8430.   1.364920E-7
        8440.   1.689080E-7
        8450.   1.289000E-7
        8460.   1.873600E-7
        8470.   1.778900E-7
        8480.   2.204530E-7
        8490.   1.854230E-7
        8500.  1.000230E-10
        8510.   1.938460E-6
        8520.   6.416870E-6
        8530.  1.000230E-10
        8540.   2.672180E-7
        8550.  1.000230E-10
        8560.  1.000230E-10
        8570.   6.339000E-6
        8580.  1.000230E-10
        8590.   3.097250E-6
        8600.  1.000230E-10
        8610.  1.000230E-10
        8620.   5.518760E-6
        8630.  1.000230E-10
        8640.  1.000230E-10
        8650.   4.894080E-6
        8660.  1.000230E-10
        8670.  1.000230E-10
        8680.  1.000230E-10
        8690.  1.000230E-10
        8700.   3.605160E-8
        8710.   2.238730E-6
        8720.  1.000230E-10
        8730.  1.000230E-10
        8740.   2.467260E-6
        8750.  1.000230E-10
        8760.   1.117020E-7
        8770.  1.000230E-10
        8780.  1.000230E-10
        8790.   3.189300E-6
        8800.  1.000230E-10
        8810.  1.000230E-10
        8820.   3.876830E-7
        8830.  1.000230E-10
        8840.   1.473220E-6
        8850.  1.000230E-10
        8860.   9.788000E-7
        8870.   5.036540E-7
        8880.  1.000230E-10
        8890.  1.000230E-10
        8900.  1.000230E-10
        8910.  1.000230E-10
        8920.   7.654320E-7
        8930.  1.000230E-10
        8940.   3.785580E-8
        8950.   3.535920E-7
        8960.  1.000230E-10
        8970.   2.596350E-7
        8980.  1.000230E-10
        8990.   1.083100E-6
        9000.  1.000230E-10
        9010.  1.000230E-10
        9020.  1.000230E-10
        9030.  1.000230E-10
        9040.  1.000230E-10
        9050.  1.000230E-10
        9060.   1.236390E-6
        9070.  1.000230E-10
        9080.   1.115250E-7
        9090.  1.000230E-10
        9100.  1.000230E-10
        9110.  1.000230E-10
        9120.  1.000230E-10
        9130.  1.000230E-10
        9140.  1.000230E-10
        9150.  1.000230E-10
        9160.  1.000230E-10
        9170.   2.472990E-7
        9180.  1.000230E-10
        9190.   1.349660E-6
        9200.  1.000230E-10
        9210.   5.760920E-7
        9220.  1.000230E-10
        9230.  1.000230E-10
        9240.   1.662520E-7
        9250.  1.000230E-10
        9260.   2.324910E-7
        9270.  1.000230E-10
        9280.   5.967820E-7
        9290.   5.212100E-7
        9300.  1.000230E-10
        9310.  1.000230E-10
        9320.   1.083820E-7
        9330.   1.349180E-7
        9340.  1.000230E-10
        9350.   2.774610E-7
        9360.   4.375340E-7
        9370.  1.000230E-10
        9380.   3.882470E-7
        9390.  1.000230E-10
        9400.  1.000230E-10
        9410.  1.000230E-10
        9420.  1.000230E-10
        9430.  1.000230E-10
        9440.  1.000230E-10
        9450.  1.000230E-10
        9460.  1.000230E-10
        9470.  1.000230E-10
        9480.  1.000230E-10
        9490.  1.000230E-10
        9500.  1.000230E-10
        9510.  1.000230E-10
        9520.  1.000230E-10
        9530.   9.427770E-7
        9540.  1.000230E-10
        9550.  1.000230E-10
        9560.  1.000230E-10
        9570.  1.000230E-10
        9580.  1.000230E-10
        9590.   2.493210E-7
        9600.  1.000230E-10
        9610.  1.000230E-10
        9620.   3.162100E-7
        9630.  1.000230E-10
        9640.  1.000230E-10
        9650.   4.944730E-8
        9660.  1.000230E-10
        9670.  1.000230E-10
        9680.  1.000230E-10
        9690.   1.186690E-7
        9700.   3.393880E-7
        9710.   6.873660E-8
        9720.  1.000230E-10
        9730.   4.149460E-7
        9740.   1.562570E-7
        9750.  1.000230E-10
        9760.  1.000230E-10
        9770.  1.000230E-10
        9780.   1.631720E-8
        9790.   5.693440E-7
        9800.  1.000230E-10
        9810.   4.666210E-8
        9820.   3.772350E-7
        9830.  1.000230E-10
        9840.   2.255970E-7
        9850.  1.000230E-10
        9860.  1.000230E-10
        9870.   8.416530E-7
        9880.   1.762540E-7
        9890.  1.000230E-10
        9900.  1.000230E-10
        9910.   3.235680E-7
        9920.  1.000230E-10
        9930.   1.494280E-7
        9940.   6.972750E-7
        9950.   1.863930E-7
        9960.  1.000230E-10
        9970.   1.300780E-7
        9980.   6.768200E-7
        9990.   3.214330E-7
       10000.   1.673520E-8
       10010.   2.633290E-7
       10020.   1.382590E-7
       10030.   5.103490E-7
       10040.   2.162120E-7
       10050.  1.000230E-10
       10060.  7.584180E-10
       10070.  1.000230E-10
       10080.   3.523200E-7
       10090.   2.559750E-7
       10100.   3.456070E-7
       10110.   2.506070E-7
       10120.  1.000230E-10
       10130.   4.836850E-7
       10140.   2.530160E-7
       10150.   3.399370E-7
       10160.   1.940320E-7
       10170.   1.445690E-7
       10180.   3.092670E-7
       10190.   2.826710E-7
       10200.   3.277010E-7
       10210.   5.473230E-7
       10220.   3.113730E-7
       10230.   4.719370E-7
       10240.   4.635350E-7
       10250.   1.793850E-7
       10260.   6.073070E-7
       10270.   4.741570E-7
       10280.   6.324610E-7
       10290.   7.869300E-7
       10300.   9.733430E-7
       10310.   5.913150E-7
       10320.   6.354510E-7
       10330.   9.265120E-7
       10340.   6.987120E-7
       10350.   9.672480E-7
       10360.   1.256780E-6
       10370.   9.367360E-7
       10380.   8.226440E-7
       10390.   1.262830E-6
       10400.   1.039820E-6
       10410.   1.365690E-6
       10420.   1.187740E-6
       10430.   1.456320E-6
       10440.   1.819370E-6
       10450.   1.917040E-6
       10460.   1.692790E-6
       10470.   1.862510E-6
       10480.   1.678140E-6
       10490.   2.093530E-6
       10500.   2.156010E-6
       10510.   2.388740E-6
       10520.   2.313820E-6
       10530.   2.625330E-6
       10540.   2.613490E-6
       10550.   2.880950E-6
       10560.   2.984790E-6
       10570.   3.125270E-6
       10580.   3.115330E-6
       10590.   3.295390E-6
       10600.   3.381350E-6
       10610.   3.656860E-6
       10620.   3.955980E-6
       10630.   4.436470E-6
       10640.   3.925450E-6
       10650.   4.331870E-6
       10660.   4.632760E-6
       10670.   4.971110E-6
       10680.   4.869620E-6
       10690.   5.230880E-6
       10700.   5.649010E-6
       10710.   5.331320E-6
       10720.   5.343710E-6
       10730.   6.094250E-6
       10740.   6.008010E-6
       10750.   6.107730E-6
       10760.   6.619600E-6
       10770.   6.639730E-6
       10780.   6.685400E-6
       10790.   6.561160E-6
       10800.   6.710320E-6
       10810.   7.216670E-6
       10820.   7.058050E-6
       10830.   7.149560E-6
       10840.   7.323660E-6
       10850.   7.475180E-6
       10860.   7.720840E-6
       10870.   7.750400E-6
       10880.   8.038440E-6
       10890.   8.168440E-6
       10900.   8.541080E-6
       10910.   8.200470E-6
       10920.   8.723650E-6
       10930.   8.908260E-6
       10940.   8.789700E-6
       10950.   9.204030E-6
       10960.   9.333340E-6
       10970.   9.458990E-6
       10980.   1.006100E-5
       10990.   1.013060E-5
       11000.   1.017570E-5
       11001.            0.
       11002.            0.
