        1938.            0.
        1939.            0.
        1940.   4.513750E-8
        1950.   3.814370E-8
        1960.  1.000230E-10
        1970.  1.000230E-10
        1980.  1.000230E-10
        1990.   1.728030E-8
        2000.  1.000230E-10
        2010.   5.516950E-8
        2020.   3.678210E-8
        2030.   2.542080E-8
        2040.   2.444670E-8
        2050.   3.307940E-8
        2060.   3.222810E-8
        2070.   7.033980E-9
        2080.  1.000230E-10
        2090.   1.752260E-8
        2100.  1.000230E-10
        2110.   7.162430E-9
        2120.   1.271620E-8
        2130.   1.394290E-8
        2140.   8.229220E-9
        2150.   1.349380E-9
        2160.  1.000230E-10
        2170.   2.047140E-8
        2180.   2.996780E-8
        2190.   2.038170E-9
        2200.  2.897360E-10
        2210.   2.189810E-8
        2220.  1.000230E-10
        2230.   3.551270E-8
        2240.   1.246970E-8
        2250.   3.798020E-8
        2260.  1.000230E-10
        2270.   1.534750E-8
        2280.   1.618840E-8
        2290.   1.040940E-8
        2300.   1.471770E-8
        2310.   1.537560E-8
        2320.   1.762260E-8
        2330.  1.000230E-10
        2340.   1.583110E-8
        2350.   1.465500E-8
        2360.   1.314040E-8
        2370.   3.891680E-8
        2380.   2.288680E-8
        2390.   9.893630E-9
        2400.  1.000230E-10
        2410.   2.791340E-8
        2420.   2.363040E-9
        2430.   1.753920E-8
        2440.   1.902360E-8
        2450.   1.641690E-8
        2460.  1.000230E-10
        2470.   3.063030E-8
        2480.   1.688200E-8
        2490.   3.554720E-8
        2500.  1.000230E-10
        2510.   1.069400E-8
        2520.   2.011840E-8
        2530.   2.969360E-8
        2540.  1.000230E-10
        2550.   3.736820E-8
        2560.   1.055890E-9
        2570.   3.237560E-8
        2580.   3.085350E-8
        2590.   4.121660E-9
        2600.  1.000230E-10
        2610.   3.369970E-8
        2620.   1.850830E-9
        2630.  1.000230E-10
        2640.   1.617730E-8
        2650.   2.090620E-8
        2660.   1.489210E-8
        2670.   2.489440E-8
        2680.   7.382970E-9
        2690.   1.936890E-9
        2700.   5.503740E-8
        2710.   2.380900E-8
        2720.   2.001360E-8
        2730.   1.677340E-8
        2740.  1.000230E-10
        2750.  1.000230E-10
        2760.   1.067440E-8
        2770.  1.000230E-10
        2780.   1.939260E-8
        2790.   5.267220E-9
        2800.   4.513130E-8
        2810.   3.642230E-8
        2820.   3.291770E-8
        2830.   3.990010E-8
        2840.   3.206630E-8
        2850.   1.586910E-8
        2860.   4.057970E-8
        2870.   2.787060E-8
        2880.   1.916630E-8
        2890.   3.651770E-9
        2900.   2.899760E-8
        2910.   5.657080E-8
        2920.   3.611140E-8
        2930.   2.721170E-8
        2940.   1.311680E-8
        2950.   3.963060E-8
        2960.  1.000230E-10
        2970.  1.000230E-10
        2980.   3.644410E-8
        2990.   2.087580E-8
        3000.   2.120120E-8
        3010.   2.545460E-8
        3020.   6.609490E-8
        3030.   4.255430E-8
        3040.   7.792540E-9
        3050.   1.380270E-8
        3060.  1.000230E-10
        3070.   2.327830E-8
        3080.  1.000230E-10
        3090.   2.991250E-8
        3100.  1.000230E-10
        3110.  1.000230E-10
        3120.  1.000230E-10
        3130.  1.000230E-10
        3140.   6.419660E-8
        3150.   7.309230E-9
        3160.  1.000230E-10
        3170.  1.000230E-10
        3180.   7.048780E-8
        3190.   1.258500E-8
        3200.   1.801200E-8
        3210.   5.386100E-8
        3220.   1.216560E-7
        3230.   5.480670E-8
        3240.   3.711080E-8
        3250.  1.000230E-10
        3260.  1.000230E-10
        3270.  1.000230E-10
        3280.   3.058940E-8
        3290.   3.559870E-8
        3300.   3.940610E-8
        3310.   2.752630E-8
        3320.  1.000230E-10
        3330.   5.621970E-8
        3340.   1.068970E-8
        3350.  1.000230E-10
        3360.   5.357660E-8
        3370.   9.286330E-8
        3380.   2.644160E-8
        3390.   9.037990E-8
        3400.   3.285310E-8
        3410.  1.000230E-10
        3420.  1.000230E-10
        3430.   4.069960E-8
        3440.  1.000230E-10
        3450.  1.000230E-10
        3460.   2.241390E-8
        3470.   2.853720E-8
        3480.  1.000230E-10
        3490.  1.000230E-10
        3500.   7.438650E-9
        3510.  1.000230E-10
        3520.   1.098970E-7
        3530.  1.000230E-10
        3540.   6.694830E-8
        3550.  1.000230E-10
        3560.  1.000230E-10
        3570.   3.016150E-8
        3580.   4.714690E-8
        3590.   3.142780E-8
        3600.  1.000230E-10
        3610.   4.461340E-8
        3620.  1.000230E-10
        3630.  1.000230E-10
        3640.   2.318570E-8
        3650.   1.504650E-7
        3660.   2.277770E-8
        3670.   1.466410E-7
        3680.   1.030360E-7
        3690.   7.658080E-8
        3700.  1.000230E-10
        3710.   6.724250E-8
        3720.   1.524060E-8
        3730.   2.548230E-8
        3740.  1.000230E-10
        3750.  1.000230E-10
        3760.   1.210090E-7
        3770.   2.695420E-7
        3780.   1.489590E-7
        3790.   7.250540E-8
        3800.   6.700930E-8
        3810.   9.225290E-8
        3820.   5.440680E-8
        3830.  1.000230E-10
        3840.   2.897290E-8
        3850.   5.333740E-9
        3860.   2.017280E-7
        3870.  1.000230E-10
        3880.   1.175070E-7
        3890.  1.000230E-10
        3900.   4.141850E-8
        3910.   1.559720E-7
        3920.   7.755660E-8
        3930.   2.767360E-8
        3940.   1.930080E-7
        3950.  1.000230E-10
        3960.  1.000230E-10
        3970.   1.277570E-7
        3980.   5.539620E-8
        3990.  1.000230E-10
        4000.   6.661530E-8
        4010.   1.134110E-8
        4020.   2.791480E-8
        4030.   1.202320E-8
        4040.   4.412250E-8
        4050.   3.603910E-8
        4060.   4.025710E-8
        4070.   3.606660E-8
        4080.   5.161020E-8
        4090.   3.961120E-8
        4100.   2.842250E-9
        4110.   2.333480E-8
        4120.   2.789180E-8
        4130.   3.143490E-8
        4140.   4.281580E-8
        4150.   5.320380E-9
        4160.   1.672180E-8
        4170.   4.710590E-8
        4180.   2.470370E-8
        4190.   2.257460E-8
        4200.   2.570410E-8
        4210.   2.847060E-8
        4220.   1.465460E-8
        4230.  1.000230E-10
        4240.   2.381740E-8
        4250.   2.066770E-8
        4260.   1.391910E-8
        4270.   2.587720E-8
        4280.   1.379980E-8
        4290.   3.300520E-8
        4300.   2.946120E-8
        4310.   4.239730E-8
        4320.   3.813900E-8
        4330.   3.381820E-8
        4340.   3.130630E-8
        4350.   7.936880E-9
        4360.  1.000230E-10
        4370.   2.973150E-8
        4380.   3.000820E-8
        4390.   3.930770E-8
        4400.   2.724900E-8
        4410.   4.772900E-8
        4420.   6.643720E-8
        4430.   3.076860E-8
        4440.  1.000230E-10
        4450.   2.968990E-8
        4460.   4.042010E-8
        4470.   4.335440E-8
        4480.   2.074710E-9
        4490.   3.969860E-8
        4500.   6.133790E-8
        4510.   4.029030E-8
        4520.   6.259560E-8
        4530.   4.840220E-8
        4540.   1.199880E-8
        4550.   5.207080E-8
        4560.   6.391210E-8
        4570.   2.138350E-8
        4580.   3.716860E-8
        4590.   4.978980E-8
        4600.   5.236000E-8
        4610.   4.028010E-8
        4620.   4.588260E-8
        4630.   1.422600E-8
        4640.   6.182350E-8
        4650.  1.000230E-10
        4660.   5.775720E-8
        4670.   2.508150E-8
        4680.   2.242710E-8
        4690.   2.003620E-8
        4700.   1.499820E-8
        4710.   1.260600E-8
        4720.   4.120740E-8
        4730.   2.395810E-9
        4740.   4.445100E-8
        4750.   2.610970E-8
        4760.   1.561420E-8
        4770.   2.097630E-8
        4780.   1.575150E-8
        4790.   2.360090E-8
        4800.   3.554780E-8
        4810.   5.380270E-8
        4820.   6.894180E-9
        4830.   4.761190E-8
        4840.   2.821670E-8
        4850.  1.000230E-10
        4860.   3.848580E-8
        4870.  1.000230E-10
        4880.  1.000230E-10
        4890.   3.337370E-8
        4900.   2.292090E-8
        4910.  1.000230E-10
        4920.   3.401340E-9
        4930.   1.252960E-8
        4940.   3.900940E-8
        4950.   1.043060E-8
        4960.   1.447710E-8
        4970.   3.143770E-8
        4980.   1.712730E-9
        4990.   3.799500E-8
        5000.   1.078250E-8
        5010.  3.094800E-10
        5020.   5.511180E-9
        5030.   2.001060E-8
        5040.   6.804210E-9
        5050.  3.236810E-10
        5060.   3.856340E-8
        5070.  1.000230E-10
        5080.   4.456840E-9
        5090.   2.141100E-8
        5100.   3.250710E-9
        5110.  1.000230E-10
        5120.   2.154670E-8
        5130.   1.377640E-8
        5140.   4.622110E-9
        5150.   1.375400E-8
        5160.  1.000230E-10
        5170.  1.000230E-10
        5180.  1.000230E-10
        5190.   8.288230E-9
        5200.   1.793080E-8
        5210.   2.151120E-8
        5220.   3.360360E-9
        5230.   7.126870E-9
        5240.   1.221700E-8
        5250.   1.459790E-8
        5260.   1.225790E-8
        5270.   3.295920E-8
        5280.   6.076840E-9
        5290.  1.000230E-10
        5300.   2.180600E-8
        5310.   9.526850E-9
        5320.  1.000230E-10
        5330.  1.000230E-10
        5340.   3.766430E-9
        5350.  1.000230E-10
        5360.   8.202570E-9
        5370.  1.000230E-10
        5380.  1.000230E-10
        5390.  1.000230E-10
        5400.   1.745330E-8
        5410.  1.000230E-10
        5420.   7.995510E-9
        5430.   8.991040E-9
        5440.  1.000230E-10
        5450.  3.639920E-10
        5460.   7.894010E-9
        5470.  1.000230E-10
        5480.  1.000230E-10
        5490.   1.380440E-8
        5500.   1.131250E-8
        5510.   3.159270E-9
        5520.   5.113180E-8
        5530.   3.234270E-9
        5540.   3.190790E-8
        5550.  1.000230E-10
        5560.   1.464980E-8
        5570.   2.906120E-8
        5580.   1.159710E-8
        5590.   3.037180E-8
        5600.   9.222620E-9
        5610.   3.511170E-8
        5620.   5.456780E-9
        5630.  1.000230E-10
        5640.   1.582410E-9
        5650.  1.000230E-10
        5660.   1.484740E-8
        5670.   2.113400E-8
        5680.   1.902270E-8
        5690.   2.658680E-9
        5700.  1.000230E-10
        5710.   9.261690E-9
        5720.   2.405010E-8
        5730.   1.780620E-8
        5740.   2.491650E-8
        5750.   1.318410E-8
        5760.   4.661110E-8
        5770.   4.218520E-8
        5780.   1.029210E-8
        5790.   4.043170E-8
        5800.  1.000230E-10
        5810.   9.000660E-9
        5820.   8.576150E-9
        5830.   3.531070E-8
        5840.  1.000230E-10
        5850.   2.889880E-9
        5860.   4.393640E-8
        5870.  1.000230E-10
        5880.   1.222150E-8
        5890.   4.849890E-8
        5900.   6.823790E-9
        5910.   3.224970E-8
        5920.   2.702300E-8
        5930.   4.725850E-8
        5940.   4.930930E-8
        5950.   2.206610E-8
        5960.   4.841770E-8
        5970.   1.335430E-8
        5980.   5.933310E-9
        5990.   4.870470E-8
        6000.   4.071650E-8
        6010.   2.667660E-8
        6020.   2.462100E-8
        6030.   4.765140E-8
        6040.   1.332760E-8
        6050.   2.192710E-8
        6060.   1.697920E-8
        6070.   3.072080E-8
        6080.   3.850720E-8
        6090.   2.736680E-8
        6100.  1.000230E-10
        6110.   5.035270E-8
        6120.   2.682300E-8
        6130.   1.786430E-8
        6140.   2.549220E-8
        6150.   1.480460E-8
        6160.   2.615900E-8
        6170.   4.171820E-8
        6180.   2.094980E-9
        6190.   2.230930E-8
        6200.   1.311280E-8
        6210.   4.983110E-9
        6220.  1.000230E-10
        6230.   2.952940E-8
        6240.   3.616800E-8
        6250.  1.000230E-10
        6260.   1.553410E-8
        6270.  1.000230E-10
        6280.   2.111290E-8
        6290.   2.392960E-8
        6300.   2.685400E-8
        6310.   1.310090E-8
        6320.   3.231950E-8
        6330.   3.771550E-8
        6340.   5.710250E-9
        6350.   2.061640E-8
        6360.   9.446300E-9
        6370.   1.900930E-8
        6380.  5.364020E-10
        6390.   1.671950E-8
        6400.   5.648460E-9
        6410.   3.593040E-8
        6420.   8.836310E-9
        6430.   2.985760E-9
        6440.   3.697350E-9
        6450.   9.898520E-9
        6460.   3.400210E-8
        6470.   1.862240E-8
        6480.   3.631060E-8
        6490.   2.499540E-9
        6500.   1.484220E-8
        6510.   1.613830E-9
        6520.   3.824940E-8
        6530.   1.102660E-8
        6540.   3.212600E-8
        6550.   3.850510E-8
        6560.   2.401390E-8
        6570.   2.537630E-8
        6580.   3.038790E-8
        6590.  1.000230E-10
        6600.   2.765870E-9
        6610.   2.810680E-8
        6620.   3.608390E-8
        6630.   2.610210E-8
        6640.   4.436190E-8
        6650.   6.026400E-8
        6660.   7.549410E-8
        6670.   8.847610E-8
        6680.   6.236340E-8
        6690.   1.079450E-7
        6700.   4.434260E-8
        6710.   5.063890E-8
        6720.   6.102210E-8
        6730.   6.133550E-8
        6740.   5.377640E-8
        6750.   7.131840E-8
        6760.   6.966440E-8
        6770.   1.856480E-7
        6780.   3.699510E-7
        6790.   1.233950E-6
        6800.   3.313840E-6
        6810.   6.125030E-6
        6820.   9.256130E-6
        6830.   1.181960E-5
        6840.   1.243360E-5
        6850.   1.097000E-5
        6860.   8.509700E-6
        6870.   5.592980E-6
        6880.   3.064560E-6
        6890.   1.666100E-6
        6900.   1.257040E-6
        6910.   1.036110E-6
        6920.   8.954820E-7
        6930.   8.062780E-7
        6940.   7.739810E-7
        6950.   7.568970E-7
        6960.   7.065500E-7
        6970.   7.293870E-7
        6980.   7.228220E-7
        6990.   7.541170E-7
        7000.   7.910980E-7
        7010.   8.205080E-7
        7020.   8.834560E-7
        7030.   9.347690E-7
        7040.   9.289720E-7
        7050.   1.017320E-6
        7060.   9.440700E-7
        7070.   9.493580E-7
        7080.   9.480890E-7
        7090.   8.076440E-7
        7100.   7.711870E-7
        7110.   5.736460E-7
        7120.   5.502110E-7
        7130.   4.374980E-7
        7140.   3.391290E-7
        7150.   2.579030E-7
        7160.   2.745900E-7
        7170.   2.351900E-7
        7180.   2.123860E-7
        7190.   1.864160E-7
        7200.   1.918740E-7
        7210.   2.093920E-7
        7220.   2.142540E-7
        7230.   2.161410E-7
        7240.   2.404460E-7
        7250.   2.115820E-7
        7260.   2.422740E-7
        7270.   2.803770E-7
        7280.   2.622640E-7
        7290.   2.514080E-7
        7300.   1.978750E-7
        7310.   2.174190E-7
        7320.   2.268370E-7
        7330.   2.303630E-7
        7340.   2.536840E-7
        7350.   2.495990E-7
        7360.   2.700240E-7
        7370.   2.838270E-7
        7380.   3.044820E-7
        7390.   3.661220E-7
        7400.   3.685500E-7
        7410.   4.518170E-7
        7420.   4.747330E-7
        7430.   5.517700E-7
        7440.   6.354400E-7
        7450.   6.516310E-7
        7460.   7.289270E-7
        7470.   6.274670E-7
        7480.   6.295560E-7
        7490.   5.677850E-7
        7500.   5.018630E-7
        7510.   4.716810E-7
        7520.   3.804300E-7
        7530.   3.657990E-7
        7540.   3.451900E-7
        7550.   3.311560E-7
        7560.   3.698850E-7
        7570.   3.424160E-7
        7580.   3.624570E-7
        7590.   4.721620E-7
        7600.   5.162040E-7
        7610.   6.358340E-7
        7620.   6.527110E-7
        7630.   8.187400E-7
        7640.   8.776370E-7
        7650.   9.034440E-7
        7660.   8.574030E-7
        7670.   9.065190E-7
        7680.   8.402930E-7
        7690.   6.148480E-7
        7700.   5.681480E-7
        7710.   4.810410E-7
        7720.   5.063310E-7
        7730.   4.291180E-7
        7740.   4.422530E-7
        7750.   4.053000E-7
        7760.   3.831770E-7
        7770.   4.511470E-7
        7780.   4.181430E-7
        7790.   4.831570E-7
        7800.   4.792160E-7
        7810.   4.819070E-7
        7820.   5.546690E-7
        7830.   5.617560E-7
        7840.   6.365430E-7
        7850.   5.913150E-7
        7860.   6.091340E-7
        7870.   5.935590E-7
        7880.   5.757460E-7
        7890.   5.237490E-7
        7900.   4.643250E-7
        7910.   4.561870E-7
        7920.   4.389900E-7
        7930.   5.839840E-7
        7940.   5.772160E-7
        7950.   5.595910E-7
        7960.   4.617700E-7
        7970.   6.193480E-7
        7980.   4.663720E-7
        7990.   4.468980E-7
        8000.   3.990540E-7
        8010.   5.436160E-7
        8020.   7.774960E-7
        8030.   1.102150E-6
        8040.   1.480820E-6
        8050.   1.852190E-6
        8060.   1.974690E-6
        8070.   1.974130E-6
        8080.   1.756960E-6
        8090.   1.590000E-6
        8100.   1.138400E-6
        8110.   8.715650E-7
        8120.   6.072940E-7
        8130.   4.922980E-7
        8140.   2.720430E-7
        8150.   1.769550E-7
        8160.   2.281440E-7
        8170.   1.195380E-7
        8180.   1.999580E-7
        8190.   1.832820E-8
        8200.   1.216840E-7
        8210.   1.934560E-8
        8220.   1.039190E-7
        8230.   5.132920E-8
        8240.   6.034790E-8
        8250.   3.832490E-8
        8260.   9.319250E-8
        8270.   3.625840E-8
        8280.   5.880880E-8
        8290.   4.899980E-8
        8300.   1.917690E-8
        8310.   1.412640E-8
        8320.   1.042670E-7
        8330.  1.000230E-10
        8340.  1.000230E-10
        8350.   4.604190E-8
        8360.   5.943140E-8
        8370.   5.783130E-8
        8380.   4.986460E-8
        8390.   9.349790E-8
        8400.   8.667770E-8
        8410.   5.336590E-9
        8420.   9.907540E-8
        8430.   3.543450E-8
        8440.   5.407880E-8
        8450.   2.122560E-8
        8460.   9.310930E-8
        8470.   5.345920E-8
        8480.   3.878260E-9
        8490.   2.338830E-8
        8500.   3.922410E-6
        8510.  1.000230E-10
        8520.  1.000230E-10
        8530.   3.496790E-6
        8540.   2.070930E-7
        8550.   1.174050E-5
        8560.   5.485310E-6
        8570.   2.353120E-6
        8580.   7.987000E-6
        8590.  1.000230E-10
        8600.  1.000230E-10
        8610.   4.572470E-6
        8620.   1.766560E-5
        8630.   1.622080E-6
        8640.  1.000230E-10
        8650.  1.000230E-10
        8660.  1.000230E-10
        8670.   1.016010E-5
        8680.   1.253160E-5
        8690.   9.034690E-6
        8700.   1.051880E-5
        8710.   1.586840E-6
        8720.   7.362360E-6
        8730.   1.250720E-7
        8740.   6.473690E-6
        8750.   1.056040E-5
        8760.   3.694510E-6
        8770.  1.000230E-10
        8780.   4.840650E-6
        8790.   8.176720E-6
        8800.   5.827500E-6
        8810.   6.658940E-6
        8820.   1.174930E-5
        8830.   5.538860E-6
        8840.   1.071970E-5
        8850.   5.409770E-6
        8860.   1.220090E-5
        8870.   1.270280E-5
        8880.   1.428950E-5
        8890.   9.665930E-6
        8900.   1.797830E-5
        8910.   1.829450E-5
        8920.   1.563320E-5
        8930.   1.648010E-5
        8940.   2.610330E-5
        8950.   2.628650E-5
        8960.   2.971420E-5
        8970.   2.795990E-5
        8980.   3.236280E-5
        8990.   3.477290E-5
        9000.   4.283770E-5
        9010.   4.739280E-5
        9020.   5.538090E-5
        9030.   5.944850E-5
        9040.   6.565280E-5
        9050.   8.067810E-5
        9060.   9.425990E-5
        9070.   1.121150E-4
        9254.      0.006145
        9256.      0.004898
        9258.      0.006371
        9260.      0.008613
        9262.      0.009825
        9264.      0.010193
        9266.      0.008039
        9268.      0.010455
        9270.       0.00862
        9272.      0.009338
        9274.      0.008726
        9276.      0.006937
        9278.      0.007188
        9280.      0.012134
        9282.      0.010203
        9284.       0.01233
        9286.      0.011888
        9288.      0.016492
        9290.      0.013277
        9292.      0.015017
        9294.      0.019529
        9296.      0.020246
        9298.      0.021235
        9300.      0.030381
        9302.      0.033095
        9304.      0.043733
        9306.       0.05222
        9308.      0.060881
        9310.      0.077219
        9312.      0.097257
        9314.      0.126376
        9316.      0.157831
        9318.      0.204598
        9320.      0.250631
        9322.        0.3325
        9324.      0.409747
        9326.      0.518263
        9328.      0.616674
        9330.      0.715822
        9332.      0.795506
        9334.      0.848653
        9336.      0.879903
        9338.      0.886026
        9340.      0.882915
        9342.      0.864953
        9344.      0.842841
        9346.       0.83126
        9348.      0.808758
        9350.      0.801093
        9352.      0.793203
        9354.       0.79685
        9356.      0.801136
        9358.      0.810244
        9360.      0.818655
        9362.      0.838089
        9364.      0.849743
        9366.      0.866522
        9368.      0.878021
        9370.      0.893108
        9372.      0.900779
        9374.      0.907243
        9376.      0.913681
        9378.      0.914856
        9380.      0.912767
        9382.      0.906811
        9384.      0.900478
        9386.      0.894633
        9388.       0.88935
        9390.      0.891978
        9392.      0.885556
        9394.      0.883305
        9396.      0.882171
        9398.      0.883962
        9400.      0.875111
        9402.      0.865462
        9404.      0.840841
        9406.      0.819223
        9408.      0.768284
        9410.       0.71209
        9412.      0.639124
        9414.      0.563189
        9416.      0.487694
        9418.       0.40653
        9420.      0.335221
        9422.      0.271663
        9424.      0.230124
        9426.      0.179201
        9428.       0.15192
        9430.       0.11811
        9432.      0.098423
        9434.      0.078223
        9436.      0.062651
        9438.      0.051913
        9440.      0.044837
        9442.      0.040863
        9444.       0.03335
        9446.      0.027879
        9448.      0.024334
        9450.      0.020143
        9452.      0.016859
        9454.      0.017139
        9456.      0.015469
        9458.      0.013993
        9460.      0.013947
        9462.      0.012897
        9464.      0.011751
        9466.      0.011734
        9660.   9.108690E-5
        9670.   6.943700E-5
        9680.   5.659120E-5
        9690.   4.976800E-5
        9700.   4.063030E-5
        9710.   3.696980E-5
        9720.   3.328510E-5
        9730.   2.951310E-5
        9740.   2.686670E-5
        9750.   2.467470E-5
        9760.   2.335370E-5
        9770.   2.251830E-5
        9780.   2.141180E-5
        9790.   1.740940E-5
        9800.   1.866990E-5
        9810.   1.703920E-5
        9820.   1.666340E-5
        9830.   1.529640E-5
        9840.   1.548420E-5
        9850.   1.583950E-5
        9860.   1.618770E-5
        9870.   1.486800E-5
        9880.   1.395410E-5
        9890.   1.245260E-5
        9900.   1.292120E-5
        9910.   1.196830E-5
        9920.   1.048400E-5
        9930.   9.433720E-6
        9940.   9.192610E-6
        9950.   9.095700E-6
        9960.   7.791930E-6
        9970.   8.001920E-6
        9980.   6.962900E-6
        9990.   5.054660E-6
       10000.   6.227030E-6
       10010.   4.304620E-6
       10020.   4.443500E-6
       10030.   3.430710E-6
       10040.   3.339670E-6
       10050.   3.149770E-6
       10060.   2.431190E-6
       10070.   2.689110E-6
       10080.   1.669190E-6
       10090.   1.129430E-6
       10100.   1.134090E-6
       10110.   1.350570E-6
       10120.   1.812680E-6
       10130.   1.552780E-7
       10140.   1.001570E-6
       10150.   8.277040E-7
       10160.   7.895120E-7
       10170.   2.413720E-7
       10180.   1.709350E-7
       10190.   1.127750E-6
       10200.   7.703820E-7
       10210.   5.081500E-8
       10220.   9.968550E-7
       10230.  1.000230E-10
       10240.   9.372100E-7
       10250.   4.594200E-7
       10260.   3.454710E-7
       10270.  1.000230E-10
       10280.   7.461250E-7
       10290.   8.116390E-7
       10300.   3.915980E-7
       10310.   5.010470E-7
       10320.   5.678790E-7
       10330.  1.000230E-10
       10340.   9.975630E-9
       10350.   3.756770E-7
       10360.   9.122540E-7
       10370.   3.385940E-7
       10380.   2.324670E-7
       10390.   9.603490E-7
       10400.   3.608700E-7
       10410.   1.180270E-6
       10420.   3.746720E-8
       10430.   5.139760E-7
       10440.  1.000230E-10
       10450.   5.205660E-7
       10460.  1.000230E-10
       10470.   4.874660E-7
       10480.   2.875810E-8
       10490.   5.347030E-8
       10500.   6.707780E-7
       10510.  1.000230E-10
       10520.   9.574610E-7
       10530.   6.295250E-7
       10540.   1.437700E-7
       10550.   1.306390E-7
       10560.  1.000230E-10
       10570.   9.180160E-7
       10580.   1.308290E-7
       10590.   1.189740E-7
       10600.   1.022370E-6
       10610.   5.516320E-7
       10620.  1.000230E-10
       10630.  1.000230E-10
       10640.   2.106310E-8
       10650.   1.600490E-7
       10660.  1.000230E-10
       10670.   4.364200E-7
       10680.   7.623370E-7
       10690.  1.000230E-10
       10700.  1.000230E-10
       10710.   7.223120E-7
       10720.   1.946990E-7
       10730.   1.245370E-9
       10740.   8.328830E-7
       10750.   1.074930E-6
       10760.  1.000230E-10
       10770.  1.000230E-10
       10780.   6.028720E-7
       10790.   1.454080E-6
       10800.   6.184650E-7
       10810.   6.084470E-7
       10820.  1.000230E-10
       10830.   7.626200E-7
       10840.   5.066310E-7
       10850.   6.394330E-7
       10860.   4.168610E-7
       10870.   7.589040E-7
       10880.   9.955430E-7
       10890.   1.156170E-6
       10900.   8.345460E-7
       10910.   3.720010E-7
       10920.   4.951840E-8
       10930.  1.000230E-10
       10940.   5.890010E-7
       10950.   1.346190E-6
       10960.   6.062300E-7
       10970.   4.605340E-7
       10980.   7.376990E-8
       10990.   1.692770E-7
       11000.   3.693960E-7
       11001.            0.
       11002.            0.
