        1938.            0.
        1939.            0.
        1940.   2.565360E-8
        1950.   5.337510E-8
        1960.   9.495550E-8
        1970.   4.365020E-8
        1980.   5.183990E-8
        1990.   6.443330E-8
        2000.   6.896770E-8
        2010.   6.814800E-8
        2020.   7.279710E-8
        2030.   4.085690E-8
        2040.   4.080130E-8
        2050.   7.008970E-8
        2060.   3.585110E-8
        2070.   4.251820E-8
        2080.   4.761320E-8
        2090.   2.264270E-8
        2100.   6.455100E-8
        2110.   4.226340E-8
        2120.   5.017190E-8
        2130.   3.633010E-8
        2140.   1.830760E-8
        2150.   2.381880E-8
        2160.   3.697870E-8
        2170.   4.960690E-8
        2180.   6.235050E-8
        2190.   3.421700E-8
        2200.   4.737610E-8
        2210.   4.295440E-8
        2220.   2.199070E-8
        2230.   2.160900E-8
        2240.   5.931400E-8
        2250.   4.464370E-8
        2260.   5.128690E-8
        2270.   3.395280E-8
        2280.   3.376810E-8
        2290.   2.575340E-8
        2300.   4.595990E-8
        2310.   5.810250E-8
        2320.   3.201350E-8
        2330.   1.954700E-8
        2340.   4.961550E-8
        2350.   3.188860E-8
        2360.   4.004010E-8
        2370.   3.346610E-8
        2380.   4.408440E-8
        2390.   4.564500E-8
        2400.   3.725510E-8
        2410.   2.956150E-8
        2420.   2.709880E-8
        2430.   3.163450E-8
        2440.   3.127300E-8
        2450.   2.232850E-8
        2460.   2.486850E-8
        2470.   4.088800E-8
        2480.   4.619670E-8
        2490.   3.611040E-8
        2500.   4.258950E-8
        2510.   2.240520E-8
        2520.   2.771530E-8
        2530.   1.029420E-8
        2540.   3.007790E-8
        2550.   2.229350E-8
        2560.   5.103660E-8
        2570.   4.466780E-8
        2580.   2.383310E-8
        2590.   3.352430E-8
        2600.   4.652050E-8
        2610.   2.936980E-8
        2620.   1.135310E-8
        2630.   5.188700E-9
        2640.   2.231380E-8
        2650.   3.422540E-8
        2660.   2.675120E-8
        2670.   6.377290E-8
        2680.   4.336450E-8
        2690.   3.999800E-8
        2700.   4.389570E-8
        2710.   3.196870E-8
        2720.   3.605540E-8
        2730.   8.464470E-8
        2740.   7.042750E-8
        2750.   3.133110E-8
        2760.   4.435810E-8
        2770.   1.314370E-8
        2780.   7.665860E-8
        2790.   6.368970E-8
        2800.   1.122940E-7
        2810.   1.092930E-7
        2820.   1.286940E-7
        2830.   1.605420E-7
        2840.   1.805050E-7
        2850.   2.267220E-7
        2860.   2.635850E-7
        2870.   3.182780E-7
        2880.   3.212280E-7
        2890.   3.702450E-7
        2900.   4.038210E-7
        2910.   4.530260E-7
        2920.   5.114790E-7
        2930.   5.890660E-7
        2940.   6.097960E-7
        2950.   6.482160E-7
        2960.   6.751610E-7
        2970.   7.343570E-7
        2980.   7.508710E-7
        2990.   7.819170E-7
        3000.   8.256390E-7
        3010.   8.227410E-7
        3020.   9.305310E-7
        3030.   9.659260E-7
        3040.   9.263070E-7
        3050.   9.570419E-7
        3060.   9.621460E-7
        3070.   9.018410E-7
        3080.   8.624780E-7
        3090.   8.328070E-7
        3100.   8.258540E-7
        3110.   8.157080E-7
        3120.   8.229680E-7
        3130.   7.759030E-7
        3140.   7.672080E-7
        3150.   7.495490E-7
        3160.   7.936060E-7
        3170.   8.088970E-7
        3180.   9.013490E-7
        3190.   1.054880E-6
        3200.   1.163690E-6
        3210.   1.207120E-6
        3220.   1.243130E-6
        3230.   1.211950E-6
        3240.   1.230040E-6
        3250.   1.216950E-6
        3260.   1.212260E-6
        3270.   1.322600E-6
        3280.   1.405130E-6
        3290.   1.427340E-6
        3300.   1.454760E-6
        3310.   1.394950E-6
        3320.   1.395040E-6
        3330.   1.445740E-6
        3340.   1.410660E-6
        3350.   1.495040E-6
        3360.   1.496130E-6
        3370.   1.543450E-6
        3380.   1.492780E-6
        3390.   1.443580E-6
        3400.   1.456060E-6
        3410.   1.451960E-6
        3420.   1.454340E-6
        3430.   1.585030E-6
        3440.   1.518520E-6
        3450.   1.509250E-6
        3460.   1.425120E-6
        3470.   1.414290E-6
        3480.   1.408840E-6
        3490.   1.415500E-6
        3500.   1.482380E-6
        3510.   1.487320E-6
        3520.   1.510030E-6
        3530.   1.488190E-6
        3540.   1.467140E-6
        3550.   1.396790E-6
        3560.   1.338080E-6
        3570.   1.234480E-6
        3580.   1.238370E-6
        3590.   1.242000E-6
        3600.   1.389840E-6
        3610.   1.390790E-6
        3620.   1.580080E-6
        3630.   1.453070E-6
        3640.   1.519480E-6
        3650.   1.443070E-6
        3660.   1.387630E-6
        3670.   1.255270E-6
        3680.   1.347880E-6
        3690.   1.307450E-6
        3700.   1.390900E-6
        3710.   1.413440E-6
        3720.   1.652860E-6
        3730.   1.507800E-6
        3740.   1.413670E-6
        3750.   1.521310E-6
        3760.   1.395400E-6
        3770.   1.389510E-6
        3780.   1.298130E-6
        3790.   1.245330E-6
        3800.   1.315600E-6
        3810.   1.320980E-6
        3820.   1.411920E-6
        3830.   1.418590E-6
        3840.   1.678570E-6
        3850.   1.579740E-6
        3860.   1.622410E-6
        3870.   1.596230E-6
        3880.   1.408280E-6
        3890.   1.502350E-6
        3900.   1.465090E-6
        3910.   1.441110E-6
        3920.   1.375990E-6
        3930.   1.423140E-6
        3940.   1.579290E-6
        3950.   1.512940E-6
        3960.   1.729320E-6
        3970.   1.700190E-6
        3980.   1.795820E-6
        3990.   1.624100E-6
        4000.   1.698750E-6
        4010.   1.673350E-6
        4020.   1.692770E-6
        4030.   1.708180E-6
        4040.   1.675780E-6
        4050.   1.702200E-6
        4060.   1.672540E-6
        4070.   1.722290E-6
        4080.   1.774120E-6
        4090.   1.823210E-6
        4100.   1.830760E-6
        4110.   1.888800E-6
        4120.   1.883250E-6
        4130.   1.866650E-6
        4140.   1.875780E-6
        4150.   1.878270E-6
        4160.   1.807420E-6
        4170.   1.792180E-6
        4180.   1.763480E-6
        4190.   1.762320E-6
        4200.   1.742020E-6
        4210.   1.704160E-6
        4220.   1.785070E-6
        4230.   1.763520E-6
        4240.   1.816850E-6
        4250.   1.779750E-6
        4260.   1.845270E-6
        4270.   1.821500E-6
        4280.   1.851580E-6
        4290.   1.861280E-6
        4300.   1.821990E-6
        4310.   1.833830E-6
        4320.   1.785750E-6
        4330.   1.758600E-6
        4340.   1.717670E-6
        4350.   1.763650E-6
        4360.   1.724870E-6
        4370.   1.731240E-6
        4380.   1.754430E-6
        4390.   1.731240E-6
        4400.   1.776300E-6
        4410.   1.738850E-6
        4420.   1.741370E-6
        4430.   1.742380E-6
        4440.   1.763270E-6
        4450.   1.817220E-6
        4460.   1.828710E-6
        4470.   1.923070E-6
        4480.   2.009230E-6
        4490.   2.109560E-6
        4500.   2.336770E-6
        4510.   2.544190E-6
        4520.   2.797980E-6
        4530.   3.175050E-6
        4540.   3.630800E-6
        4550.   4.079340E-6
        4560.   4.696300E-6
        4570.   5.231920E-6
        4580.   5.964280E-6
        4590.   6.478060E-6
        4600.   7.133880E-6
        4610.   7.721560E-6
        4620.   8.155080E-6
        4630.   8.540060E-6
        4640.   8.832100E-6
        4650.   8.988000E-6
        4660.   9.027880E-6
        4670.   8.847370E-6
        4680.   8.764960E-6
        4690.   8.394840E-6
        4700.   8.031300E-6
        4710.   7.725990E-6
        4720.   7.354070E-6
        4730.   7.441970E-6
        4801.   7.100000E-5
        4802.   8.400000E-5
        4803.   9.000000E-5
        4804.   1.250000E-4
        4805.   1.230000E-4
        4806.   1.590000E-4
        4807.   1.780000E-4
        4808.   1.950000E-4
        4809.   2.250000E-4
        4810.   2.610000E-4
        4811.   3.170000E-4
        4812.   3.660000E-4
        4813.   4.550000E-4
        4814.   5.410000E-4
        4815.   6.510000E-4
        4816.   7.740000E-4
        4817.   9.340000E-4
        4818.      0.001122
        4819.      0.001398
        4820.      0.001705
        4821.      0.002096
        4822.       0.00264
        4823.      0.003318
        4824.      0.004145
        4825.      0.005316
        4826.      0.006825
        4827.      0.008849
        4828.      0.011617
        4829.      0.015152
        4830.      0.019881
        4831.      0.026786
        4832.      0.036096
        4833.      0.048499
        4834.      0.065193
        4835.      0.089775
        4836.      0.123787
        4837.      0.168627
        4838.      0.228432
        4839.       0.30506
        4840.      0.394785
        4841.      0.490608
        4842.       0.58555
        4843.      0.667657
        4844.      0.732567
        4845.      0.778017
        4846.      0.806718
        4847.      0.822735
        4848.      0.830356
        4849.      0.834385
        4850.      0.836438
        4851.      0.836968
        4852.      0.837555
        4853.      0.838963
        4854.      0.839761
        4855.      0.840578
        4856.      0.839192
        4857.      0.839929
        4858.      0.837716
        4859.      0.835421
        4860.      0.831446
        4861.      0.828354
        4862.      0.825751
        4863.      0.822269
        4864.      0.821383
        4865.      0.818173
        4866.      0.816755
        4867.      0.816944
        4868.      0.816985
        4869.      0.818637
        4870.      0.820371
        4871.      0.822905
        4872.      0.826417
        4873.      0.831469
        4874.      0.833436
        4875.      0.838052
        4876.      0.841678
        4877.      0.844915
        4878.      0.847426
        4879.      0.850002
        4880.      0.850095
        4881.      0.850349
        4882.      0.850204
        4883.      0.849227
        4884.        0.8453
        4885.      0.841256
        4886.      0.837083
        4887.      0.831679
        4888.      0.824793
        4889.      0.816402
        4890.      0.808666
        4891.      0.796815
        4892.      0.785434
        4893.      0.770299
        4894.      0.752683
        4895.      0.730221
        4896.      0.701538
        4897.      0.665005
        4898.      0.619816
        4899.      0.567431
        4900.      0.505609
        4901.      0.438801
        4902.       0.36889
        4903.      0.303255
        4904.      0.242648
        4905.      0.190649
        4906.      0.146675
        4907.      0.111988
        4908.         0.085
        4909.      0.064399
        4910.      0.049462
        4911.      0.037982
        4912.       0.02924
        4913.      0.022596
        4914.      0.017566
        4915.      0.013655
        4916.      0.010656
        4917.      0.008419
        4918.      0.006617
        4919.      0.005255
        4920.      0.004131
        4921.      0.003332
        4922.      0.002662
        4923.      0.002139
        4924.      0.001769
        4925.      0.001444
        4926.      0.001192
        4927.   9.770000E-4
        4928.   8.190000E-4
        4929.   7.010000E-4
        4930.   5.690000E-4
        4931.   4.580000E-4
        4932.   3.920000E-4
        4933.   3.550000E-4
        4934.   2.730000E-4
        4935.   2.330000E-4
        4936.   2.050000E-4
        4937.   1.790000E-4
        4938.   1.430000E-4
        4939.   1.170000E-4
        4940.   1.090000E-4
        4941.   1.010000E-4
        4942.   6.800000E-5
        4943.   7.300000E-5
        4944.   7.600000E-5
        4945.   4.500000E-5
        4946.   3.900000E-5
        4947.   2.900000E-5
        4948.   2.600000E-5
        5020.   1.405130E-6
        5030.   1.264400E-6
        5040.   1.173060E-6
        5050.   1.061050E-6
        5060.   9.762440E-7
        5070.   9.225650E-7
        5080.   8.740400E-7
        5090.   7.990770E-7
        5100.   7.347890E-7
        5110.   7.281390E-7
        5120.   6.410490E-7
        5130.   5.936580E-7
        5140.   5.402290E-7
        5150.   4.386060E-7
        5160.   3.641230E-7
        5170.   2.739860E-7
        5180.   2.142630E-7
        5190.   1.351950E-7
        5200.   8.812180E-8
        5210.   5.854840E-8
        5220.   2.027860E-8
        5230.   4.626120E-8
        5240.   4.221760E-8
        5250.  1.000230E-10
        5260.   2.135310E-8
        5270.   3.788290E-8
        5280.   1.135700E-8
        5290.   6.965660E-9
        5300.   2.488030E-8
        5310.   2.764450E-8
        5320.  1.000230E-10
        5330.   2.317040E-8
        5340.  1.000230E-10
        5350.   1.131550E-8
        5360.   2.241660E-8
        5370.  1.000230E-10
        5380.   2.458010E-8
        5390.  1.000230E-10
        5400.  1.000230E-10
        5410.   8.793860E-9
        5420.  1.000230E-10
        5430.   1.471100E-8
        5440.   3.035230E-8
        5450.   3.877220E-8
        5460.   8.501110E-9
        5470.   2.614460E-8
        5480.   3.328770E-9
        5490.  1.000230E-10
        5500.   3.981010E-8
        5510.   1.446870E-8
        5520.   4.824120E-8
        5530.   8.596270E-8
        5540.   1.742200E-7
        5550.   2.763060E-7
        5560.   3.666400E-7
        5570.   4.622450E-7
        5580.   5.132860E-7
        5590.   5.226280E-7
        5600.   5.347510E-7
        5610.   6.042310E-7
        5620.   6.505460E-7
        5630.   6.347190E-7
        5640.   5.626300E-7
        5650.   5.250380E-7
        5660.   4.775790E-7
        5670.   4.876510E-7
        5680.   4.902470E-7
        5690.   3.977710E-7
        5700.   3.421660E-7
        5710.   2.938680E-7
        5720.   2.136530E-7
        5730.   1.529670E-7
        5740.   1.115150E-7
        5750.   1.101940E-7
        5760.   1.066940E-7
        5770.   1.086110E-7
        5780.   7.816080E-8
        5790.   8.727680E-8
        5800.   7.835430E-8
        5810.   9.727060E-8
        5820.   7.533710E-8
        5830.   4.909330E-8
        5840.   3.518610E-8
        5850.   3.915130E-8
        5860.   1.985870E-8
        5870.   6.611490E-8
        5880.   3.708300E-8
        5890.   2.127810E-8
        5900.   5.042550E-8
        5910.   5.483650E-8
        5920.   3.934980E-8
        5930.   4.994850E-8
        5940.   5.792090E-8
        5950.   7.020050E-8
        5960.   6.569690E-8
        5970.   5.016420E-8
        5980.   5.219280E-8
        5990.   4.882740E-8
        6000.   6.811850E-8
        6010.   2.566300E-8
        6020.   4.480120E-8
        6030.   4.140960E-8
        6040.   6.254120E-8
        6050.   1.833920E-8
        6060.   6.438460E-8
        6070.   4.794400E-8
        6080.   3.088450E-8
        6090.   2.756920E-8
        6100.   3.215230E-8
        6110.   5.251660E-8
        6120.   2.039690E-8
        6130.   2.596970E-8
        6140.   3.795800E-8
        6150.   2.764250E-8
        6160.   2.374300E-8
        6170.   3.181600E-8
        6180.   4.587280E-8
        6190.   3.101340E-8
        6200.   2.659100E-8
        6210.   3.146080E-8
        6220.   3.006600E-8
        6230.  2.367280E-10
        6240.   1.238080E-8
        6250.   3.354130E-8
        6260.   1.239770E-8
        6270.   5.950560E-8
        6280.   4.513710E-8
        6290.   3.343530E-8
        6300.   5.455080E-8
        6310.  1.379200E-10
        6320.  1.000230E-10
        6330.   3.624730E-8
        6340.   2.526900E-8
        6350.   1.440690E-8
        6360.   2.615730E-8
        6370.   8.921930E-8
        6380.   4.087760E-8
        6390.   4.397810E-8
        6400.   5.309820E-8
        6410.   2.130010E-8
        6420.  1.000230E-10
        6430.   2.472200E-8
        6440.   4.931250E-8
        6450.   5.793870E-8
        6460.   3.796400E-8
        6470.   7.832710E-8
        6480.   4.103300E-8
        6490.  1.000230E-10
        6500.   3.221040E-8
        6510.   4.059560E-8
        6520.   6.829720E-8
        6530.   1.789050E-8
        6540.   1.646970E-8
        6550.   3.349890E-8
        6560.   3.502640E-8
        6570.   7.439270E-8
        6580.   1.308020E-8
        6590.  1.000230E-10
        6600.   3.933790E-8
        6610.   4.073080E-8
        6620.   2.452350E-8
        6630.   5.285420E-8
        6640.   2.715830E-8
        6650.   4.365500E-8
        6660.   3.177330E-8
        6670.   3.914560E-8
        6680.   3.748980E-8
        6690.   2.906380E-8
        6700.   5.230510E-8
        6710.   2.485820E-8
        6720.   4.560540E-8
        6730.   2.682340E-8
        6740.   2.503660E-8
        6750.   3.981730E-8
        6760.   5.626240E-8
        6770.   2.889470E-8
        6780.   5.679300E-8
        6790.   7.347960E-8
        6800.   3.580590E-8
        6810.   3.886520E-8
        6820.   5.098620E-8
        6830.   2.025140E-8
        6840.   3.937150E-9
        6850.   3.404380E-8
        6860.   3.209870E-8
        6870.   5.065330E-8
        6880.   3.969720E-8
        6890.   3.786130E-8
        6900.   1.946580E-8
        6910.   4.241610E-8
        6920.   4.504170E-8
        6930.   3.845750E-8
        6940.   3.850850E-8
        6950.   7.826820E-8
        6960.   3.117590E-8
        6970.  1.000230E-10
        6980.   6.017940E-8
        6990.   3.779660E-8
        7000.   1.022180E-8
        7010.   1.917270E-8
        7020.   4.135970E-8
        7030.   3.703160E-8
        7040.   5.891790E-8
        7050.   2.762630E-8
        7060.   5.164520E-8
        7070.   3.611750E-8
        7080.   3.172700E-8
        7090.   3.015320E-8
        7100.   4.430580E-8
        7110.   3.956160E-8
        7120.   4.798300E-8
        7130.   3.569370E-8
        7140.   1.680540E-8
        7150.   3.103650E-8
        7160.   5.557860E-8
        7170.   4.931260E-8
        7180.   2.598900E-8
        7190.   6.922770E-8
        7200.   6.001450E-8
        7210.   1.252690E-8
        7220.   6.194140E-8
        7230.   5.439720E-8
        7240.   5.936490E-8
        7250.   5.371950E-8
        7260.   5.260850E-8
        7270.   5.613400E-8
        7280.   8.610910E-8
        7290.   6.156340E-8
        7300.   9.421610E-8
        7310.   9.260000E-8
        7320.   5.980110E-8
        7330.   8.493580E-8
        7340.   6.004030E-8
        7350.   6.100840E-8
        7360.   4.851690E-8
        7370.   6.659450E-8
        7380.   4.781470E-8
        7390.   7.200190E-8
        7400.   7.766280E-8
        7410.   7.662580E-8
        7420.   1.141050E-7
        7430.   1.266590E-7
        7440.   1.031020E-7
        7450.   8.305450E-8
        7460.   9.557360E-8
        7470.   7.816200E-8
        7480.   1.123610E-7
        7490.   8.716900E-8
        7500.   9.634480E-8
        7510.   9.608970E-8
        7520.   8.578230E-8
        7530.   7.995070E-8
        7540.   1.084950E-7
        7550.   5.825980E-8
        7560.   8.672360E-8
        7570.   1.044740E-7
        7580.   5.354820E-8
        7590.   6.690070E-8
        7600.   5.769700E-8
        7610.   1.116900E-7
        7620.   8.849560E-8
        7630.   9.987730E-8
        7640.   7.576210E-8
        7650.   1.001770E-7
        7660.   1.168730E-7
        7670.   9.905380E-8
        7680.   1.469580E-7
        7690.   1.420730E-7
        7700.   9.706570E-8
        7710.   7.902270E-8
        7720.   5.038860E-8
        7730.   1.241090E-7
        7740.   6.149070E-8
        7750.   8.117550E-8
        7760.   7.960270E-8
        7770.   1.035590E-7
        7780.   9.624290E-8
        7790.   5.994560E-8
        7800.   8.431690E-8
        7810.   8.539530E-8
        7820.   9.653170E-8
        7830.   6.016610E-8
        7840.   8.586670E-8
        7850.   7.486090E-8
        7860.   1.049110E-7
        7870.   3.007300E-8
        7880.   7.782840E-8
        7890.   9.358580E-8
        7900.   6.607100E-8
        7910.   4.485020E-8
        7920.   5.063710E-8
        7930.   9.982680E-8
        7940.   5.546080E-8
        7950.   1.006460E-7
        7960.   1.033500E-7
        7970.   8.168510E-9
        7980.   7.326240E-8
        7990.   4.778710E-8
        8000.   6.811700E-8
        8010.   1.491470E-8
        8020.   6.902910E-8
        8030.   4.131840E-8
        8040.   8.638660E-8
        8050.   5.583340E-8
        8060.   1.024990E-7
        8070.   4.443290E-8
        8080.   7.888690E-8
        8090.   6.300380E-8
        8100.   8.253630E-8
        8110.   8.383050E-8
        8120.   1.831970E-8
        8130.   8.870440E-8
        8140.   5.931550E-8
        8150.   6.253110E-8
        8160.   5.394600E-8
        8170.   5.651070E-8
        8180.   4.018690E-8
        8190.   2.469050E-8
        8200.   4.101260E-8
        8210.   5.410720E-8
        8220.   1.094820E-7
        8230.   2.485560E-8
        8240.   6.848160E-8
        8250.   7.180540E-8
        8260.   8.877630E-8
        8270.   4.329290E-8
        8280.   6.041940E-8
        8290.   6.439800E-8
        8300.   9.093580E-8
        8310.   3.740300E-8
        8320.   1.133240E-7
        8330.   1.536800E-7
        8340.   7.674280E-8
        8350.   7.950710E-8
        8360.   8.600400E-8
        8370.   5.592660E-8
        8380.   7.046580E-8
        8390.   7.155260E-8
        8400.   4.271500E-8
        8410.   5.028490E-8
        8420.   7.245320E-8
        8430.   9.326530E-8
        8440.   7.103440E-8
        8450.   5.209330E-8
        8460.   8.123630E-8
        8470.   9.369840E-8
        8480.   6.973460E-8
        8490.   6.375170E-8
        8500.   3.228010E-8
        8510.   5.344040E-8
        8520.   9.109110E-8
        8530.   9.694430E-8
        8540.   7.842870E-8
        8550.   5.824710E-8
        8560.   1.262120E-7
        8570.   7.710640E-8
        8580.   1.145550E-7
        8590.   3.894080E-8
        8600.   9.200110E-8
        8610.   2.600390E-8
        8620.   1.133090E-7
        8630.   1.303860E-7
        8640.   5.367260E-8
        8650.   8.763380E-8
        8660.   5.028200E-8
        8670.   7.437770E-8
        8680.   5.646910E-8
        8690.   8.553830E-8
        8700.   1.486070E-7
        8710.   4.752720E-8
        8720.  1.000230E-10
        8730.   1.468970E-8
        8740.  1.000230E-10
        8750.   1.955210E-8
        8760.  1.000230E-10
        8770.   1.721780E-7
        8780.  1.000230E-10
        8790.   1.682430E-7
        8800.  1.000230E-10
        8810.   1.513520E-7
        8820.   6.224910E-8
        8830.   3.895190E-8
        8840.  1.000230E-10
        8850.   4.518040E-8
        8860.  1.000230E-10
        8870.   4.799780E-7
        8880.   2.108620E-7
        8890.   6.952090E-9
        8900.   2.400970E-7
        8910.   1.533650E-7
        8920.  1.000230E-10
        8930.  1.000230E-10
        8940.   3.422510E-7
        8950.  1.000230E-10
        8960.   9.289700E-8
        8970.  1.000230E-10
        8980.   1.283520E-7
        8990.   5.396010E-7
        9000.   3.322190E-7
        9010.  1.000230E-10
        9020.  1.000230E-10
        9030.  1.000230E-10
        9040.  1.000230E-10
        9050.  1.000230E-10
        9060.  1.000230E-10
        9070.   1.132150E-7
        9080.  1.000230E-10
        9090.  1.000230E-10
        9100.   4.716700E-7
        9110.  1.000230E-10
        9120.  1.000230E-10
        9130.  1.000230E-10
        9140.  1.000230E-10
        9150.  1.000230E-10
        9160.  1.000230E-10
        9170.  1.000230E-10
        9180.  1.000230E-10
        9190.  1.000230E-10
        9200.  1.000230E-10
        9210.  1.000230E-10
        9220.  1.000230E-10
        9230.  1.000230E-10
        9240.   4.227760E-7
        9250.  1.000230E-10
        9260.  1.000230E-10
        9270.   4.988700E-7
        9280.  1.000230E-10
        9290.  1.000230E-10
        9300.  1.000230E-10
        9310.  1.000230E-10
        9320.   7.121610E-8
        9330.  1.000230E-10
        9340.  1.000230E-10
        9350.  1.000230E-10
        9360.   2.883160E-7
        9370.  1.000230E-10
        9380.  1.000230E-10
        9390.   2.258600E-7
        9400.  1.000230E-10
        9410.  1.000230E-10
        9420.  1.000230E-10
        9430.  1.000230E-10
        9440.  1.000230E-10
        9450.  1.000230E-10
        9460.  1.000230E-10
        9470.  1.000230E-10
        9480.  1.000230E-10
        9490.  1.000230E-10
        9500.   1.583590E-7
        9510.  1.000230E-10
        9520.  1.000230E-10
        9530.  1.000230E-10
        9540.   5.041910E-8
        9550.  1.000230E-10
        9560.  1.000230E-10
        9570.  1.000230E-10
        9580.  1.000230E-10
        9590.  1.000230E-10
        9600.  1.000230E-10
        9610.  1.000230E-10
        9620.  1.000230E-10
        9630.  1.000230E-10
        9640.  1.000230E-10
        9650.  1.000230E-10
        9660.  1.000230E-10
        9670.  1.000230E-10
        9680.  1.000230E-10
        9690.  1.000230E-10
        9700.  1.000230E-10
        9710.  1.000230E-10
        9720.  1.000230E-10
        9730.  1.000230E-10
        9740.  1.000230E-10
        9750.  1.000230E-10
        9760.  1.000230E-10
        9770.  1.000230E-10
        9780.  1.000230E-10
        9790.  1.000230E-10
        9800.  1.000230E-10
        9810.  1.000230E-10
        9820.  1.000230E-10
        9830.  1.000230E-10
        9840.  1.000230E-10
        9850.  1.000230E-10
        9860.  1.000230E-10
        9870.  1.000230E-10
        9880.  1.000230E-10
        9890.  1.000230E-10
        9900.  1.000230E-10
        9910.  1.000230E-10
        9920.  1.000230E-10
        9930.  1.000230E-10
        9940.  1.000230E-10
        9950.  1.000230E-10
        9960.  1.000230E-10
        9970.  1.000230E-10
        9980.  1.000230E-10
        9990.  1.000230E-10
       10000.  1.000230E-10
       10010.  1.000230E-10
       10020.  1.000230E-10
       10030.  1.000230E-10
       10040.  1.000230E-10
       10050.  1.000230E-10
       10060.  1.000230E-10
       10070.  1.000230E-10
       10080.  1.000230E-10
       10090.  1.000230E-10
       10100.  1.000230E-10
       10110.  1.000230E-10
       10120.  1.000230E-10
       10130.  1.000230E-10
       10140.  1.000230E-10
       10150.  1.000230E-10
       10160.  1.000230E-10
       10170.  1.000230E-10
       10180.  1.000230E-10
       10190.  1.000230E-10
       10200.  1.000230E-10
       10210.  1.000230E-10
       10220.  1.000230E-10
       10230.  1.000230E-10
       10240.  1.000230E-10
       10250.  1.000230E-10
       10260.  1.000230E-10
       10270.  1.000230E-10
       10280.  1.000230E-10
       10290.  1.000230E-10
       10300.  1.000230E-10
       10310.  1.000230E-10
       10320.  1.000230E-10
       10330.  1.000230E-10
       10340.  1.000230E-10
       10350.  1.000230E-10
       10360.  1.000230E-10
       10370.  1.000230E-10
       10380.  1.000230E-10
       10390.  1.000230E-10
       10400.  1.000230E-10
       10410.  1.000230E-10
       10420.  1.000230E-10
       10430.  1.000230E-10
       10440.  1.000230E-10
       10450.  1.000230E-10
       10460.  1.000230E-10
       10470.  1.000230E-10
       10480.  1.000230E-10
       10490.  1.000230E-10
       10500.  1.000230E-10
       10510.  1.000230E-10
       10520.  1.000230E-10
       10530.  1.000230E-10
       10540.  1.000230E-10
       10550.  1.000230E-10
       10560.  1.000230E-10
       10570.  1.000230E-10
       10580.  1.000230E-10
       10590.  1.000230E-10
       10600.  1.000230E-10
       10610.  1.000230E-10
       10620.  1.000230E-10
       10630.  1.000230E-10
       10640.  1.000230E-10
       10650.  1.000230E-10
       10660.  1.000230E-10
       10670.  1.000230E-10
       10680.  1.000230E-10
       10690.  1.000230E-10
       10700.  1.000230E-10
       10710.  1.000230E-10
       10720.  1.000230E-10
       10730.  1.000230E-10
       10740.  1.000230E-10
       10750.  1.000230E-10
       10760.  1.000230E-10
       10770.  1.000230E-10
       10780.  1.000230E-10
       10790.  1.000230E-10
       10800.  1.000230E-10
       10810.  1.000230E-10
       10820.  1.000230E-10
       10830.  1.000230E-10
       10840.  1.000230E-10
       10850.  1.000230E-10
       10860.  1.000230E-10
       10870.  1.000230E-10
       10880.  1.000230E-10
       10890.  1.000230E-10
       10900.  1.000230E-10
       10910.  1.000230E-10
       10920.  1.000230E-10
       10930.  1.000230E-10
       10940.  1.000230E-10
       10950.  1.000230E-10
       10960.  1.000230E-10
       10970.  1.000230E-10
       10980.  1.000230E-10
       10990.  1.000230E-10
       11000.  1.000230E-10
       11001.            0.
       11002.            0.
