        1938.            0.
        1939.            0.
        1940.   1.598180E-7
        1950.   5.468390E-9
        1960.   9.625450E-8
        1970.   3.898660E-8
        1980.   4.692890E-8
        1990.  1.000230E-10
        2000.  1.000230E-10
        2010.   4.873020E-8
        2020.   3.248110E-8
        2030.   2.024930E-8
        2040.   3.894570E-8
        2050.  1.000230E-10
        2060.  1.000230E-10
        2070.   4.749330E-8
        2080.   4.176560E-8
        2090.  1.000230E-10
        2100.   3.288260E-8
        2110.   1.991790E-9
        2120.  1.000230E-10
        2130.   2.488010E-8
        2140.   9.220710E-9
        2150.   6.771350E-8
        2160.  1.000230E-10
        2170.   1.806350E-8
        2180.   5.187660E-9
        2190.   2.250670E-8
        2200.   6.109630E-9
        2210.   3.034800E-8
        2220.  1.000230E-10
        2230.   4.065200E-8
        2240.   4.354910E-8
        2250.   1.586040E-8
        2260.   1.514110E-8
        2270.  1.000230E-10
        2280.   3.037200E-8
        2290.  1.000230E-10
        2300.  1.000230E-10
        2310.   2.321480E-8
        2320.   8.971510E-9
        2330.   2.052640E-8
        2340.   1.836420E-8
        2350.  1.000230E-10
        2360.  1.000230E-10
        2370.   1.697930E-8
        2380.   1.541380E-8
        2390.  1.000230E-10
        2400.  1.000230E-10
        2410.   1.341080E-8
        2420.   2.040220E-8
        2430.   1.244700E-8
        2440.   3.955020E-8
        2450.   4.064500E-8
        2460.   3.463370E-8
        2470.   2.733690E-9
        2480.   3.487340E-8
        2490.   1.146170E-8
        2500.   2.824880E-8
        2510.   3.720550E-8
        2520.   1.925040E-8
        2530.   3.325340E-8
        2540.   3.850150E-8
        2550.   3.557290E-8
        2560.   1.103620E-8
        2570.   9.636670E-9
        2580.   2.064260E-8
        2590.   9.286000E-9
        2600.   5.415060E-8
        2610.   4.503760E-8
        2620.   3.046460E-8
        2630.   3.721200E-8
        2640.   2.622310E-8
        2650.   5.230180E-8
        2660.   4.568930E-8
        2670.   3.735800E-8
        2680.   3.760810E-8
        2690.   1.034110E-8
        2700.   2.665800E-8
        2710.   5.951660E-8
        2720.   2.717880E-8
        2730.   4.693870E-8
        2740.   2.892000E-8
        2750.   1.607840E-8
        2760.   2.219450E-8
        2770.   2.177990E-8
        2780.   1.283520E-8
        2790.   2.338220E-8
        2800.   9.705710E-9
        2810.   4.107050E-8
        2820.  1.000230E-10
        2830.  1.000230E-10
        2840.   1.510470E-8
        2850.  1.000230E-10
        2860.   3.400720E-8
        2870.   7.806660E-8
        2880.   1.919060E-8
        2890.  1.000230E-10
        2900.   1.213760E-8
        2910.   3.161890E-8
        2920.   4.923470E-9
        2930.   1.872130E-8
        2940.  1.000230E-10
        2950.   3.497690E-8
        2960.  1.000230E-10
        2970.   5.310210E-8
        2980.   4.204210E-9
        2990.   2.129810E-8
        3000.   5.075530E-8
        3010.   7.211160E-8
        3020.   1.139100E-9
        3030.  1.000230E-10
        3040.   3.989320E-8
        3050.   1.861760E-8
        3060.   2.220150E-8
        3070.  1.000230E-10
        3080.   8.389130E-8
        3090.   5.854140E-8
        3100.   1.844690E-8
        3110.   3.059390E-8
        3120.   9.279740E-9
        3130.  1.000230E-10
        3140.   1.360070E-8
        3150.   1.293340E-8
        3160.  1.000230E-10
        3170.   2.626710E-8
        3180.   5.417200E-8
        3190.   3.814810E-8
        3200.   1.299670E-8
        3210.   5.884220E-8
        3220.  1.000230E-10
        3230.   2.282570E-8
        3240.  1.000230E-10
        3250.  1.000230E-10
        3260.  1.000230E-10
        3270.  1.000230E-10
        3280.   6.344830E-8
        3290.   3.570130E-8
        3300.   9.028720E-8
        3310.  1.000230E-10
        3320.  1.000230E-10
        3330.  1.000230E-10
        3340.  1.000230E-10
        3350.   2.249130E-8
        3360.  1.000230E-10
        3370.  1.000230E-10
        3380.   1.116390E-8
        3390.  1.000230E-10
        3400.   3.432920E-8
        3410.  1.000230E-10
        3420.  1.000230E-10
        3430.  1.000230E-10
        3440.  1.000230E-10
        3450.  1.000230E-10
        3460.  1.000230E-10
        3470.  1.000230E-10
        3480.  1.000230E-10
        3490.   1.001590E-7
        3500.  1.000230E-10
        3510.   1.131570E-7
        3520.  1.000230E-10
        3530.   6.832870E-9
        3540.   3.282370E-8
        3550.  1.000230E-10
        3560.  1.000230E-10
        3570.   1.347730E-8
        3580.   5.027270E-8
        3590.   2.931530E-8
        3600.  1.000230E-10
        3610.   5.971320E-9
        3620.  1.000230E-10
        3630.   1.819990E-8
        3640.  1.000230E-10
        3650.   8.188210E-8
        3660.  1.000230E-10
        3670.  1.000230E-10
        3680.  1.000230E-10
        3690.   2.359390E-8
        3700.   1.033090E-7
        3710.  1.000230E-10
        3720.   4.342860E-8
        3730.   1.734610E-7
        3740.   1.406340E-7
        3750.   6.783480E-8
        3760.   5.269170E-8
        3770.  1.000230E-10
        3780.   1.312160E-8
        3790.  1.000230E-10
        3800.  1.000230E-10
        3810.   1.283970E-7
        3820.   7.985740E-8
        3830.  1.000230E-10
        3840.   3.364250E-8
        3850.   3.886330E-8
        3860.   9.309670E-8
        3870.   7.437210E-8
        3880.  6.833880E-10
        3890.  1.000230E-10
        3900.   1.097330E-7
        3910.  1.000230E-10
        3920.   2.134900E-8
        3930.   9.821170E-8
        3940.  1.000230E-10
        3950.   4.312240E-8
        3960.   2.104910E-7
        3970.  1.000230E-10
        3980.   1.721980E-7
        3990.   7.705300E-8
        4000.   3.264270E-8
        4010.   4.420930E-8
        4020.   3.669080E-8
        4030.   3.470520E-8
        4040.   2.320390E-9
        4050.   3.248850E-8
        4060.   5.377130E-8
        4070.   2.178820E-8
        4080.   1.279720E-8
        4090.   4.700570E-8
        4100.   2.312200E-8
        4110.   2.982480E-8
        4120.   1.917810E-8
        4130.   2.280380E-8
        4140.   3.413420E-8
        4150.   4.423760E-8
        4160.   4.058440E-9
        4170.   3.357490E-8
        4180.   2.109800E-8
        4190.   3.372520E-8
        4200.  1.000230E-10
        4210.   2.104520E-8
        4220.   6.488830E-8
        4230.   4.496300E-8
        4240.   3.032550E-8
        4250.   1.560500E-8
        4260.   4.759600E-8
        4270.   1.239210E-8
        4280.   2.152920E-8
        4290.   7.117330E-9
        4300.   4.220470E-8
        4310.   4.118820E-8
        4320.   2.321290E-8
        4330.   2.766420E-8
        4340.   5.286580E-8
        4350.   4.712530E-8
        4360.   5.325340E-8
        4370.  1.000230E-10
        4380.   4.687820E-9
        4390.   3.176040E-8
        4400.   2.104920E-8
        4410.   1.524830E-8
        4420.   4.540630E-8
        4430.   4.756210E-8
        4440.   1.103160E-8
        4450.   7.962630E-8
        4460.   2.218840E-8
        4470.   4.987840E-8
        4480.   3.029050E-8
        4490.   5.195980E-9
        4500.   5.375960E-8
        4510.   2.256640E-8
        4520.   5.117210E-9
        4530.   3.330940E-8
        4540.   3.606510E-8
        4550.   1.098060E-8
        4560.   1.600140E-8
        4570.   5.156080E-9
        4580.   4.704090E-8
        4590.   1.312450E-8
        4600.   2.556440E-8
        4610.   4.703720E-8
        4620.   1.144750E-8
        4630.  1.000230E-10
        4640.   4.333440E-8
        4650.   3.561970E-8
        4660.   1.559130E-8
        4670.   1.321770E-8
        4680.   8.066070E-9
        4690.  1.000230E-10
        4700.   5.999520E-9
        4710.  1.000230E-10
        4720.  1.000230E-10
        4730.   1.024830E-8
        4740.   2.343710E-8
        4750.   1.558670E-8
        4760.  1.000230E-10
        4770.   2.500360E-8
        4780.   6.704560E-9
        4790.  2.860900E-10
        4800.   3.040610E-8
        4810.   2.392310E-8
        4820.   8.337590E-9
        4830.   4.601200E-9
        4840.  1.000230E-10
        4850.   8.645360E-9
        4860.  9.905170E-10
        4870.  1.000230E-10
        4880.   7.463560E-9
        4890.  1.000230E-10
        4900.  1.000230E-10
        4910.   1.403100E-8
        4920.  1.000230E-10
        4930.   2.575520E-8
        4940.   3.657560E-8
        4950.  1.000230E-10
        4960.   1.211010E-8
        4970.  1.000230E-10
        4980.  1.000230E-10
        4990.   3.048770E-9
        5000.  1.000230E-10
        5010.  1.000230E-10
        5020.   2.904550E-9
        5030.  3.534150E-10
        5040.  1.000230E-10
        5050.   2.006200E-8
        5060.   4.604050E-9
        5070.   2.275800E-8
        5080.   5.949280E-9
        5090.   2.541990E-8
        5100.   1.377460E-8
        5110.  1.000230E-10
        5120.   1.644970E-8
        5130.   1.779830E-8
        5140.  1.000230E-10
        5150.   2.418170E-8
        5160.   4.320370E-9
        5170.  1.000230E-10
        5180.   1.054620E-8
        5190.   2.124810E-8
        5200.   2.653070E-8
        5210.   2.127540E-8
        5220.  1.000230E-10
        5230.  1.000230E-10
        5240.   8.478460E-9
        5250.   1.528130E-8
        5260.   7.563410E-9
        5270.   1.842300E-8
        5280.   1.473970E-8
        5290.   1.573070E-8
        5300.   2.187930E-8
        5310.   9.605060E-9
        5320.   1.049290E-8
        5330.   2.908870E-8
        5340.   1.248370E-8
        5350.   1.968620E-8
        5360.   2.853880E-8
        5370.   4.458650E-8
        5380.  1.000230E-10
        5390.   2.553810E-8
        5400.   1.396700E-8
        5410.   1.372170E-8
        5420.   1.086880E-8
        5430.   6.137280E-8
        5440.   4.012250E-8
        5450.   9.667100E-9
        5460.   1.996420E-8
        5470.   2.484940E-8
        5480.   1.928640E-8
        5490.   4.563530E-8
        5500.   3.289200E-8
        5510.   1.115400E-8
        5520.   2.716880E-8
        5530.   6.076880E-8
        5540.   2.263140E-8
        5550.   4.260650E-8
        5560.   1.252310E-8
        5570.   1.445450E-8
        5580.   3.464640E-8
        5590.   2.766350E-8
        5600.  1.000230E-10
        5610.  1.000230E-10
        5620.   1.682110E-8
        5630.   1.979520E-8
        5640.   3.241470E-8
        5650.   2.975270E-8
        5660.   2.175100E-8
        5670.   3.361560E-8
        5680.   8.227830E-9
        5690.   2.927060E-8
        5700.   4.948930E-8
        5710.  1.000230E-10
        5720.   1.294730E-8
        5730.  1.000230E-10
        5740.   1.395560E-8
        5750.   2.443260E-8
        5760.  1.000230E-10
        5770.   2.239190E-8
        5780.   2.783800E-8
        5790.   1.000270E-8
        5800.  1.000230E-10
        5810.  1.000230E-10
        5820.   7.402170E-9
        5830.   1.091160E-8
        5840.   1.658300E-8
        5850.   1.095360E-8
        5860.   1.406470E-8
        5870.  1.000230E-10
        5880.   2.945810E-8
        5890.   2.319900E-8
        5900.   2.092930E-8
        5910.   2.696810E-8
        5920.   2.431680E-8
        5930.   1.956260E-8
        5940.   2.607330E-8
        5950.   3.664560E-8
        5960.   1.432330E-8
        5970.   3.321900E-8
        5980.  1.000230E-10
        5990.   5.358110E-8
        6000.   1.583850E-8
        6010.   4.096120E-8
        6020.   2.455580E-8
        6030.   4.045280E-8
        6040.   2.951900E-8
        6050.   1.472190E-8
        6060.   4.430250E-8
        6070.   4.355560E-8
        6080.   1.274360E-8
        6090.   2.476200E-8
        6100.   2.288440E-8
        6110.   1.375800E-8
        6120.   2.294050E-8
        6130.   7.083630E-9
        6140.   9.127460E-9
        6150.   3.524780E-8
        6160.   4.115670E-8
        6170.   4.171400E-8
        6180.   3.049370E-8
        6190.   8.011520E-8
        6200.   2.126390E-8
        6210.   1.731770E-8
        6220.   3.056910E-8
        6230.   1.999270E-8
        6240.   3.761250E-8
        6250.   3.896480E-8
        6260.   4.423460E-8
        6270.   1.197040E-8
        6280.   1.617700E-8
        6290.   1.350840E-8
        6300.   6.249180E-8
        6310.   2.691990E-8
        6320.   4.340670E-8
        6330.   1.164740E-8
        6340.   6.213240E-8
        6350.   3.310850E-8
        6360.   4.450460E-8
        6370.   1.637090E-8
        6380.   1.342480E-8
        6390.   4.105980E-8
        6400.   3.287220E-8
        6410.   6.386050E-8
        6420.   5.665260E-8
        6430.   1.762560E-8
        6440.   2.664390E-8
        6450.   3.587360E-8
        6460.   2.187380E-8
        6470.  1.000230E-10
        6480.   3.244220E-8
        6490.   1.981710E-8
        6500.   2.930160E-8
        6510.   4.105580E-8
        6520.   4.103950E-8
        6530.   3.524880E-8
        6540.  1.000230E-10
        6550.   1.527950E-8
        6560.   3.396280E-8
        6570.  1.000230E-10
        6580.   5.957250E-8
        6590.   2.437620E-8
        6600.   4.418380E-8
        6610.   6.665840E-8
        6620.   2.299770E-8
        6630.   5.042010E-8
        6640.   4.989990E-8
        6650.   5.075130E-8
        6660.   4.062710E-8
        6670.   3.150100E-8
        6680.   3.065810E-8
        6690.   6.787020E-8
        6700.   4.042960E-8
        6710.   1.932570E-8
        6720.   4.439690E-8
        6730.   4.499810E-8
        6740.   7.145700E-8
        6750.   1.156680E-7
        6760.   2.693380E-7
        6770.   8.051950E-7
        6780.   1.680240E-6
        6790.   2.793680E-6
        6800.   3.881180E-6
        6810.   4.741650E-6
        6820.   4.963100E-6
        6830.   4.528870E-6
        6840.   3.522780E-6
        6850.   2.413560E-6
        6860.   1.424980E-6
        6870.   7.938070E-7
        6880.   6.079100E-7
        6890.   4.752380E-7
        6900.   4.717700E-7
        6910.   4.059590E-7
        6920.   4.310150E-7
        6930.   4.275940E-7
        6940.   4.127190E-7
        6950.   4.072550E-7
        6960.   4.901130E-7
        6970.   5.109950E-7
        6980.   5.427120E-7
        6990.   5.648240E-7
        7000.   6.347870E-7
        7010.   7.120010E-7
        7020.   7.632570E-7
        7030.   7.914600E-7
        7040.   8.429670E-7
        7050.   8.409440E-7
        7060.   8.158850E-7
        7070.   7.508310E-7
        7080.   7.060410E-7
        7090.   6.034250E-7
        7100.   5.279660E-7
        7110.   4.651230E-7
        7120.   4.400370E-7
        7130.   3.843740E-7
        7140.   3.946650E-7
        7150.   3.664450E-7
        7160.   2.907520E-7
        7170.   3.676300E-7
        7180.   3.935740E-7
        7190.   4.256780E-7
        7200.   4.648970E-7
        7210.   4.709310E-7
        7220.   5.179910E-7
        7230.   5.800770E-7
        7240.   6.355300E-7
        7250.   5.490170E-7
        7260.   5.276450E-7
        7270.   4.498800E-7
        7280.   4.099070E-7
        7290.   3.598300E-7
        7300.   2.713630E-7
        7310.   2.573170E-7
        7320.   3.004650E-7
        7330.   2.228510E-7
        7340.   2.630560E-7
        7350.   2.534580E-7
        7360.   1.813220E-7
        7370.   2.204380E-7
        7380.   2.921710E-7
        7390.   2.706010E-7
        7400.   3.416910E-7
        7410.   3.077080E-7
        7420.   4.105530E-7
        7430.   4.058310E-7
        7440.   4.592820E-7
        7450.   4.660120E-7
        7460.   4.465080E-7
        7470.   3.560390E-7
        7480.   3.809980E-7
        7490.   2.997460E-7
        7500.   3.115140E-7
        7510.   2.557980E-7
        7520.   2.993860E-7
        7530.   2.719270E-7
        7540.   2.817290E-7
        7550.   3.447070E-7
        7560.   3.559040E-7
        7570.   3.428610E-7
        7580.   3.807160E-7
        7590.   4.285420E-7
        7600.   4.939790E-7
        7610.   5.516790E-7
        7620.   6.097370E-7
        7630.   6.098690E-7
        7640.   6.333860E-7
        7650.   6.267610E-7
        7660.   6.158240E-7
        7670.   5.685360E-7
        7680.   5.603730E-7
        7690.   5.129360E-7
        7700.   4.655330E-7
        7710.   4.426040E-7
        7720.   4.636520E-7
        7730.   4.277850E-7
        7740.   4.658180E-7
        7750.   3.657410E-7
        7760.   4.939350E-7
        7770.   4.695680E-7
        7780.   5.180100E-7
        7790.   4.486870E-7
        7800.   4.429470E-7
        7810.   5.754420E-7
        7820.   6.257100E-7
        7830.   6.608190E-7
        7840.   6.454930E-7
        7850.   6.533560E-7
        7860.   5.779190E-7
        7870.   5.838320E-7
        7880.   4.998230E-7
        7890.   5.096220E-7
        7900.   4.263250E-7
        7910.   3.981490E-7
        7920.   3.908400E-7
        7930.   3.479940E-7
        7940.   3.206750E-7
        7950.   3.354290E-7
        7960.   3.208730E-7
        7970.   4.127450E-7
        7980.   3.720460E-7
        7990.   5.301930E-7
        8000.   6.383770E-7
        8010.   7.857450E-7
        8020.   8.188290E-7
        8030.   8.885160E-7
        8040.   9.109720E-7
        8050.   8.907870E-7
        8060.   9.081450E-7
        8070.   8.514270E-7
        8080.   9.701480E-7
        8090.   1.006280E-6
        8100.   1.063630E-6
        8110.   1.193940E-6
        8120.   1.337000E-6
        8130.   1.370300E-6
        8140.   1.307240E-6
        8150.   1.240000E-6
        8160.   1.025120E-6
        8170.   9.493030E-7
        8180.   7.920950E-7
        8190.   6.097630E-7
        8200.   3.400200E-7
        8210.   2.659970E-7
        8220.   2.651560E-7
        8230.   1.395710E-7
        8240.   1.548280E-7
        8250.   7.891200E-8
        8260.   1.214280E-7
        8270.   1.307350E-7
        8280.   9.888310E-8
        8290.   9.823810E-8
        8300.   1.022420E-7
        8310.   6.039100E-8
        8320.   4.108480E-8
        8330.   1.792340E-8
        8340.   7.613450E-8
        8350.   5.081720E-8
        8360.   8.755340E-8
        8370.   1.205860E-8
        8380.  1.000230E-10
        8390.  1.000230E-10
        8400.   3.699120E-8
        8410.   2.871710E-8
        8420.   8.772050E-9
        8430.  1.000230E-10
        8440.  1.000230E-10
        8450.   3.811520E-8
        8460.  1.000230E-10
        8470.   7.135670E-8
        8480.  1.000230E-10
        8490.   4.065550E-8
        8500.  1.000230E-10
        8510.  1.000230E-10
        8520.  1.000230E-10
        8530.  1.000230E-10
        8540.  1.000230E-10
        8550.   1.909630E-6
        8560.  1.000230E-10
        8570.  1.000230E-10
        8580.   1.587150E-6
        8590.  1.000230E-10
        8600.   3.008190E-6
        8610.  1.000230E-10
        8620.  1.000230E-10
        8630.   2.081470E-6
        8640.   5.984350E-6
        8650.   1.838120E-6
        8660.  1.000230E-10
        8670.   5.379080E-6
        8680.  1.000230E-10
        8690.  1.000230E-10
        8700.   5.255950E-6
        8710.   9.324410E-6
        8720.  1.000230E-10
        8730.  1.000230E-10
        8740.   3.667370E-6
        8750.   8.184930E-6
        8760.   2.553090E-6
        8770.   9.146940E-7
        8780.  1.000230E-10
        8790.   1.424870E-6
        8800.   9.302910E-6
        8810.   1.176260E-5
        8820.   6.102000E-6
        8830.   8.789940E-6
        8840.   1.264540E-5
        8850.   2.303430E-5
        8860.   2.048830E-5
        8870.   2.460800E-5
        8880.   3.099820E-5
        8890.   3.816130E-5
        8900.   4.703820E-5
        8910.   5.374340E-5
        8920.   6.183420E-5
        8930.   7.577120E-5
        8940.   9.731410E-5
        8950.   1.313610E-4
        8960.   1.837030E-4
        9140.      0.004206
        9142.      0.002274
        9144.      0.009458
        9146.      0.004165
        9148.      0.009963
        9150.      0.003373
        9152.      0.008005
        9154.      0.008382
        9156.      0.011191
        9158.      0.005712
        9160.      0.008811
        9162.       0.01317
        9164.       0.01834
        9166.      0.020781
        9168.      0.012168
        9170.      0.018599
        9172.      0.025103
        9174.      0.026464
        9176.      0.030879
        9178.      0.031355
        9180.      0.051318
        9182.      0.053347
        9184.      0.068391
        9186.       0.07407
        9188.      0.103463
        9190.      0.127664
        9192.      0.158442
        9194.      0.200433
        9196.      0.253477
        9198.      0.316608
        9200.      0.391508
        9202.      0.480154
        9204.      0.561223
        9206.      0.653064
        9208.      0.716563
        9210.      0.793768
        9212.      0.839468
        9214.      0.874217
        9216.      0.895456
        9218.      0.903795
        9220.      0.903046
        9222.      0.901274
        9224.      0.898605
        9226.      0.893176
        9228.      0.893517
        9230.      0.893538
        9232.      0.902491
        9234.       0.90411
        9236.      0.912282
        9238.      0.919806
        9240.      0.925241
        9242.      0.932371
        9244.      0.935531
        9246.      0.935895
        9248.       0.93298
        9250.      0.933619
        9252.      0.927016
        9254.      0.924134
        9256.      0.914573
        9258.      0.907963
        9260.      0.898717
        9262.      0.896424
        9264.      0.898617
        9266.      0.897791
        9268.      0.898971
        9270.      0.902036
        9272.      0.900984
        9274.      0.904705
        9276.      0.902501
        9278.      0.883411
        9280.      0.850667
        9282.      0.808088
        9284.      0.750186
        9286.       0.68007
        9288.      0.592991
        9290.      0.509762
        9292.       0.42286
        9294.      0.354324
        9296.      0.277919
        9298.      0.230143
        9300.      0.173225
        9302.      0.144455
        9304.      0.118642
        9306.      0.089992
        9308.      0.074523
        9310.      0.060725
        9312.      0.049584
        9314.       0.04111
        9316.      0.033976
        9318.       0.03067
        9320.      0.022628
        9322.      0.020928
        9324.      0.022901
        9326.       0.01389
        9328.      0.013164
        9330.      0.015085
        9332.      0.014846
        9334.      0.008788
        9336.       0.00926
        9338.      0.008872
        9340.       0.00581
        9342.      0.004474
        9530.   8.550410E-5
        9540.   5.985010E-5
        9550.   4.516180E-5
        9560.   3.468020E-5
        9570.   2.610860E-5
        9580.   2.133730E-5
        9590.   2.079450E-5
        9600.   1.568990E-5
        9610.   1.317920E-5
        9620.   9.750320E-6
        9630.   8.204480E-6
        9640.   8.615430E-6
        9650.   7.022340E-6
        9660.   4.564470E-6
        9670.   5.283890E-6
        9680.   2.248350E-6
        9690.   3.259040E-6
        9700.   2.684350E-6
        9710.   2.278460E-6
        9720.   1.535050E-6
        9730.   3.078120E-6
        9740.   2.479180E-6
        9750.   7.258400E-7
        9760.   2.215130E-7
        9770.   1.320940E-6
        9780.   1.076190E-6
        9790.   2.475990E-6
        9800.   5.496380E-7
        9810.   1.668750E-6
        9820.   2.011930E-6
        9830.   7.645610E-7
        9840.   1.035310E-6
        9850.   9.432740E-7
        9860.   1.340750E-6
        9870.   1.232610E-6
        9880.   9.442630E-7
        9890.   1.263230E-6
        9900.   1.227770E-6
        9910.   4.734750E-7
        9920.   1.429490E-7
        9930.   2.471300E-6
        9940.   7.052190E-7
        9950.   1.523450E-6
        9960.   8.552590E-7
        9970.   1.313390E-6
        9980.   5.508420E-7
        9990.   1.279410E-6
       10000.   1.127460E-6
       10010.   1.143040E-7
       10020.   6.148090E-7
       10030.  1.000230E-10
       10040.   1.178920E-6
       10050.   1.421620E-7
       10060.   7.814890E-7
       10070.   7.977500E-7
       10080.   6.075330E-7
       10090.  1.000230E-10
       10100.  1.000230E-10
       10110.   9.029820E-7
       10120.   4.279380E-7
       10130.   2.995550E-7
       10140.   1.045220E-6
       10150.  1.000230E-10
       10160.  1.000230E-10
       10170.   3.761430E-7
       10180.   1.181010E-7
       10190.   9.190510E-8
       10200.  1.000230E-10
       10210.   9.215870E-7
       10220.   1.133420E-7
       10230.   9.051240E-8
       10240.  1.000230E-10
       10250.  1.000230E-10
       10260.   4.728720E-7
       10270.  1.000230E-10
       10280.   1.492550E-6
       10290.   1.862670E-7
       10300.  1.000230E-10
       10310.   3.638480E-7
       10320.  1.000230E-10
       10330.  1.000230E-10
       10340.   4.911280E-8
       10350.   7.299920E-8
       10360.  1.000230E-10
       10370.   7.602500E-7
       10380.  1.000230E-10
       10390.   9.625080E-7
       10400.   1.975270E-7
       10410.   4.315200E-7
       10420.   2.054590E-7
       10430.   2.535430E-8
       10440.   5.832280E-7
       10450.  1.000230E-10
       10460.   9.941390E-7
       10470.   4.090420E-7
       10480.  1.000230E-10
       10490.   5.402240E-7
       10500.   7.537300E-7
       10510.  1.000230E-10
       10520.  1.000230E-10
       10530.   2.384180E-7
       10540.  1.000230E-10
       10550.   9.162350E-7
       10560.  1.000230E-10
       10570.  1.000230E-10
       10580.   1.339860E-7
       10590.   2.393940E-7
       10600.   9.905400E-7
       10610.  1.000230E-10
       10620.  1.000230E-10
       10630.   1.099430E-6
       10640.   8.534730E-7
       10650.   8.045370E-7
       10660.   3.768480E-7
       10670.   1.412060E-6
       10680.   9.153450E-7
       10690.   8.244080E-7
       10700.   3.325390E-7
       10710.   9.870540E-7
       10720.   7.156510E-7
       10730.  1.000230E-10
       10740.   2.148170E-7
       10750.   1.152430E-6
       10760.  1.000230E-10
       10770.   2.495120E-9
       10780.   2.833010E-7
       10790.  1.000230E-10
       10800.   5.506430E-7
       10810.   2.550580E-7
       10820.   4.948560E-7
       10830.   8.741460E-7
       10840.  1.000230E-10
       10850.   6.077700E-7
       10860.   1.725530E-7
       10870.   3.391610E-7
       10880.   3.320730E-7
       10890.   4.972230E-7
       10900.  1.000230E-10
       10910.   4.817410E-7
       10920.   7.842650E-7
       10930.   2.539600E-7
       10940.   5.590230E-7
       10950.   1.008170E-7
       10960.   3.346530E-7
       10970.   2.581490E-7
       10980.   5.216650E-7
       10990.   2.760220E-7
       11000.  1.000230E-10
       11001.            0.
       11002.            0.
