        1938.            0.
        1939.            0.
        1940.   6.799890E-8
        1950.   7.387690E-8
        1960.   8.558940E-8
        1970.   1.052730E-7
        1980.   9.267640E-8
        1990.   9.256710E-8
        2000.   1.028500E-7
        2010.   8.253460E-8
        2020.   6.352990E-8
        2030.   9.189910E-8
        2040.   7.700080E-8
        2050.   7.128090E-8
        2060.   6.503280E-8
        2070.   8.343300E-8
        2080.   7.955510E-8
        2090.   9.021880E-8
        2100.   8.082450E-8
        2110.   6.998000E-8
        2120.   1.021350E-7
        2130.   4.975850E-8
        2140.   7.810990E-8
        2150.   7.175330E-8
        2160.   7.321720E-8
        2170.   9.372080E-8
        2180.   7.107650E-8
        2190.   8.646910E-8
        2200.   1.038000E-7
        2210.   1.205410E-7
        2220.   8.391990E-8
        2230.   8.102480E-8
        2240.   9.612780E-8
        2250.   7.998860E-8
        2260.   7.635840E-8
        2270.   8.610730E-8
        2280.   7.012600E-8
        2290.   1.174760E-7
        2300.   7.138540E-8
        2310.   4.166760E-8
        2320.   7.596200E-8
        2330.   9.108080E-8
        2340.   8.023100E-8
        2350.   8.105510E-8
        2360.   9.783360E-8
        2370.   1.111210E-7
        2380.   7.647740E-8
        2390.   7.010040E-8
        2400.   9.150960E-8
        2410.   6.479330E-8
        2420.   1.119290E-7
        2430.   8.759150E-8
        2440.   7.705080E-8
        2450.   7.929100E-8
        2460.   8.964620E-8
        2470.   6.723050E-8
        2480.   8.679310E-8
        2490.   6.181000E-8
        2500.   8.796970E-8
        2510.   8.225360E-8
        2520.   7.877330E-8
        2530.   9.916220E-8
        2540.   1.067490E-7
        2550.   6.482750E-8
        2560.   7.907440E-8
        2570.   1.012300E-7
        2580.   1.148000E-7
        2590.   8.407940E-8
        2600.   9.062040E-8
        2610.   9.547500E-8
        2620.   9.977280E-8
        2630.   7.540980E-8
        2640.   1.113160E-7
        2650.   9.874470E-8
        2660.   8.825000E-8
        2670.   1.144260E-7
        2680.   8.793540E-8
        2690.   1.010680E-7
        2700.   7.829830E-8
        2710.   7.933390E-8
        2720.   7.507930E-8
        2730.   1.025010E-7
        2740.   1.001450E-7
        2750.   8.507950E-8
        2760.   8.642470E-8
        2770.   9.271690E-8
        2780.   1.061950E-7
        2790.   8.582150E-8
        2800.   1.182420E-7
        2810.   1.239960E-7
        2820.   1.520070E-7
        2830.   1.595140E-7
        2840.   1.698290E-7
        2850.   1.909710E-7
        2860.   2.550770E-7
        2870.   2.289500E-7
        2880.   2.615540E-7
        2890.   3.419190E-7
        2900.   3.882970E-7
        2910.   5.422120E-7
        2920.   7.701790E-7
        2930.   9.986220E-7
        2940.   1.302090E-6
        2950.   1.538580E-6
        2960.   1.717470E-6
        2970.   1.874110E-6
        2980.   2.126420E-6
        2990.   2.396310E-6
        3000.   2.869540E-6
        3010.   3.277490E-6
        3020.   3.566830E-6
        3030.   3.947900E-6
        3040.   4.028870E-6
        3050.   4.105680E-6
        3060.   4.088620E-6
        3070.   3.957510E-6
        3080.   3.969090E-6
        3090.   3.936830E-6
        3100.   4.193870E-6
        3110.   4.547760E-6
        3120.   5.176990E-6
        3130.   5.616900E-6
        3140.   5.759360E-6
        3150.   5.425920E-6
        3160.   4.840540E-6
        3170.   4.500410E-6
        3180.   4.399050E-6
        3190.   4.591440E-6
        3200.   5.106200E-6
        3210.   5.310690E-6
        3220.   5.049420E-6
        3230.   4.403580E-6
        3240.   3.654330E-6
        3250.   3.320620E-6
        3260.   3.448040E-6
        3270.   3.982100E-6
        3280.   4.808340E-6
        3290.   5.333580E-6
        3300.   5.496910E-6
        3310.   5.185990E-6
        3320.   4.820460E-6
        3330.   4.669950E-6
        3340.   4.766080E-6
        3350.   5.189680E-6
        3360.   5.764640E-6
        3370.   6.334350E-6
        3380.   6.352640E-6
        3390.   5.732670E-6
        3400.   5.138470E-6
        3410.   4.566310E-6
        3420.   4.277980E-6
        3430.   4.409660E-6
        3440.   4.934200E-6
        3450.   5.987630E-6
        3460.   6.861260E-6
        3470.   7.112040E-6
        3480.   6.669730E-6
        3490.   6.005780E-6
        3500.   5.062610E-6
        3510.   4.447860E-6
        3520.   4.012460E-6
        3530.   4.129260E-6
        3540.   4.816860E-6
        3550.   5.760710E-6
        3560.   6.551340E-6
        3570.   7.293200E-6
        3580.   7.240690E-6
        3590.   6.853650E-6
        3600.   6.286050E-6
        3610.   5.875660E-6
        3620.   5.462450E-6
        3630.   5.543540E-6
        3640.   5.902640E-6
        3650.   6.684150E-6
        3660.   7.609790E-6
        3670.   8.781910E-6
        3680.   8.771360E-6
        3690.   8.828710E-6
        3700.   8.854740E-6
        3710.   8.291780E-6
        3720.   7.796020E-6
        3730.   7.300040E-6
        3740.   7.123410E-6
        3750.   7.350250E-6
        3760.   7.934740E-6
        3770.   8.522130E-6
        3780.   9.420160E-6
        3790.   9.930400E-6
        3800.   1.009980E-5
        3810.   1.026000E-5
        3820.   1.004440E-5
        3830.   9.685480E-6
        3840.   9.320830E-6
        3850.   8.980700E-6
        3860.   8.959860E-6
        3870.   9.114350E-6
        3880.   9.293410E-6
        3890.   1.001670E-5
        3900.   1.023710E-5
        3910.   1.086980E-5
        3920.   1.107930E-5
        3930.   1.092680E-5
        3940.   1.121720E-5
        3950.   1.070410E-5
        3960.   1.040930E-5
        3970.   1.036950E-5
        3980.   9.964950E-6
        3990.   9.864020E-6
        4000.   1.030040E-5
        4010.   1.056420E-5
        4020.   1.118750E-5
        4030.   1.191000E-5
        4040.   1.267510E-5
        4050.   1.396040E-5
        4060.   1.547020E-5
        4070.   1.678600E-5
        4080.   1.860810E-5
        4090.   2.054720E-5
        4100.   2.237560E-5
        4110.   2.469460E-5
        4120.   2.607200E-5
        4130.   2.772470E-5
        4140.   2.959370E-5
        4150.   3.078570E-5
        4160.   3.225560E-5
        4170.   3.305790E-5
        4180.   3.362510E-5
        4190.   3.371680E-5
        4200.   3.325860E-5
        4210.   3.280770E-5
        4220.   3.174650E-5
        4230.   3.100020E-5
        4240.   3.131630E-5
        4250.   3.426840E-5
       4300.4   4.000000E-5
       4300.6   5.300000E-5
       4300.8   3.900000E-5
        4301.   3.100000E-5
       4301.2   2.600000E-5
       4301.4   5.100000E-5
       4301.6   2.500000E-5
       4301.8   2.700000E-5
        4302.   5.400000E-5
       4302.2   2.100000E-5
       4302.4   3.300000E-5
       4302.6   3.600000E-5
       4302.8   3.100000E-5
        4303.   4.400000E-5
       4303.2   6.200000E-5
       4303.4   5.700000E-5
       4303.6   3.500000E-5
       4303.8   4.400000E-5
        4304.   3.500000E-5
       4304.2   3.800000E-5
       4304.4   5.900000E-5
       4304.6   5.800000E-5
       4304.8   4.500000E-5
        4305.   5.400000E-5
       4305.2   3.800000E-5
       4305.4   3.100000E-5
       4305.6   4.700000E-5
       4305.8   4.300000E-5
        4306.   5.200000E-5
       4306.2   4.100000E-5
       4306.4   3.500000E-5
       4306.6   5.000000E-5
       4306.8   4.000000E-5
        4307.   3.800000E-5
       4307.2   2.300000E-5
       4307.4   2.800000E-5
       4307.6   4.700000E-5
       4307.8   4.100000E-5
        4308.   5.200000E-5
       4308.2   3.300000E-5
       4308.4   5.000000E-5
       4308.6   4.600000E-5
       4308.8   4.600000E-5
        4309.   5.500000E-5
       4309.2   5.600000E-5
       4309.4   4.600000E-5
       4309.6   4.500000E-5
       4309.8   5.400000E-5
        4310.   5.000000E-5
       4310.2   4.200000E-5
       4310.4   6.200000E-5
       4310.6   5.000000E-5
       4310.8   5.500000E-5
        4311.   8.700000E-5
       4311.2   6.000000E-5
       4311.4   5.100000E-5
       4311.6   5.500000E-5
       4311.8   5.000000E-5
        4312.   8.000000E-5
       4312.2   5.400000E-5
       4312.4   5.800000E-5
       4312.6   8.700000E-5
       4312.8   7.200000E-5
        4313.   8.500000E-5
       4313.2   9.000000E-5
       4313.4   8.000000E-5
       4313.6   6.300000E-5
       4313.8   6.900000E-5
        4314.   9.100000E-5
       4314.2   5.100000E-5
       4314.4   1.000000E-4
       4314.6   8.100000E-5
       4314.8   1.110000E-4
        4315.   9.600000E-5
       4315.2   1.050000E-4
       4315.4   1.040000E-4
       4315.6   1.100000E-4
       4315.8   1.000000E-4
        4316.   1.140000E-4
       4316.2   1.360000E-4
       4316.4   1.080000E-4
       4316.6   1.320000E-4
       4316.8   1.350000E-4
        4317.   1.600000E-4
       4317.2   1.500000E-4
       4317.4   1.440000E-4
       4317.6   1.620000E-4
       4317.8   1.620000E-4
        4318.   1.540000E-4
       4318.2   1.860000E-4
       4318.4   1.660000E-4
       4318.6   1.910000E-4
       4318.8   1.960000E-4
        4319.   1.980000E-4
       4319.2   2.010000E-4
       4319.4   1.920000E-4
       4319.6   2.420000E-4
       4319.8   2.440000E-4
        4320.   2.230000E-4
       4320.2   2.270000E-4
       4320.4   2.500000E-4
       4320.6   2.630000E-4
       4320.8   2.500000E-4
        4321.   2.670000E-4
       4321.2   2.750000E-4
       4321.4   2.920000E-4
       4321.6   2.840000E-4
       4321.8   3.190000E-4
        4322.   3.440000E-4
       4322.2   3.590000E-4
       4322.4   3.850000E-4
       4322.6   3.800000E-4
       4322.8   3.940000E-4
        4323.   4.020000E-4
       4323.2   4.230000E-4
       4323.4   4.610000E-4
       4323.6   4.650000E-4
       4323.8   4.810000E-4
        4324.   5.190000E-4
       4324.2   5.470000E-4
       4324.4   5.570000E-4
       4324.6   5.900000E-4
       4324.8   5.900000E-4
        4325.   6.360000E-4
       4325.2   6.470000E-4
       4325.4   7.110000E-4
       4325.6   7.390000E-4
       4325.8   7.750000E-4
        4326.   8.150000E-4
       4326.2   8.630000E-4
       4326.4   9.040000E-4
       4326.6   9.270000E-4
       4326.8      0.001014
        4327.      0.001064
       4327.2      0.001118
       4327.4      0.001166
       4327.6      0.001257
       4327.8      0.001323
        4328.      0.001393
       4328.2      0.001464
       4328.4       0.00151
       4328.6      0.001628
       4328.8      0.001714
        4329.      0.001788
       4329.2      0.001872
       4329.4      0.001991
       4329.6      0.002112
       4329.8        0.0022
        4330.      0.002356
       4330.2      0.002495
       4330.4      0.002626
       4330.6       0.00276
       4330.8      0.002988
        4331.      0.003137
       4331.2      0.003304
       4331.4      0.003523
       4331.6      0.003703
       4331.8      0.003985
        4332.      0.004234
       4332.2      0.004452
       4332.4      0.004735
       4332.6      0.005051
       4332.8      0.005398
        4333.      0.005734
       4333.2       0.00607
       4333.4      0.006487
       4333.6      0.006741
       4333.8      0.007166
        4334.      0.007696
       4334.2      0.008228
       4334.4      0.008744
       4334.6      0.009294
       4334.8      0.009878
        4335.      0.010716
       4335.2      0.011557
       4335.4      0.012169
       4335.6      0.013001
       4335.8      0.013782
        4336.      0.014835
       4336.2      0.016187
       4336.4      0.017326
       4336.6      0.018483
       4336.8      0.019607
        4337.      0.021284
       4337.2      0.023143
       4337.4      0.024706
       4337.6      0.026341
       4337.8      0.028042
        4338.      0.029737
       4338.2      0.032167
       4338.4      0.035141
       4338.6      0.037476
       4338.8       0.04022
        4339.      0.043037
       4339.2      0.047009
       4339.4       0.05103
       4339.6      0.055185
       4339.8      0.058853
        4340.      0.062814
       4340.2       0.06734
       4340.4      0.073884
       4340.6      0.080399
       4340.8      0.086495
        4341.      0.092886
       4341.2       0.09954
       4341.4      0.108895
       4341.6      0.118314
       4341.8      0.125621
        4342.      0.134242
       4342.2      0.143138
       4342.4      0.153258
       4342.6      0.165486
       4342.8       0.17925
        4343.      0.191515
       4343.2      0.202841
       4343.4      0.216468
       4343.6      0.234313
       4343.8       0.25156
        4344.      0.265135
       4344.2      0.280724
       4344.4      0.294195
       4344.6      0.311481
       4344.8      0.333784
        4345.      0.352179
       4345.2      0.368604
       4345.4      0.385858
       4345.6      0.403655
       4345.8      0.424531
        4346.      0.442136
       4346.2      0.456341
       4346.4      0.470238
       4346.6      0.484641
       4346.8       0.50066
        4347.      0.517163
       4347.2      0.530666
       4347.4      0.542997
       4347.6      0.553554
       4347.8      0.564862
        4348.      0.576744
       4348.2        0.5866
       4348.4      0.593274
       4348.6      0.600484
       4348.8      0.606232
        4349.      0.613007
       4349.2       0.61901
       4349.4       0.62334
       4349.6        0.6259
       4349.8      0.629116
        4350.      0.630968
       4350.2      0.633002
       4350.4      0.634906
       4350.6      0.635328
       4350.8      0.636482
        4351.      0.635935
       4351.2      0.637219
       4351.4      0.636153
       4351.6      0.635772
       4351.8      0.636101
        4352.      0.635513
       4352.2       0.63541
       4352.4       0.63507
       4352.6       0.63411
       4352.8      0.634096
        4353.      0.633317
       4353.2      0.633312
       4353.4      0.633008
       4353.6      0.631796
       4353.8      0.632486
        4354.      0.632222
       4354.2      0.632536
       4354.4      0.632091
       4354.6      0.632703
       4354.8      0.632794
        4355.      0.632777
       4355.2        0.6336
       4355.4      0.633701
       4355.6      0.634511
       4355.8       0.63484
        4356.      0.635514
       4356.2      0.635968
       4356.4      0.637188
       4356.6      0.637939
       4356.8      0.638582
        4357.      0.640458
       4357.2      0.640575
       4357.4      0.641797
       4357.6      0.642714
       4357.8      0.643297
        4358.      0.644657
       4358.2      0.646293
       4358.4      0.647446
       4358.6      0.648714
       4358.8      0.649333
        4359.      0.650866
       4359.2      0.652555
       4359.4      0.653692
       4359.6      0.654482
       4359.8      0.655895
        4360.       0.65647
       4360.2      0.657811
       4360.4      0.659255
       4360.6      0.659422
       4360.8      0.661293
        4361.      0.661221
       4361.2      0.662743
       4361.4      0.664374
       4361.6      0.664346
       4361.8      0.664676
        4362.      0.666185
       4362.2      0.667116
       4362.4       0.66713
       4362.6      0.667402
       4362.8      0.669317
        4363.      0.668718
       4363.2      0.669325
       4363.4      0.669124
       4363.6      0.670912
       4363.8      0.670823
        4364.      0.671151
       4364.2      0.670269
       4364.4      0.671081
       4364.6       0.67091
       4364.8      0.670913
        4365.      0.670938
       4365.2      0.670698
       4365.4      0.670103
       4365.6      0.670837
       4365.8      0.670217
        4366.      0.669658
       4366.2      0.669392
       4366.4      0.668859
       4366.6      0.668279
       4366.8      0.668334
        4367.      0.667244
       4367.2      0.666758
       4367.4      0.665276
       4367.6      0.665199
       4367.8      0.664581
        4368.      0.664149
       4368.2      0.662674
       4368.4      0.661974
       4368.6      0.661276
       4368.8       0.66105
        4369.      0.660331
       4369.2      0.659375
       4369.4      0.658053
       4369.6      0.657262
       4369.8      0.656443
        4370.      0.655334
       4370.2      0.653921
       4370.4      0.653823
       4370.6      0.652388
       4370.8      0.651319
        4371.      0.650479
       4371.2      0.649043
       4371.4      0.649032
       4371.6      0.647859
       4371.8      0.646442
        4372.      0.646264
       4372.2      0.644958
       4372.4      0.644764
       4372.6      0.643437
       4372.8       0.64269
        4373.      0.642263
       4373.2      0.640999
       4373.4      0.640735
       4373.6      0.639806
       4373.8      0.639744
        4374.      0.639183
       4374.2      0.638685
       4374.4      0.638461
       4374.6      0.637893
       4374.8      0.637383
        4375.      0.636188
       4375.2      0.636868
       4375.4      0.636832
       4375.6      0.636122
       4375.8      0.635875
        4376.      0.636897
       4376.2      0.635807
       4376.4      0.637624
       4376.6      0.636946
       4376.8      0.636911
        4377.      0.637626
       4377.2      0.637754
       4377.4      0.638394
       4377.6       0.63823
       4377.8      0.639654
        4378.      0.640109
       4378.2      0.641018
       4378.4      0.641969
       4378.6      0.642185
       4378.8      0.643137
        4379.      0.643666
       4379.2      0.644958
       4379.4       0.64519
       4379.6      0.646115
       4379.8      0.646645
        4380.      0.648204
       4380.2      0.649045
       4380.4      0.649249
       4380.6      0.649416
       4380.8      0.650128
        4381.      0.650643
       4381.2      0.650721
       4381.4      0.650438
       4381.6      0.650395
       4381.8       0.64867
        4382.      0.649042
       4382.2       0.64786
       4382.4      0.646683
       4382.6      0.644058
       4382.8       0.64136
        4383.      0.638903
       4383.2       0.63599
       4383.4      0.633561
       4383.6       0.62827
       4383.8      0.621675
        4384.      0.616592
       4384.2      0.610767
       4384.4      0.603172
       4384.6      0.594904
       4384.8      0.585459
        4385.      0.576578
       4385.2      0.566525
       4385.4      0.557601
       4385.6      0.546223
       4385.8      0.534947
        4386.      0.519603
       4386.2      0.506007
       4386.4      0.492945
       4386.6      0.478713
       4386.8      0.463038
        4387.      0.444267
       4387.2      0.431829
       4387.4      0.417031
       4387.6      0.402344
       4387.8      0.388357
        4388.      0.370051
       4388.2      0.349827
       4388.4      0.335215
       4388.6      0.320758
       4388.8      0.304527
        4389.      0.287679
       4389.2      0.271849
       4389.4      0.257324
       4389.6       0.24481
       4389.8      0.233525
        4390.      0.219797
       4390.2       0.20435
       4390.4      0.192415
       4390.6      0.182289
       4390.8      0.171571
        4391.      0.160846
       4391.2      0.149704
       4391.4      0.139173
       4391.6      0.132077
       4391.8      0.124689
        4392.      0.117277
       4392.2      0.109835
       4392.4      0.101323
       4392.6      0.094432
       4392.8      0.088838
        4393.      0.083509
       4393.2      0.077515
       4393.4      0.071313
       4393.6      0.066973
       4393.8      0.062975
        4394.      0.059114
       4394.2      0.055851
       4394.4      0.052111
       4394.6       0.04815
       4394.8      0.045221
        4395.      0.042406
       4395.2      0.039784
       4395.4       0.03704
       4395.6      0.034514
       4395.8      0.032149
        4396.      0.030511
       4396.2      0.028913
       4396.4      0.027189
       4396.6      0.025234
       4396.8      0.023535
        4397.      0.022135
       4397.2      0.020949
       4397.4      0.019735
       4397.6      0.018429
       4397.8      0.017019
        4398.      0.016238
       4398.2      0.015413
       4398.4      0.014598
       4398.6      0.013711
       4398.8       0.01293
        4399.      0.011956
       4399.2       0.01135
       4399.4      0.010756
       4399.6      0.010099
       4399.8       0.00956
        4400.      0.008895
       4400.2      0.008448
       4400.4      0.007997
       4400.6      0.007656
       4400.8      0.007239
        4401.      0.006749
       4401.2      0.006348
       4401.4      0.006039
       4401.6      0.005728
       4401.8      0.005454
        4402.      0.005117
       4402.2      0.004837
       4402.4      0.004618
       4402.6      0.004409
       4402.8      0.004167
        4403.      0.003955
       4403.2      0.003697
       4403.4      0.003556
       4403.6      0.003342
       4403.8      0.003183
        4404.      0.003034
       4404.2      0.002879
       4404.4       0.00274
       4404.6      0.002559
       4404.8      0.002461
        4405.      0.002373
       4405.2      0.002233
       4405.4      0.002095
       4405.6      0.002031
       4405.8      0.001959
        4406.      0.001825
       4406.2      0.001722
       4406.4      0.001644
       4406.6      0.001564
       4406.8      0.001534
        4407.      0.001451
       4407.2       0.00139
       4407.4      0.001332
       4407.6      0.001266
       4407.8       0.00119
        4408.       0.00115
       4408.2      0.001087
       4408.4      0.001045
       4408.6      0.001007
       4408.8   9.560000E-4
        4409.   9.000000E-4
       4409.2   8.730000E-4
       4409.4   8.530000E-4
       4409.6   7.680000E-4
       4409.8   7.760000E-4
        4410.   7.130000E-4
       4410.2   6.940000E-4
       4410.4   7.040000E-4
       4410.6   6.510000E-4
       4410.8   6.220000E-4
        4411.   5.930000E-4
       4411.2   5.650000E-4
       4411.4   5.620000E-4
       4411.6   5.130000E-4
       4411.8   4.990000E-4
        4412.   4.960000E-4
       4412.2   4.620000E-4
       4412.4   4.420000E-4
       4412.6   4.260000E-4
       4412.8   4.080000E-4
        4413.   4.000000E-4
       4413.2   3.800000E-4
       4413.4   3.640000E-4
       4413.6   3.630000E-4
       4413.8   3.200000E-4
        4414.   3.440000E-4
       4414.2   3.130000E-4
       4414.4   2.810000E-4
       4414.6   2.850000E-4
       4414.8   2.770000E-4
        4415.   2.660000E-4
       4415.2   2.730000E-4
       4415.4   2.590000E-4
       4415.6   2.420000E-4
       4415.8   2.290000E-4
        4416.   2.140000E-4
       4416.2   2.160000E-4
       4416.4   2.030000E-4
       4416.6   2.040000E-4
       4416.8   2.000000E-4
        4417.   1.900000E-4
       4417.2   1.760000E-4
       4417.4   1.650000E-4
       4417.6   1.750000E-4
       4417.8   1.540000E-4
        4418.   1.510000E-4
       4418.2   1.480000E-4
       4418.4   1.570000E-4
       4418.6   1.300000E-4
       4418.8   1.230000E-4
        4419.   1.350000E-4
       4419.2   1.160000E-4
       4419.4   1.070000E-4
       4419.6   9.500000E-5
       4419.8   1.090000E-4
        4420.   1.060000E-4
       4420.2   1.220000E-4
       4420.4   9.100000E-5
       4420.6   1.030000E-4
       4420.8   8.900000E-5
        4421.   8.100000E-5
       4421.2   1.140000E-4
       4421.4   8.000000E-5
       4421.6   7.200000E-5
       4421.8   8.500000E-5
        4422.   7.800000E-5
       4422.2   6.700000E-5
       4422.4   8.400000E-5
       4422.6   8.800000E-5
       4422.8   5.600000E-5
        4423.   6.200000E-5
       4423.2   7.200000E-5
       4423.4   5.200000E-5
       4423.6   4.700000E-5
       4423.8   6.100000E-5
        4424.   5.500000E-5
       4424.2   5.400000E-5
       4424.4   5.800000E-5
       4424.6   3.500000E-5
       4424.8   3.300000E-5
        4425.   4.900000E-5
       4425.2   3.900000E-5
       4425.4   4.100000E-5
       4425.6   4.600000E-5
       4425.8   3.000000E-5
        4426.   4.900000E-5
       4426.2   5.600000E-5
       4426.4   3.700000E-5
       4426.6   3.200000E-5
       4426.8   7.000000E-5
        4427.   2.400000E-5
       4427.2   4.100000E-5
       4427.4   4.500000E-5
       4427.6   5.700000E-5
       4427.8   4.300000E-5
        4428.   2.600000E-5
       4428.2   4.200000E-5
       4428.4   2.300000E-5
       4428.6   2.500000E-5
       4428.8   3.500000E-5
        4429.   3.300000E-5
        4490.   1.036930E-5
        4500.   8.590690E-6
        4510.   7.850860E-6
        4520.   7.350230E-6
        4530.   6.919900E-6
        4540.   6.493080E-6
        4550.   6.094260E-6
        4560.   5.776930E-6
        4570.   5.435430E-6
        4580.   5.144630E-6
        4590.   4.645140E-6
        4600.   3.998910E-6
        4610.   3.355640E-6
        4620.   2.655740E-6
        4630.   1.919550E-6
        4640.   1.360540E-6
        4650.   8.853150E-7
        4660.   5.873960E-7
        4670.   4.211630E-7
        4680.   2.547710E-7
        4690.   2.404310E-7
        4700.   1.879260E-7
        4710.   1.377580E-7
        4720.   1.372940E-7
        4730.   1.740090E-7
        4740.   1.047850E-7
        4750.   1.549040E-7
        4760.   1.080540E-7
        4770.   1.364500E-7
        4780.   1.149300E-7
        4790.   1.096640E-7
        4800.   1.094570E-7
        4810.   1.173930E-7
        4820.   1.157730E-7
        4830.   8.905430E-8
        4840.   9.844660E-8
        4850.   1.618750E-7
        4860.   1.115770E-7
        4870.   1.125740E-7
        4880.   1.007360E-7
        4890.   7.043990E-8
        4900.   1.030070E-7
        4910.   1.056190E-7
        4920.   8.893010E-8
        4930.   1.099790E-7
        4940.   1.513690E-7
        4950.   1.173130E-7
        4960.   7.125530E-8
        4970.   1.180170E-7
        4980.   1.276450E-7
        4990.   1.251150E-7
        5000.   9.024310E-8
        5010.   9.744820E-8
        5020.   7.912760E-8
        5030.   1.068710E-7
        5040.   1.364560E-7
        5050.   7.909530E-8
        5060.   1.406430E-7
        5070.   1.954750E-7
        5080.   2.875200E-7
        5090.   4.500680E-7
        5100.   6.067250E-7
        5110.   7.754680E-7
        5120.   7.572770E-7
        5130.   6.803760E-7
        5140.   5.321680E-7
        5150.   4.208590E-7
        5160.   3.611210E-7
        5170.   3.367470E-7
        5180.   3.724620E-7
        5190.   3.686840E-7
        5200.   3.657130E-7
        5210.   2.931030E-7
        5220.   2.541980E-7
        5230.   2.829550E-7
        5240.   2.673150E-7
        5250.   3.017230E-7
        5260.   3.003750E-7
        5270.   2.904960E-7
        5280.   3.103900E-7
        5290.   1.852110E-7
        5300.   1.958210E-7
        5310.   1.535330E-7
        5320.   1.940840E-7
        5330.   1.188180E-7
        5340.   1.701280E-7
        5350.   1.599080E-7
        5360.   1.285240E-7
        5370.   1.160850E-7
        5380.   1.256030E-7
        5390.   1.046300E-7
        5400.   1.309890E-7
        5410.   9.687950E-8
        5420.   1.256420E-7
        5430.   9.914390E-8
        5440.   1.174600E-7
        5450.   1.223730E-7
        5460.   1.514800E-7
        5470.   9.733740E-8
        5480.   1.256250E-7
        5490.   1.124690E-7
        5500.   1.689640E-7
        5510.   1.537320E-7
        5520.   1.536070E-7
        5530.   1.480600E-7
        5540.   1.899250E-7
        5550.   2.057370E-7
        5560.   1.799260E-7
        5570.   1.616480E-7
        5580.   1.850260E-7
        5590.   1.262320E-7
        5600.   1.529060E-7
        5610.   1.521640E-7
        5620.   1.697710E-7
        5630.   1.263240E-7
        5640.   1.719430E-7
        5650.   1.063470E-7
        5660.   1.609510E-7
        5670.   1.515610E-7
        5680.   1.036940E-7
        5690.   1.161200E-7
        5700.   1.283380E-7
        5710.   9.859440E-8
        5720.   1.404600E-7
        5730.   1.222690E-7
        5740.   1.295200E-7
        5750.   1.154210E-7
        5760.   1.132500E-7
        5770.   1.032660E-7
        5780.   1.246680E-7
        5790.   1.223670E-7
        5800.   1.223380E-7
        5810.   7.951110E-8
        5820.   9.522450E-8
        5830.   1.139200E-7
        5840.   8.882780E-8
        5850.   9.942600E-8
        5860.   1.213170E-7
        5870.   1.133490E-7
        5880.   9.637050E-8
        5890.   8.748370E-8
        5900.   1.322130E-7
        5910.   1.516690E-7
        5920.   2.446380E-7
        5930.   3.343890E-7
        5940.   4.025100E-7
        5950.   4.066270E-7
        5960.   3.946160E-7
        5970.   3.205150E-7
        5980.   2.321320E-7
        5990.   1.983070E-7
        6000.   1.165140E-7
        6010.   1.414260E-7
        6020.   1.325320E-7
        6030.   1.103540E-7
        6040.   1.662170E-7
        6050.   1.131860E-7
        6060.   1.906730E-7
        6070.   2.411470E-7
        6080.   3.325470E-7
        6090.   3.914470E-7
        6100.   4.805030E-7
        6110.   4.718140E-7
        6120.   4.601280E-7
        6130.   3.674150E-7
        6140.   2.809220E-7
        6150.   1.974750E-7
        6160.   1.679270E-7
        6170.   1.792650E-7
        6180.   1.127190E-7
        6190.   1.293140E-7
        6200.   1.187840E-7
        6210.   1.210160E-7
        6220.   1.204890E-7
        6230.   1.322750E-7
        6240.   1.179630E-7
        6250.   1.287750E-7
        6260.   1.334690E-7
        6270.   1.124990E-7
        6280.   1.108680E-7
        6290.   1.795850E-7
        6300.   1.893920E-7
        6310.   1.896230E-7
        6320.   1.662640E-7
        6330.   1.318520E-7
        6340.   1.605070E-7
        6350.   1.274050E-7
        6360.   9.668950E-8
        6370.   1.104120E-7
        6380.   1.302310E-7
        6390.   1.019470E-7
        6400.   1.279980E-7
        6410.   7.710150E-8
        6420.   7.701840E-8
        6430.   1.409560E-7
        6440.   8.641120E-8
        6450.   9.810130E-8
        6460.   1.335220E-7
        6470.   1.346710E-7
        6480.   5.329210E-8
        6490.   1.049020E-7
        6500.   9.402990E-8
        6510.   1.330800E-7
        6520.   1.305020E-7
        6530.   9.771560E-8
        6540.   1.257600E-7
        6550.   1.280530E-7
        6560.   1.752950E-7
        6570.   1.549040E-7
        6580.   1.176940E-7
        6590.   1.069720E-7
        6600.   1.221070E-7
        6610.   7.219380E-8
        6620.   1.319310E-7
        6630.   1.542570E-7
        6640.   7.054480E-8
        6650.   1.150530E-7
        6660.   1.189530E-7
        6670.   1.119760E-7
        6680.   1.131370E-7
        6690.   9.786810E-8
        6700.   1.073930E-7
        6710.   1.440760E-7
        6720.   1.383780E-7
        6730.   8.449260E-8
        6740.   8.235540E-8
        6750.   1.062610E-7
        6760.   8.031320E-8
        6770.   1.398680E-7
        6780.   1.186750E-7
        6790.   1.510360E-7
        6800.   1.025080E-7
        6810.   1.504590E-7
        6820.   1.173720E-7
        6830.   9.092950E-8
        6840.   1.242520E-7
        6850.   1.143070E-7
        6860.   1.099890E-7
        6870.   8.816840E-8
        6880.   1.543820E-7
        6890.   5.498180E-8
        6900.   9.844940E-8
        6910.   1.472870E-7
        6920.   1.295290E-7
        6930.   1.080970E-7
        6940.   8.794570E-8
        6950.   1.190870E-7
        6960.   9.001530E-8
        6970.   9.259640E-8
        6980.   8.354360E-8
        6990.   1.419050E-7
        7000.   1.000980E-7
        7010.   1.035080E-7
        7020.   1.096310E-7
        7030.   6.863000E-8
        7040.   1.363550E-7
        7050.   1.163950E-7
        7060.   1.223590E-7
        7070.   1.154540E-7
        7080.   7.183530E-8
        7090.   1.290620E-7
        7100.   9.274210E-8
        7110.   1.091200E-7
        7120.   6.209750E-8
        7130.   1.070190E-7
        7140.   8.016100E-8
        7150.   1.197170E-7
        7160.   1.049350E-7
        7170.   9.527590E-8
        7180.   8.002350E-8
        7190.   7.207600E-8
        7200.   2.791950E-8
        7210.   6.529710E-8
        7220.   1.057620E-7
        7230.   8.954160E-8
        7240.   8.112080E-8
        7250.   5.032900E-8
        7260.   6.092210E-8
        7270.   5.871810E-8
        7280.   1.059640E-7
        7290.   5.957360E-8
        7300.   6.614090E-8
        7310.   4.369930E-8
        7320.   5.050110E-8
        7330.   8.684230E-8
        7340.   9.404700E-8
        7350.   7.059130E-8
        7360.   9.808300E-8
        7370.   1.087960E-7
        7380.   9.746190E-8
        7390.   6.390340E-8
        7400.   8.006720E-8
        7410.   4.858330E-8
        7420.   3.599380E-8
        7430.   6.568280E-8
        7440.   7.059990E-8
        7450.   5.118990E-8
        7460.   4.247930E-8
        7470.   7.900710E-8
        7480.   4.354070E-8
        7490.   1.047210E-7
        7500.   6.440510E-8
        7510.   7.837830E-8
        7520.   6.591150E-8
        7530.   9.457100E-8
        7540.   1.046460E-7
        7550.   8.624910E-8
        7560.   5.206070E-8
        7570.   1.150000E-7
        7580.   9.226730E-8
        7590.   1.078260E-7
        7600.   5.161740E-8
        7610.   8.958090E-8
        7620.   1.250050E-7
        7630.   1.353770E-7
        7640.   9.742240E-8
        7650.   1.176130E-7
        7660.   1.031950E-7
        7670.   1.314010E-7
        7680.   9.001810E-8
        7690.   7.987350E-8
        7700.   9.684570E-8
        7710.   6.581050E-8
        7720.   1.268020E-7
        7730.   8.772610E-8
        7740.   1.619440E-7
        7750.   1.133780E-7
        7760.   1.405240E-7
        7770.   1.107880E-7
        7780.   9.797850E-8
        7790.   9.460300E-8
        7800.   8.045830E-8
        7810.   5.566490E-8
        7820.   1.506590E-7
        7830.   1.259020E-7
        7840.   1.512940E-7
        7850.   8.031360E-8
        7860.   1.059570E-7
        7870.   8.126020E-8
        7880.   1.345600E-7
        7890.   1.117080E-7
        7900.   1.313920E-7
        7910.   1.388000E-7
        7920.   8.868500E-8
        7930.   1.072300E-7
        7940.   8.455440E-8
        7950.   9.732960E-8
        7960.   1.229730E-7
        7970.   6.955980E-8
        7980.   7.357800E-8
        7990.   1.306310E-7
        8000.   1.961320E-7
        8010.   1.300830E-7
        8020.   1.627280E-7
        8030.   1.804390E-7
        8040.   9.706020E-8
        8050.   1.547330E-7
        8060.   1.459360E-7
        8070.   1.354510E-7
        8080.   1.385680E-7
        8090.   1.660240E-7
        8100.   1.857590E-7
        8110.   1.543400E-7
        8120.   1.185930E-7
        8130.   9.561040E-8
        8140.   1.515290E-7
        8150.   1.314500E-7
        8160.   1.396490E-7
        8170.   1.545700E-7
        8180.   2.057330E-7
        8190.   1.579770E-7
        8200.   1.443210E-7
        8210.   1.705580E-7
        8220.   1.723490E-7
        8230.   1.439380E-7
        8240.   1.763870E-7
        8250.   2.067420E-7
        8260.   1.319750E-7
        8270.   1.423840E-7
        8280.   1.261960E-7
        8290.   1.855650E-7
        8300.   1.868490E-7
        8310.   1.526240E-7
        8320.   1.582030E-7
        8330.   1.379360E-7
        8340.   8.781710E-8
        8350.   1.630330E-7
        8360.   1.588040E-7
        8370.   1.159700E-7
        8380.   1.725090E-7
        8390.   1.505470E-7
        8400.   1.544720E-7
        8410.   1.371240E-7
        8420.   1.522530E-7
        8430.   1.401200E-7
        8440.   1.496610E-7
        8450.   1.178260E-7
        8460.   1.065640E-7
        8470.   1.567470E-7
        8480.   1.484560E-7
        8490.   1.105140E-7
        8500.  1.000230E-10
        8510.   1.560770E-6
        8520.  1.000230E-10
        8530.   2.380950E-6
        8540.   7.162160E-7
        8550.  1.000230E-10
        8560.  1.000230E-10
        8570.   1.851290E-7
        8580.   3.129420E-6
        8590.   2.074720E-6
        8600.  1.000230E-10
        8610.  1.000230E-10
        8620.  1.000230E-10
        8630.  1.000230E-10
        8640.  1.000230E-10
        8650.  1.000230E-10
        8660.  1.000230E-10
        8670.   3.182780E-6
        8680.   2.268140E-6
        8690.  1.000230E-10
        8700.   5.525880E-7
        8710.  1.000230E-10
        8720.   3.368320E-7
        8730.   1.894100E-6
        8740.   9.331060E-7
        8750.  1.000230E-10
        8760.   3.002780E-6
        8770.  1.000230E-10
        8780.  1.000230E-10
        8790.  1.000230E-10
        8800.   8.234130E-7
        8810.  1.000230E-10
        8820.   3.373410E-7
        8830.  1.000230E-10
        8840.  1.000230E-10
        8850.  1.000230E-10
        8860.   4.391140E-7
        8870.  1.000230E-10
        8880.  1.000230E-10
        8890.  1.000230E-10
        8900.  1.000230E-10
        8910.   5.041080E-7
        8920.   1.566170E-6
        8930.  1.000230E-10
        8940.   1.864260E-8
        8950.  1.000230E-10
        8960.  1.000230E-10
        8970.   1.569710E-7
        8980.  1.000230E-10
        8990.   6.186080E-7
        9000.  1.000230E-10
        9010.  1.000230E-10
        9020.  1.000230E-10
        9030.  1.000230E-10
        9040.  1.000230E-10
        9050.  1.000230E-10
        9060.  1.000230E-10
        9070.  1.000230E-10
        9080.  1.000230E-10
        9090.   1.342820E-6
        9100.  1.000230E-10
        9110.   9.861030E-7
        9120.   1.348200E-7
        9130.   1.594930E-6
        9140.   6.311460E-7
        9150.  1.000230E-10
        9160.  1.000230E-10
        9170.   1.117970E-6
        9180.   2.845610E-7
        9190.  1.000230E-10
        9200.  1.000230E-10
        9210.  1.000230E-10
        9220.  1.000230E-10
        9230.  1.000230E-10
        9240.  1.000230E-10
        9250.  1.000230E-10
        9260.   1.691160E-8
        9270.  1.000230E-10
        9280.  1.000230E-10
        9290.  1.000230E-10
        9300.  1.000230E-10
        9310.   4.580740E-7
        9320.  1.000230E-10
        9330.  1.000230E-10
        9340.  1.000230E-10
        9350.   1.004430E-7
        9360.  1.000230E-10
        9370.   5.875020E-7
        9380.   4.833330E-8
        9390.   2.442490E-7
        9400.  1.000230E-10
        9410.  1.000230E-10
        9420.   6.627750E-8
        9430.   8.953010E-8
        9440.  1.000230E-10
        9450.  1.000230E-10
        9460.  1.000230E-10
        9470.   7.027100E-7
        9480.  1.000230E-10
        9490.  1.000230E-10
        9500.   4.005420E-7
        9510.  1.000230E-10
        9520.   3.785070E-7
        9530.  1.000230E-10
        9540.  1.000230E-10
        9550.  1.000230E-10
        9560.  1.000230E-10
        9570.  1.000230E-10
        9580.   8.719130E-8
        9590.  1.000230E-10
        9600.   8.393670E-8
        9610.   3.813760E-7
        9620.  1.000230E-10
        9630.  1.000230E-10
        9640.  1.000230E-10
        9650.  1.000230E-10
        9660.  1.000230E-10
        9670.  1.000230E-10
        9680.  1.000230E-10
        9690.  1.000230E-10
        9700.  1.000230E-10
        9710.  1.000230E-10
        9720.  1.000230E-10
        9730.  1.000230E-10
        9740.   3.909520E-7
        9750.  1.000230E-10
        9760.  1.000230E-10
        9770.  1.000230E-10
        9780.  1.000230E-10
        9790.   2.108290E-7
        9800.  1.000230E-10
        9810.  1.000230E-10
        9820.  1.000230E-10
        9830.  1.000230E-10
        9840.   6.033270E-8
        9850.  1.000230E-10
        9860.  1.000230E-10
        9870.  1.000230E-10
        9880.  1.000230E-10
        9890.   4.627010E-7
        9900.  1.000230E-10
        9910.  1.000230E-10
        9920.  1.000230E-10
        9930.  1.000230E-10
        9940.  1.000230E-10
        9950.  1.000230E-10
        9960.  1.000230E-10
        9970.  1.000230E-10
        9980.   1.025130E-7
        9990.  1.000230E-10
       10000.  1.000230E-10
       10010.  1.000230E-10
       10020.  1.000230E-10
       10030.  1.000230E-10
       10040.   1.538190E-8
       10050.  1.000230E-10
       10060.  1.000230E-10
       10070.  1.000230E-10
       10080.  1.000230E-10
       10090.  1.000230E-10
       10100.  1.000230E-10
       10110.  1.000230E-10
       10120.  1.000230E-10
       10130.   2.951180E-7
       10140.  1.000230E-10
       10150.  1.000230E-10
       10160.  1.000230E-10
       10170.  1.000230E-10
       10180.  1.000230E-10
       10190.  1.000230E-10
       10200.  1.000230E-10
       10210.  1.000230E-10
       10220.  1.000230E-10
       10230.  1.000230E-10
       10240.  1.000230E-10
       10250.  1.000230E-10
       10260.  1.000230E-10
       10270.  1.000230E-10
       10280.  1.000230E-10
       10290.  1.000230E-10
       10300.  1.000230E-10
       10310.  1.000230E-10
       10320.   1.734170E-7
       10330.  1.000230E-10
       10340.  1.000230E-10
       10350.   2.731220E-8
       10360.  1.000230E-10
       10370.  1.000230E-10
       10380.   9.011540E-8
       10390.   1.561170E-7
       10400.  1.000230E-10
       10410.  1.000230E-10
       10420.   6.775010E-8
       10430.  1.000230E-10
       10440.  1.000230E-10
       10450.   9.530660E-8
       10460.  1.000230E-10
       10470.   1.226890E-8
       10480.   1.149240E-8
       10490.   1.249670E-8
       10500.  1.000230E-10
       10510.  1.000230E-10
       10520.   9.418070E-8
       10530.  1.000230E-10
       10540.   9.580460E-8
       10550.  1.000230E-10
       10560.  1.000230E-10
       10570.  1.000230E-10
       10580.  1.000230E-10
       10590.  1.000230E-10
       10600.  1.000230E-10
       10610.  1.000230E-10
       10620.   2.079640E-9
       10630.  1.000230E-10
       10640.  1.000230E-10
       10650.  1.000230E-10
       10660.  1.000230E-10
       10670.   4.717440E-8
       10680.  1.000230E-10
       10690.  1.000230E-10
       10700.   6.057840E-8
       10710.  1.000230E-10
       10720.  1.000230E-10
       10730.   2.047810E-7
       10740.  1.000230E-10
       10750.  1.000230E-10
       10760.  1.000230E-10
       10770.  1.000230E-10
       10780.  1.000230E-10
       10790.  1.000230E-10
       10800.  1.000230E-10
       10810.  1.000230E-10
       10820.  1.000230E-10
       10830.  1.000230E-10
       10840.  1.000230E-10
       10850.  1.000230E-10
       10860.  1.000230E-10
       10870.  1.000230E-10
       10880.  1.000230E-10
       10890.  1.000230E-10
       10900.  1.000230E-10
       10910.  1.000230E-10
       10920.  1.000230E-10
       10930.  1.000230E-10
       10940.  1.000230E-10
       10950.   5.293230E-9
       10960.  1.000230E-10
       10970.  1.000230E-10
       10980.  1.000230E-10
       10990.  1.000230E-10
       11000.  1.000230E-10
       11001.            0.
       11002.            0.
