        1938.            0.
        1939.            0.
        1940.  1.000230E-10
        1950.  1.000230E-10
        1960.   1.812140E-8
        1970.   4.230360E-8
        1980.   2.100420E-8
        1990.   5.181560E-9
        2000.  1.000230E-10
        2010.   4.639660E-8
        2020.   2.512710E-8
        2030.   1.467780E-8
        2040.  1.000230E-10
        2050.   2.452500E-8
        2060.   3.064740E-8
        2070.  1.000230E-10
        2080.  1.000230E-10
        2090.   1.886090E-8
        2100.   4.766450E-9
        2110.   1.400110E-8
        2120.   3.009710E-8
        2130.   3.016440E-8
        2140.   1.783470E-8
        2150.   3.708470E-8
        2160.   1.871470E-8
        2170.   2.595750E-8
        2180.   2.684200E-8
        2190.   2.076270E-8
        2200.   9.342840E-9
        2210.   4.813000E-8
        2220.   3.056330E-8
        2230.   1.594770E-8
        2240.   3.606410E-8
        2250.   3.637070E-8
        2260.   4.433740E-8
        2270.   4.408480E-8
        2280.   2.744020E-8
        2290.   6.432870E-8
        2300.   6.210950E-8
        2310.   2.414090E-8
        2320.   5.268840E-8
        2330.   2.236110E-8
        2340.   3.562430E-8
        2350.   2.869950E-8
        2360.   1.686060E-8
        2370.   4.524870E-8
        2380.   4.440550E-8
        2390.   9.509530E-9
        2400.   3.201190E-8
        2410.   3.844780E-8
        2420.   3.206570E-8
        2430.   2.275870E-8
        2440.   2.029200E-8
        2450.   2.549240E-8
        2460.   3.711390E-8
        2470.   2.855300E-8
        2480.   7.361680E-9
        2490.   2.878500E-8
        2500.   5.392770E-8
        2510.   2.577330E-8
        2520.   3.997910E-8
        2530.   5.776370E-8
        2540.   1.683310E-8
        2550.   2.683450E-8
        2560.   4.632610E-8
        2570.   4.901920E-8
        2580.   3.327160E-8
        2590.   4.083680E-8
        2600.   3.780830E-8
        2610.   3.395880E-8
        2620.   3.710000E-8
        2630.   3.333030E-8
        2640.   1.753170E-8
        2650.   2.955450E-8
        2660.   4.936540E-8
        2670.   2.910680E-8
        2680.   1.254160E-8
        2690.   6.306150E-8
        2700.   2.939180E-8
        2710.   3.332060E-8
        2720.   5.205780E-9
        2730.   4.631670E-8
        2740.   2.599250E-8
        2750.   5.738340E-9
        2760.   2.259190E-8
        2770.   9.905670E-9
        2780.   1.953390E-8
        2790.   3.093910E-8
        2800.   5.069290E-8
        2810.  5.245610E-10
        2820.  1.000230E-10
        2830.  1.000230E-10
        2840.   1.102320E-9
        2850.   1.004590E-8
        2860.  1.000230E-10
        2870.   3.846070E-8
        2880.   3.329350E-8
        2890.   6.319270E-8
        2900.   1.104710E-7
        2910.   1.057910E-7
        2920.   1.223290E-7
        2930.   2.112180E-7
        2940.   3.041800E-7
        2950.   3.486610E-7
        2960.   4.855320E-7
        2970.   6.485320E-7
        2980.   7.603440E-7
        2990.   9.030840E-7
        3000.   1.081630E-6
        3010.   1.150400E-6
        3020.   1.271720E-6
        3030.   1.494990E-6
        3040.   1.618990E-6
        3050.   1.713130E-6
        3060.   1.906380E-6
        3070.   1.920900E-6
        3080.   1.869300E-6
        3090.   1.782270E-6
        3100.   1.688970E-6
        3110.   1.618090E-6
        3120.   1.510580E-6
        3130.   1.460870E-6
        3140.   1.489140E-6
        3150.   1.427830E-6
        3160.   1.437500E-6
        3170.   1.342540E-6
        3180.   1.289560E-6
        3190.   1.227260E-6
        3200.   1.119820E-6
        3210.   1.053380E-6
        3220.   9.213590E-7
        3230.   7.436320E-7
        3240.   7.553650E-7
        3250.   6.036040E-7
        3260.   6.207860E-7
        3270.   6.020550E-7
        3280.   5.292400E-7
        3290.   5.502110E-7
        3300.   5.234640E-7
        3310.   5.783460E-7
        3320.   4.894500E-7
        3330.   4.808410E-7
        3340.   4.209780E-7
        3350.   3.749800E-7
        3360.   3.769850E-7
        3370.   3.438210E-7
        3380.   3.349160E-7
        3390.   2.651750E-7
        3400.   3.346890E-7
        3410.   2.719860E-7
        3420.   3.034270E-7
        3430.   2.307590E-7
        3440.   2.319050E-7
        3450.   1.947260E-7
        3460.   2.678000E-7
        3470.   2.026910E-7
        3480.   1.859510E-7
        3490.   1.949590E-7
        3500.   1.281130E-7
        3510.   1.343450E-7
        3520.   1.665620E-7
        3530.   1.357010E-7
        3540.   1.313140E-7
        3550.   9.471700E-8
        3560.   1.627660E-7
        3570.   2.018740E-7
        3580.   2.857900E-7
        3590.   3.837220E-7
        3600.   3.738740E-7
        3610.   4.440850E-7
        3620.   4.439800E-7
        3630.   4.201760E-7
        3640.   5.223670E-7
        3650.   4.810680E-7
        3660.   4.162030E-7
        3670.   4.988230E-7
        3680.   5.103510E-7
        3690.   4.245640E-7
        3700.   4.406920E-7
        3710.   4.339440E-7
        3720.   3.908340E-7
        3730.   4.053090E-7
        3740.   4.307320E-7
        3750.   4.156440E-7
        3760.   3.796700E-7
        3770.   3.494500E-7
        3780.   3.415700E-7
        3790.   3.843840E-7
        3800.   3.375620E-7
        3810.   3.779890E-7
        3820.   3.893750E-7
        3830.   3.354620E-7
        3840.   4.094840E-7
        3850.   3.494470E-7
        3860.   3.877470E-7
        3870.   4.059990E-7
        3880.   3.548350E-7
        3890.   3.266710E-7
        3900.   3.262560E-7
        3910.   3.206900E-7
        3920.   3.357910E-7
        3930.   3.597290E-7
        3940.   3.005090E-7
        3950.   3.386900E-7
        3960.   3.060900E-7
        3970.   2.940190E-7
        3980.   2.688620E-7
        3990.   2.803060E-7
        4000.   2.856260E-7
        4010.   3.045980E-7
        4020.   3.248360E-7
        4030.   3.425030E-7
        4040.   3.249050E-7
        4050.   3.401500E-7
        4060.   3.577690E-7
        4070.   4.041280E-7
        4080.   3.795250E-7
        4090.   3.938790E-7
        4100.   3.506040E-7
        4110.   3.874950E-7
        4120.   3.624980E-7
        4130.   3.714570E-7
        4140.   4.086710E-7
        4150.   4.248110E-7
        4160.   3.868670E-7
        4170.   4.069310E-7
        4180.   3.589290E-7
        4190.   3.358020E-7
        4200.   4.059760E-7
        4210.   3.503500E-7
        4220.   3.703810E-7
        4230.   3.097150E-7
        4240.   3.126010E-7
        4250.   3.510560E-7
        4260.   2.798210E-7
        4270.   3.021680E-7
        4280.   2.468680E-7
        4290.   2.657870E-7
        4300.   2.064440E-7
        4310.   2.599860E-7
        4320.   2.172760E-7
        4330.   3.220300E-7
        4340.   3.475910E-7
        4350.   4.302360E-7
        4360.   4.717770E-7
        4370.   4.460070E-7
        4380.   4.643570E-7
        4390.   4.607610E-7
        4400.   4.217130E-7
        4410.   4.068370E-7
        4420.   4.941680E-7
        4430.   4.289730E-7
        4440.   5.097170E-7
        4450.   5.001220E-7
        4460.   5.218060E-7
        4470.   5.161560E-7
        4480.   5.401470E-7
        4490.   5.799290E-7
        4500.   5.911690E-7
        4510.   5.862750E-7
        4520.   5.768090E-7
        4530.   6.025170E-7
        4540.   6.132580E-7
        4550.   6.305660E-7
        4560.   6.599180E-7
        4570.   5.889460E-7
        4580.   6.028540E-7
        4590.   5.904430E-7
        4600.   6.111790E-7
        4610.   6.731110E-7
        4620.   6.235410E-7
        4630.   7.132460E-7
        4640.   6.635810E-7
        4650.   6.638280E-7
        4660.   6.735980E-7
        4670.   5.992180E-7
        4680.   6.303910E-7
        4690.   5.397740E-7
        4700.   5.431590E-7
        4710.   4.503470E-7
        4720.   3.819240E-7
        4730.   4.254680E-7
        4740.   3.936180E-7
        4750.   4.624480E-7
        4760.   4.849690E-7
        4770.   5.049170E-7
        4780.   5.827970E-7
        4790.   5.543350E-7
        4800.   5.854540E-7
        4810.   5.747340E-7
        4820.   5.887500E-7
        4830.   5.649980E-7
        4840.   5.766180E-7
        4850.   5.239550E-7
        4860.   5.029630E-7
        4870.   4.169270E-7
        4880.   3.595320E-7
        4890.   2.935620E-7
        4900.   2.830700E-7
        4910.   3.503610E-7
        4920.   3.895200E-7
        4930.   5.325240E-7
        4940.   6.011920E-7
        4950.   7.027110E-7
        4960.   7.847480E-7
        4970.   7.445810E-7
        4980.   7.151510E-7
        4990.   6.612720E-7
        5000.   7.230730E-7
        5010.   7.116100E-7
        5020.   8.189210E-7
        5030.   8.967370E-7
        5040.   9.181740E-7
        5050.   9.391870E-7
        5060.   9.284610E-7
        5070.   9.055910E-7
        5080.   8.947770E-7
        5090.   8.630920E-7
        5100.   8.775010E-7
        5110.   8.995830E-7
        5120.   9.550080E-7
        5130.   1.019160E-6
        5140.   1.051290E-6
        5150.   1.006370E-6
        5160.   1.036550E-6
        5170.   9.976790E-7
        5180.   9.736390E-7
        5190.   8.994390E-7
        5200.   9.101060E-7
        5210.   9.222190E-7
        5220.   9.474540E-7
        5230.   9.544740E-7
        5240.   1.043280E-6
        5250.   1.099710E-6
        5260.   1.146100E-6
        5270.   1.102160E-6
        5280.   1.079980E-6
        5290.   1.065180E-6
        5300.   1.100780E-6
        5310.   1.088860E-6
        5320.   1.161630E-6
        5330.   1.283540E-6
        5340.   1.364570E-6
        5350.   1.436300E-6
        5360.   1.432070E-6
        5370.   1.464310E-6
        5380.   1.368960E-6
        5390.   1.213180E-6
        5400.   1.135850E-6
        5410.   1.108380E-6
        5420.   1.047820E-6
        5430.   1.011100E-6
        5440.   1.077990E-6
        5450.   1.151210E-6
        5460.   1.209110E-6
        5470.   1.322990E-6
        5480.   1.384180E-6
        5490.   1.320550E-6
        5500.   1.126500E-6
        5510.   9.201040E-7
        5520.   7.498230E-7
        5530.   5.781510E-7
        5540.   4.504200E-7
        5550.   3.324380E-7
        5560.   3.531900E-7
        5570.   3.262480E-7
        5580.   5.025240E-7
        5590.   6.526600E-7
        5600.   9.016150E-7
        5610.   9.487440E-7
        5620.   1.041380E-6
        5630.   9.470050E-7
        5640.   8.138980E-7
        5650.   7.122130E-7
        5660.   5.982970E-7
        5670.   6.632510E-7
        5680.   8.039030E-7
        5690.   9.520050E-7
        5700.   1.067670E-6
        5710.   1.030390E-6
        5720.   8.608650E-7
        5730.   7.803040E-7
        5740.   7.444890E-7
        5750.   6.899440E-7
        5760.   7.849550E-7
        5770.   8.600050E-7
        5780.   8.888940E-7
        5790.   7.513040E-7
        5800.   6.178580E-7
        5810.   4.405570E-7
        5820.   2.799450E-7
        5830.   1.758750E-7
        5840.   1.675660E-7
        5850.   1.251660E-7
        5860.   8.510120E-8
        5870.   4.686320E-8
        5880.   6.841730E-8
        5890.   8.533180E-8
        5900.   5.776840E-8
        5910.   8.780920E-8
        5920.   1.039080E-7
        5930.   5.721110E-8
        5940.   9.517480E-8
        5950.   7.872700E-8
        5960.   6.884410E-8
        5970.   7.568860E-8
        5980.   6.830900E-8
        5990.   3.296800E-8
        6000.   6.639380E-8
        6010.   4.037150E-8
        6020.   3.334990E-8
        6030.   8.302140E-8
        6040.   7.085770E-8
        6050.   7.493780E-8
        6060.   4.866830E-8
        6070.   3.030650E-8
        6080.   8.281830E-8
        6090.   7.106250E-8
        6100.   3.067310E-8
        6110.   5.408230E-8
        6120.   3.801600E-8
        6130.   1.203710E-8
        6140.   8.672550E-8
        6150.   9.586050E-8
        6160.   2.717280E-8
        6170.   3.453040E-8
        6180.  1.000230E-10
        6190.   5.880110E-8
        6200.   6.838100E-8
        6210.   4.132970E-8
        6220.   5.011540E-8
        6230.   2.425540E-8
        6240.   1.479190E-8
        6250.   6.909840E-8
        6260.   6.399690E-8
        6270.   6.733230E-8
        6280.   9.749840E-9
        6290.   1.187820E-7
        6300.   5.893130E-8
        6310.   7.064830E-8
        6320.   3.808350E-8
        6330.   8.101050E-8
        6340.   7.219110E-8
        6350.   6.322230E-8
        6360.   9.649860E-8
        6370.   4.373950E-8
        6380.   1.206240E-7
        6390.   6.505530E-8
        6400.   9.411480E-8
        6410.   1.376710E-7
        6420.   1.339540E-7
        6430.   1.518680E-7
        6440.   1.936800E-7
        6450.   1.851510E-7
        6650.   3.560000E-4
        6651.   3.840000E-4
        6652.   4.240000E-4
        6653.   4.770000E-4
        6654.   5.180000E-4
        6655.   5.760000E-4
        6656.   6.360000E-4
        6657.   6.860000E-4
        6658.   7.910000E-4
        6659.   8.640000E-4
        6660.   9.550000E-4
        6661.      0.001056
        6662.      0.001175
        6663.      0.001307
        6664.      0.001429
        6665.      0.001614
        6666.      0.001763
        6667.      0.001983
        6668.      0.002219
        6669.      0.002496
        6670.      0.002796
        6671.      0.003154
        6672.      0.003571
        6673.       0.00401
        6674.      0.004553
        6675.       0.00515
        6676.      0.005836
        6677.      0.006629
        6678.      0.007576
        6679.      0.008572
        6680.      0.009831
        6681.      0.011162
        6682.      0.012841
        6683.       0.01483
        6684.      0.017301
        6685.      0.019961
        6686.      0.023306
        6687.      0.027182
        6688.      0.031911
        6689.      0.037244
        6690.      0.043675
        6691.      0.051849
        6692.      0.060865
        6693.      0.072063
        6694.      0.084738
        6695.      0.101536
        6696.      0.121691
        6697.      0.147119
        6698.      0.177044
        6699.      0.212449
        6700.      0.256427
        6701.      0.306077
        6702.      0.361571
        6703.      0.424469
        6704.      0.495956
        6705.      0.565581
        6706.      0.636887
        6707.       0.69887
        6708.      0.760526
        6709.       0.81477
        6710.      0.854862
        6711.      0.880475
        6712.       0.89361
        6713.      0.897342
        6714.      0.892711
        6715.      0.883154
        6716.      0.871126
        6717.      0.856731
        6718.      0.843134
        6719.      0.828695
        6720.      0.816456
        6721.      0.806557
        6722.      0.797027
        6723.      0.788552
        6724.      0.782656
        6725.      0.779169
        6726.      0.775168
        6727.      0.774592
        6728.      0.774263
        6729.      0.776415
        6730.      0.779169
        6731.      0.783613
        6732.      0.786115
        6733.      0.792945
        6734.      0.797473
        6735.      0.803495
        6736.      0.810473
        6737.       0.81865
        6738.      0.825772
        6739.      0.833133
        6740.      0.839568
        6741.      0.847592
        6742.      0.855245
        6743.      0.861496
        6744.      0.867697
        6745.      0.874727
        6746.      0.879865
        6747.      0.886031
        6748.      0.890446
        6749.      0.892273
        6750.      0.898575
        6751.      0.901234
        6752.      0.905375
        6753.      0.905996
        6754.      0.907751
        6755.      0.910836
        6756.      0.912681
        6757.      0.912822
        6758.      0.911379
        6759.      0.912737
        6760.       0.91176
        6761.      0.911387
        6762.      0.910981
        6763.      0.909605
        6764.      0.910026
        6765.      0.908453
        6766.      0.907107
        6767.      0.907031
        6768.      0.905402
        6769.      0.904644
        6770.       0.90411
        6771.      0.901754
        6772.      0.902333
        6773.      0.900744
        6774.      0.899833
        6775.      0.899056
        6776.        0.8977
        6777.      0.896826
        6778.      0.896981
        6779.      0.896759
        6780.      0.894094
        6781.      0.895673
        6782.      0.894338
        6783.      0.894447
        6784.      0.894682
        6785.      0.894356
        6786.      0.895372
        6787.      0.894713
        6788.        0.8954
        6789.      0.893963
        6790.      0.895477
        6791.      0.894785
        6792.      0.895329
        6793.      0.895578
        6794.      0.895863
        6795.      0.892922
        6796.      0.891969
        6797.      0.891241
        6798.       0.89116
        6799.      0.888769
        6800.      0.885883
        6801.      0.882262
        6802.      0.878605
        6803.      0.875809
        6804.      0.871605
        6805.      0.864231
        6806.      0.857117
        6807.      0.848951
        6808.      0.839421
        6809.      0.829071
        6810.      0.817957
        6811.      0.801408
        6812.      0.785817
        6813.      0.770037
        6814.      0.750215
        6815.      0.727918
        6816.      0.704121
        6817.      0.677322
        6818.      0.647656
        6819.      0.617455
        6820.      0.586839
        6821.      0.551224
        6822.      0.517172
        6823.      0.481789
        6824.      0.448556
        6825.      0.412411
        6826.      0.380732
        6827.      0.346195
        6828.      0.316529
        6829.      0.287296
        6830.      0.258014
        6831.      0.230089
        6832.      0.205554
        6833.      0.184206
        6834.      0.163692
        6835.       0.14527
        6836.      0.128853
        6837.      0.114607
        6838.      0.101556
        6839.      0.090071
        6840.      0.079635
        6841.      0.070921
        6842.      0.062875
        6843.      0.055531
        6844.      0.048872
        6845.      0.043177
        6846.      0.038337
        6847.      0.033833
        6848.      0.030029
        6849.      0.026538
        6850.      0.023732
        6851.       0.02117
        6852.      0.018875
        6853.      0.016779
        6854.      0.015084
        6855.      0.013525
        6856.      0.012171
        6857.      0.010798
        6858.       0.00965
        6859.      0.008608
        6860.      0.007749
        6861.      0.006975
        6862.      0.006249
        6863.      0.005639
        6864.      0.005088
        6865.       0.00459
        6866.      0.004177
        6867.      0.003814
        6868.      0.003448
        6869.      0.003149
        6870.      0.002818
        6871.      0.002555
        6872.      0.002318
        6873.      0.002108
        6874.       0.00193
        6875.      0.001758
        6876.      0.001595
        6877.      0.001457
        6878.       0.00135
        6879.      0.001231
        6880.      0.001126
        6881.      0.001022
        6882.   9.500000E-4
        6883.   8.780000E-4
        6884.   8.160000E-4
        6885.   7.360000E-4
        6886.   6.680000E-4
        6887.   6.190000E-4
        6888.   5.770000E-4
        6889.   5.330000E-4
        6890.   4.780000E-4
        6891.   4.530000E-4
        6892.   4.170000E-4
        6893.   3.820000E-4
        6894.   3.480000E-4
        6895.   3.260000E-4
        6896.   2.990000E-4
        6897.   2.820000E-4
        6898.   2.560000E-4
        6899.   2.450000E-4
        6900.   2.160000E-4
        7040.   2.716600E-7
        7050.   2.968410E-7
        7060.   2.388700E-7
        7070.   2.394100E-7
        7080.   2.645950E-7
        7090.   2.381970E-7
        7100.   2.108800E-7
        7110.   1.933300E-7
        7120.   2.326390E-7
        7130.   2.205700E-7
        7140.   2.242380E-7
        7150.   2.163900E-7
        7160.   2.407100E-7
        7170.   1.786850E-7
        7180.   2.337110E-7
        7190.   2.097970E-7
        7200.   2.272670E-7
        7210.   2.226110E-7
        7220.   2.292150E-7
        7230.   2.169140E-7
        7240.   2.454620E-7
        7250.   2.244130E-7
        7260.   2.869820E-7
        7270.   2.993680E-7
        7280.   3.451760E-7
        7290.   2.656480E-7
        7300.   3.173330E-7
        7310.   3.426420E-7
        7320.   3.710650E-7
        7330.   3.192650E-7
        7340.   3.207030E-7
        7350.   3.232990E-7
        7360.   3.137000E-7
        7370.   3.628710E-7
        7380.   4.668280E-7
        7390.   4.832630E-7
        7400.   4.713120E-7
        7410.   4.564200E-7
        7420.   3.433180E-7
        7430.   2.855080E-7
        7440.   2.461340E-7
        7450.   1.389200E-7
        7460.   1.434680E-7
        7470.   1.246150E-7
        7480.   5.647800E-8
        7490.   9.681220E-8
        7500.   1.057940E-7
        7510.   1.200600E-7
        7520.   1.192200E-7
        7530.   6.722740E-8
        7540.   7.027660E-8
        7550.   8.204340E-8
        7560.   8.935630E-8
        7570.   2.532760E-8
        7580.   4.515330E-8
        7590.   2.640770E-8
        7600.   5.572120E-8
        7610.   8.720330E-8
        7620.   9.195660E-8
        7630.   2.983410E-8
        7640.   8.390450E-8
        7650.   1.229570E-7
        7660.   1.212170E-7
        7670.   1.201140E-7
        7680.   4.978660E-8
        7690.   4.861830E-8
        7700.   5.725020E-8
        7710.   8.758280E-8
        7720.   3.441650E-8
        7730.   7.300320E-8
        7740.   1.018910E-7
        7750.   1.080610E-7
        7760.   9.596880E-8
        7770.   1.255640E-7
        7780.   6.702060E-8
        7790.   4.842380E-8
        7800.   5.770180E-8
        7810.   6.355830E-8
        7820.   6.988390E-8
        7830.   1.417220E-7
        7840.   7.863750E-8
        7850.   1.494250E-7
        7860.   1.142150E-7
        7870.   7.724080E-8
        7880.   1.073170E-7
        7890.   8.660340E-8
        7900.   1.082660E-7
        7910.   1.133590E-7
        7920.   8.924650E-8
        7930.   1.016180E-7
        7940.   8.719970E-8
        7950.   4.884900E-8
        7960.   5.709920E-8
        7970.   8.482470E-8
        7980.   8.876030E-8
        7990.   1.064970E-7
        8000.   7.241630E-8
        8010.   9.194010E-8
        8020.   1.172740E-7
        8030.   1.229440E-7
        8040.   1.052810E-7
        8050.   9.955040E-8
        8060.   5.790580E-8
        8070.   1.173880E-7
        8080.   5.063470E-8
        8090.   4.892270E-8
        8100.   1.609340E-8
        8110.   2.842960E-8
        8120.   1.013290E-7
        8130.   1.179140E-7
        8140.   1.017400E-7
        8150.   8.423340E-8
        8160.   1.096600E-7
        8170.   1.501570E-7
        8180.   8.125380E-8
        8190.   7.504810E-8
        8200.   7.647690E-8
        8210.   1.729690E-8
        8220.   9.218660E-8
        8230.   1.274710E-7
        8240.   1.237180E-7
        8250.   1.256630E-7
        8260.   1.150180E-7
        8270.   7.898950E-8
        8280.   4.270170E-8
        8290.   1.134490E-7
        8300.   1.291920E-7
        8310.   6.117190E-8
        8320.   5.699420E-8
        8330.   5.872840E-8
        8340.   6.274410E-8
        8350.   3.845070E-8
        8360.   6.010510E-8
        8370.   8.094540E-8
        8380.   7.299570E-8
        8390.   4.699050E-8
        8400.   1.146820E-7
        8410.   1.166430E-7
        8420.   8.532240E-8
        8430.   7.754610E-8
        8440.   5.680660E-8
        8450.   2.842610E-8
        8460.   1.009360E-8
        8470.   4.191020E-8
        8480.   2.446020E-8
        8490.   8.990560E-8
        8500.   2.599030E-6
        8510.  1.000230E-10
        8520.   7.240740E-7
        8530.  1.000230E-10
        8540.  1.000230E-10
        8550.   1.447930E-6
        8560.  1.000230E-10
        8570.  1.000230E-10
        8580.   4.694270E-6
        8590.  1.000230E-10
        8600.   1.349250E-6
        8610.  1.000230E-10
        8620.   1.110040E-6
        8630.  1.000230E-10
        8640.  1.000230E-10
        8650.  1.000230E-10
        8660.   4.819310E-6
        8670.  1.000230E-10
        8680.  1.000230E-10
        8690.   2.368650E-6
        8700.   7.778660E-7
        8710.   3.064520E-7
        8720.  1.000230E-10
        8730.   1.437730E-6
        8740.  1.000230E-10
        8750.  1.000230E-10
        8760.   5.898910E-7
        8770.  1.000230E-10
        8780.  1.000230E-10
        8790.   4.346180E-6
        8800.  1.000230E-10
        8810.  1.000230E-10
        8820.   3.848970E-7
        8830.  1.000230E-10
        8840.  1.000230E-10
        8850.  1.000230E-10
        8860.  1.000230E-10
        8870.  1.000230E-10
        8880.   9.922630E-7
        8890.  1.000230E-10
        8900.  1.000230E-10
        8910.   6.537230E-7
        8920.  1.000230E-10
        8930.  1.000230E-10
        8940.  1.000230E-10
        8950.  1.000230E-10
        8960.   3.270830E-6
        8970.  1.000230E-10
        8980.   1.095820E-6
        8990.   8.965280E-7
        9000.   2.531080E-7
        9010.  1.000230E-10
        9020.  1.000230E-10
        9030.  1.000230E-10
        9040.  1.000230E-10
        9050.   6.214520E-7
        9060.  1.000230E-10
        9070.  1.000230E-10
        9080.  1.000230E-10
        9090.   1.133710E-6
        9100.   2.039600E-8
        9110.  1.000230E-10
        9120.   2.744090E-7
        9130.  1.000230E-10
        9140.  1.000230E-10
        9150.  1.000230E-10
        9160.  1.000230E-10
        9170.   1.990770E-6
        9180.  1.000230E-10
        9190.  1.000230E-10
        9200.  1.000230E-10
        9210.  1.000230E-10
        9220.   8.841780E-7
        9230.  1.000230E-10
        9240.  1.000230E-10
        9250.  1.000230E-10
        9260.  1.000230E-10
        9270.  1.000230E-10
        9280.   9.072420E-8
        9290.   2.149180E-8
        9300.   3.475890E-7
        9310.  1.000230E-10
        9320.  1.000230E-10
        9330.  1.000230E-10
        9340.  1.000230E-10
        9350.   5.544700E-7
        9360.  1.000230E-10
        9370.  1.000230E-10
        9380.   1.217650E-6
        9390.  1.000230E-10
        9400.   5.178900E-7
        9410.  1.000230E-10
        9420.  1.000230E-10
        9430.  1.000230E-10
        9440.  1.000230E-10
        9450.  1.000230E-10
        9460.   1.191650E-7
        9470.  1.000230E-10
        9480.  1.000230E-10
        9490.  1.000230E-10
        9500.  1.000230E-10
        9510.  1.000230E-10
        9520.  1.000230E-10
        9530.  1.000230E-10
        9540.   5.733830E-7
        9550.  1.000230E-10
        9560.  1.000230E-10
        9570.  1.000230E-10
        9580.  1.000230E-10
        9590.   6.308030E-8
        9600.   3.328310E-7
        9610.  1.000230E-10
        9620.  1.000230E-10
        9630.   1.207650E-7
        9640.  1.000230E-10
        9650.   1.795290E-7
        9660.   1.786130E-8
        9670.   2.129050E-7
        9680.   1.418390E-7
        9690.  1.000230E-10
        9700.   3.516200E-7
        9710.  1.000230E-10
        9720.   4.453570E-8
        9730.  1.000230E-10
        9740.   1.578000E-9
        9750.  1.000230E-10
        9760.  1.000230E-10
        9770.  1.000230E-10
        9780.  1.000230E-10
        9790.   4.457550E-7
        9800.   1.987770E-7
        9810.   1.133060E-7
        9820.  1.000230E-10
        9830.  1.000230E-10
        9840.  1.000230E-10
        9850.  1.000230E-10
        9860.  1.000230E-10
        9870.   5.159570E-8
        9880.  1.000230E-10
        9890.  1.000230E-10
        9900.  1.000230E-10
        9910.   1.674080E-7
        9920.  1.000230E-10
        9930.   9.002830E-8
        9940.  1.000230E-10
        9950.   1.178930E-8
        9960.  1.000230E-10
        9970.  1.000230E-10
        9980.  1.000230E-10
        9990.  1.000230E-10
       10000.  1.000230E-10
       10010.  1.000230E-10
       10020.  1.000230E-10
       10030.  1.000230E-10
       10040.  1.000230E-10
       10050.  1.000230E-10
       10060.  1.000230E-10
       10070.  1.000230E-10
       10080.  1.000230E-10
       10090.  1.000230E-10
       10100.  1.000230E-10
       10110.  1.000230E-10
       10120.  1.000230E-10
       10130.   1.768520E-8
       10140.  1.000230E-10
       10150.  1.000230E-10
       10160.  1.000230E-10
       10170.  1.000230E-10
       10180.  1.000230E-10
       10190.  1.000230E-10
       10200.  1.000230E-10
       10210.  1.000230E-10
       10220.  1.000230E-10
       10230.  1.000230E-10
       10240.  1.000230E-10
       10250.  1.000230E-10
       10260.  1.000230E-10
       10270.   7.116590E-8
       10280.  1.000230E-10
       10290.  1.000230E-10
       10300.  1.000230E-10
       10310.  1.000230E-10
       10320.  1.000230E-10
       10330.   1.869220E-7
       10340.  1.000230E-10
       10350.  1.000230E-10
       10360.  1.000230E-10
       10370.  1.000230E-10
       10380.   2.051970E-7
       10390.  1.000230E-10
       10400.  1.000230E-10
       10410.   6.135340E-8
       10420.  1.000230E-10
       10430.   8.594610E-9
       10440.   2.057780E-7
       10450.  1.000230E-10
       10460.  1.000230E-10
       10470.   3.924900E-8
       10480.   5.424350E-8
       10490.  1.000230E-10
       10500.  1.000230E-10
       10510.  1.000230E-10
       10520.   1.362700E-7
       10530.  1.000230E-10
       10540.  1.000230E-10
       10550.  1.000230E-10
       10560.  1.000230E-10
       10570.  1.000230E-10
       10580.   6.671050E-8
       10590.  1.000230E-10
       10600.   2.336710E-8
       10610.  1.000230E-10
       10620.   1.974710E-7
       10630.  1.000230E-10
       10640.  1.000230E-10
       10650.  1.000230E-10
       10660.  1.000230E-10
       10670.  1.000230E-10
       10680.  1.000230E-10
       10690.  1.000230E-10
       10700.   9.679060E-8
       10710.  1.000230E-10
       10720.  1.000230E-10
       10730.  1.000230E-10
       10740.  1.000230E-10
       10750.   1.290400E-7
       10760.   2.904960E-8
       10770.  1.000230E-10
       10780.  1.000230E-10
       10790.  1.000230E-10
       10800.  1.000230E-10
       10810.  1.000230E-10
       10820.  1.000230E-10
       10830.  1.000230E-10
       10840.  1.000230E-10
       10850.  1.000230E-10
       10860.  1.000230E-10
       10870.  1.000230E-10
       10880.  1.000230E-10
       10890.   2.172740E-7
       10900.  1.000230E-10
       10910.  1.000230E-10
       10920.  1.000230E-10
       10930.  1.000230E-10
       10940.  1.000230E-10
       10950.  1.000230E-10
       10960.  1.000230E-10
       10970.  1.000230E-10
       10980.  1.000230E-10
       10990.   6.429210E-9
       11000.  1.000230E-10
       11001.            0.
       11002.            0.
