        1938.            0.
        1939.            0.
        1940.   8.499990E-9
        1950.   9.207650E-8
        1960.   5.286390E-8
        1970.   7.108620E-8
        1980.   3.331360E-8
        1990.  1.000230E-10
        2000.   2.171730E-8
        2010.   2.417700E-8
        2020.   2.651300E-8
        2030.   5.841640E-8
        2040.   2.207630E-8
        2050.   4.361420E-8
        2060.   3.046910E-8
        2070.   2.254870E-8
        2080.   7.777960E-8
        2090.   1.700450E-8
        2100.   8.311690E-8
        2110.   1.915750E-8
        2120.   6.944280E-8
        2130.   4.659530E-8
        2140.   5.363620E-8
        2150.   7.058110E-8
        2160.   7.148850E-8
        2170.   6.485320E-8
        2180.   4.534680E-8
        2190.   6.502720E-8
        2200.   8.680110E-8
        2210.   7.127010E-8
        2220.   5.994210E-8
        2230.   8.210790E-8
        2240.   6.062490E-8
        2250.   6.925140E-8
        2260.   6.451790E-8
        2270.   6.088960E-8
        2280.   3.821330E-8
        2290.   4.578250E-8
        2300.   5.031500E-8
        2310.   6.018230E-8
        2320.   4.756650E-8
        2330.   5.843400E-8
        2340.   5.517820E-8
        2350.   5.808020E-8
        2360.   3.934100E-8
        2370.   4.929570E-8
        2380.   4.365720E-8
        2390.   5.730150E-8
        2400.   3.404530E-8
        2410.   3.960470E-8
        2420.   3.683210E-8
        2430.   4.810950E-8
        2440.   4.075870E-8
        2450.   2.667660E-8
        2460.   5.895270E-8
        2470.   5.198630E-8
        2480.   7.447660E-8
        2490.   4.856260E-8
        2500.   4.800230E-8
        2510.   6.807610E-8
        2520.   5.683570E-8
        2530.   6.431640E-8
        2540.   5.170540E-8
        2550.   3.545980E-8
        2560.   5.898210E-8
        2570.   5.011000E-8
        2580.   5.023840E-8
        2590.   6.054010E-8
        2600.   5.590320E-8
        2610.   5.018500E-8
        2620.   2.648820E-8
        2630.   4.103260E-8
        2640.   6.179520E-8
        2650.   4.197980E-8
        2660.   4.092740E-8
        2670.   6.043570E-8
        2680.   5.828490E-8
        2690.   4.185690E-8
        2700.   2.697220E-8
        2710.   5.966770E-8
        2720.   3.643270E-8
        2730.   3.800620E-8
        2740.   2.133500E-8
        2750.   4.156580E-8
        2760.   2.991840E-8
        2770.   6.885000E-8
        2780.   6.677490E-8
        2790.   4.133830E-8
        2800.   5.621370E-8
        2810.   6.399490E-8
        2820.   6.253700E-8
        2830.   3.529790E-8
        2840.   2.965330E-8
        2850.   9.644790E-8
        2860.   4.908860E-8
        2870.   6.485710E-8
        2880.   7.570670E-8
        2890.   4.034340E-8
        2900.  1.000230E-10
        2910.   7.951830E-8
        2920.   7.465450E-8
        2930.   4.394950E-8
        2940.   2.013330E-8
        2950.   3.989830E-8
        2960.   4.911980E-8
        2970.   4.603490E-8
        2980.   8.841220E-8
        2990.   2.836220E-8
        3000.   6.415830E-8
        3010.   2.521450E-8
        3020.   3.807590E-8
        3030.   8.852850E-8
        3040.   5.516460E-8
        3050.   6.262650E-8
        3060.   6.118220E-8
        3070.   8.721440E-8
        3080.   8.458510E-8
        3090.   5.087620E-8
        3100.   3.730080E-8
        3110.   1.206230E-7
        3120.   1.023480E-7
        3130.   4.073500E-8
        3140.   8.874970E-8
        3150.   8.067260E-8
        3160.   6.504200E-8
        3170.   7.434130E-8
        3180.   8.900390E-8
        3190.   8.967930E-8
        3200.   1.101540E-7
        3210.   1.048590E-7
        3220.   9.581910E-8
        3230.   1.001580E-7
        3240.   5.799630E-8
        3250.   1.417020E-7
        3260.   1.189260E-8
        3270.   4.832660E-8
        3280.   7.850260E-8
        3290.   1.355150E-7
        3300.   6.523210E-8
        3310.   7.065040E-8
        3320.   3.473380E-8
        3330.   1.929390E-8
        3340.   6.496240E-8
        3350.   1.517250E-7
        3360.  1.000230E-10
        3370.   5.386700E-8
        3380.   6.900020E-8
        3390.   6.643980E-8
        3400.   7.859340E-8
        3410.   1.626010E-7
        3420.   1.406190E-7
        3430.   1.589570E-7
        3440.   5.552280E-8
        3450.   1.507780E-7
        3460.   2.213150E-7
        3470.   7.098530E-8
        3480.   1.410490E-7
        3490.   4.572750E-8
        3500.   1.858330E-7
        3510.   5.831280E-8
        3520.   1.135610E-7
        3530.   5.806710E-8
        3540.   1.813180E-8
        3550.   1.472360E-7
        3560.   2.481850E-8
        3570.   1.057990E-7
        3580.   8.380120E-8
        3590.   8.481660E-8
        3600.   1.782140E-7
        3610.   7.933120E-8
        3620.   1.274520E-7
        3630.   1.776790E-7
        3640.   9.616080E-8
        3650.   1.289130E-7
        3660.   9.942530E-8
        3670.   8.480670E-8
        3680.   1.289970E-7
        3690.  1.000230E-10
        3700.   9.136530E-8
        3710.  1.000230E-10
        3720.  1.000230E-10
        3730.   1.790400E-8
        3740.   1.254900E-7
        3750.   8.602410E-8
        3760.   3.518990E-8
        3770.   1.521830E-8
        3780.   2.814850E-8
        3790.   3.779460E-8
        3800.  1.000230E-10
        3810.   7.006920E-8
        3820.  1.000230E-10
        3830.  1.000230E-10
        3840.   2.352100E-8
        3850.   8.624190E-9
        3860.  1.000230E-10
        3870.  1.000230E-10
        3880.   1.974170E-8
        3890.  1.000230E-10
        3900.   8.549580E-8
        3910.   2.990900E-8
        3920.   6.785420E-8
        3930.  1.000230E-10
        3940.   1.858600E-7
        3950.  1.000230E-10
        3960.   1.479000E-7
        3970.  1.000230E-10
        3980.   2.902700E-8
        3990.  1.000230E-10
        4000.   1.097240E-7
        4010.   8.123420E-8
        4020.   6.707140E-8
        4030.   8.223580E-8
        4040.   1.224540E-7
        4050.   1.113210E-7
        4060.   9.098930E-8
        4070.   1.102740E-7
        4080.   1.214070E-7
        4090.   8.551480E-8
        4100.   1.171340E-7
        4110.   9.454070E-8
        4120.   1.020750E-7
        4130.   9.905010E-8
        4140.   9.062090E-8
        4150.   9.362250E-8
        4160.   7.245530E-8
        4170.   5.491060E-8
        4180.   7.300070E-8
        4190.   8.159960E-8
        4200.   6.986860E-8
        4210.   7.981950E-8
        4220.   1.045450E-7
        4230.   8.253370E-8
        4240.   6.460070E-8
        4250.   6.968240E-8
        4260.   7.135590E-8
        4270.   9.903690E-8
        4280.   6.834770E-8
        4290.   7.137810E-8
        4300.   5.585340E-8
        4310.   7.252520E-8
        4320.   1.016400E-7
        4330.   7.130480E-8
        4340.   9.042300E-8
        4350.   9.984720E-8
        4360.   8.277590E-8
        4370.   6.807680E-8
        4380.   7.736990E-8
        4390.   7.979030E-8
        4400.   7.270910E-8
        4410.   5.106770E-8
        4420.   5.738720E-8
        4430.   6.463130E-8
        4440.   8.225060E-8
        4450.   9.157740E-8
        4460.   6.670250E-8
        4470.   6.386800E-8
        4480.   5.559970E-8
        4490.   5.917970E-8
        4500.   7.997280E-8
        4510.   7.593940E-8
        4520.   1.010430E-7
        4530.   8.415710E-8
        4540.   4.504880E-8
        4550.   8.347910E-8
        4560.   7.725990E-8
        4570.   7.284350E-8
        4580.   5.400840E-8
        4590.   6.603300E-8
        4600.   7.167390E-8
        4610.   5.747190E-8
        4620.   6.650970E-8
        4630.   7.259430E-8
        4640.   6.098710E-8
        4650.   8.157160E-8
        4660.   7.475280E-8
        4670.   6.546770E-8
        4680.   7.034350E-8
        4690.   5.901810E-8
        4700.   7.735490E-8
        4710.   7.021970E-8
        4720.   8.586120E-8
        4730.   7.442360E-8
        4740.   8.956760E-8
        4750.   8.193400E-8
        4760.   6.797900E-8
        4770.   5.633950E-8
        4780.   7.052320E-8
        4790.   9.664960E-8
        4800.   6.647500E-8
        4810.   7.872140E-8
        4820.   5.387310E-8
        4830.   6.184790E-8
        4840.   8.518090E-8
        4850.   1.014630E-7
        4860.   5.365770E-8
        4870.   4.422480E-8
        4880.   5.247440E-8
        4890.   5.268480E-8
        4900.   8.723500E-8
        4910.   3.773840E-8
        4920.   9.135600E-8
        4930.   7.383040E-8
        4940.   6.986410E-8
        4950.   3.733690E-8
        4960.   9.437080E-8
        4970.   7.450060E-8
        4980.   8.825490E-8
        4990.   9.080250E-8
        5000.   9.153410E-8
        5010.   8.402660E-8
        5020.   7.979610E-8
        5030.   8.772290E-8
        5040.   7.365070E-8
        5050.   8.444420E-8
        5060.   1.114650E-7
        5070.   1.004030E-7
        5080.   8.474230E-8
        5090.   7.545150E-8
        5100.   8.193340E-8
        5110.   8.989050E-8
        5120.   8.275990E-8
        5130.   8.631520E-8
        5140.   8.109150E-8
        5150.   8.987350E-8
        5160.   7.673300E-8
        5170.   8.349780E-8
        5180.   1.113460E-7
        5190.   9.515950E-8
        5200.   9.017410E-8
        5210.   1.092510E-7
        5220.   9.723530E-8
        5230.   1.434280E-7
        5240.   1.101810E-7
        5250.   1.127120E-7
        5260.   9.235960E-8
        5270.   7.140980E-8
        5280.   9.662460E-8
        5290.   9.344590E-8
        5300.   9.916420E-8
        5310.   7.627040E-8
        5320.   1.151890E-7
        5330.   1.071990E-7
        5340.   9.046470E-8
        5350.   1.023060E-7
        5360.   9.369730E-8
        5370.   7.974340E-8
        5380.   1.129840E-7
        5390.   9.505390E-8
        5400.   1.137240E-7
        5410.   9.547460E-8
        5420.   9.403010E-8
        5430.   1.239310E-7
        5440.   7.998730E-8
        5450.   8.582980E-8
        5460.   1.037320E-7
        5470.   1.065950E-7
        5480.   1.381980E-7
        5490.   8.325950E-8
        5500.   9.506220E-8
        5510.   1.162860E-7
        5520.   9.979070E-8
        5530.   1.090980E-7
        5540.   9.246280E-8
        5550.   9.117380E-8
        5560.   1.031630E-7
        5570.   1.084300E-7
        5580.   1.280090E-7
        5590.   8.818790E-8
        5600.   1.188630E-7
        5610.   1.173150E-7
        5620.   1.189870E-7
        5630.   1.052950E-7
        5640.   8.991910E-8
        5650.   1.000520E-7
        5660.   9.197760E-8
        5670.   7.712920E-8
        5680.   9.162800E-8
        5690.   9.566700E-8
        5700.   1.110570E-7
        5710.   6.684680E-8
        5720.   9.598070E-8
        5730.   8.125780E-8
        5740.   8.033170E-8
        5750.   7.827080E-8
        5760.   1.328830E-7
        5770.   9.509440E-8
        5780.   9.311060E-8
        5790.   8.380350E-8
        5800.   9.063710E-8
        5810.   7.880270E-8
        5820.   1.176070E-7
        5830.   1.054970E-7
        5840.   4.741610E-8
        5850.   1.149860E-7
        5860.   6.155040E-8
        5870.   7.446940E-8
        5880.   1.039940E-7
        5890.   9.820890E-8
        5900.   1.059080E-7
        5910.   8.346740E-8
        5920.   9.737830E-8
        5930.   8.513340E-8
        5940.   1.002020E-7
        5950.   1.042480E-7
        5960.   9.086180E-8
        5970.   1.080920E-7
        5980.   1.219730E-7
        5990.   9.654390E-8
        6000.   9.282350E-8
        6010.   1.371500E-7
        6020.   7.194990E-8
        6030.   9.371080E-8
        6040.   1.012610E-7
        6050.   1.103880E-7
        6060.   7.737260E-8
        6070.   1.206030E-7
        6080.   8.370050E-8
        6090.   8.054100E-8
        6100.   1.517100E-7
        6110.   7.625740E-8
        6120.   9.669480E-8
        6130.   8.701840E-8
        6140.   9.504000E-8
        6150.   9.651420E-8
        6160.   7.215730E-8
        6170.   9.098150E-8
        6180.   9.891730E-8
        6190.   1.025090E-7
        6200.   9.171590E-8
        6210.   8.528090E-8
        6220.   1.220700E-7
        6230.   1.164050E-7
        6240.   6.099240E-8
        6250.   1.077920E-7
        6260.   9.062680E-8
        6270.   1.263270E-7
        6280.   9.814290E-8
        6290.   1.228080E-7
        6300.   1.043950E-7
        6310.   1.058370E-7
        6320.   1.100600E-7
        6330.   9.293880E-8
        6340.   1.104520E-7
        6350.   1.470830E-7
        6360.   8.782210E-8
        6370.   8.885720E-8
        6380.   9.106800E-8
        6390.   1.112720E-7
        6400.   1.297540E-7
        6410.   1.017940E-7
        6420.   1.038640E-7
        6430.   9.309940E-8
        6440.   7.836160E-8
        6450.   8.189530E-8
        6460.   9.805400E-8
        6470.   1.067590E-7
        6480.   1.318800E-7
        6490.   9.529480E-8
        6500.   9.758790E-8
        6510.   1.365590E-7
        6520.   1.208660E-7
        6530.   9.528030E-8
        6540.   1.220390E-7
        6550.   9.841930E-8
        6560.   1.405970E-7
        6570.   1.059160E-7
        6580.   1.070920E-7
        6590.   9.612050E-8
        6600.   1.064850E-7
        6610.   1.071810E-7
        6620.   1.067960E-7
        6630.   9.817160E-8
        6640.   1.039880E-7
        6650.   1.175390E-7
        6660.   1.110490E-7
        6670.   1.229750E-7
        6680.   1.538090E-7
        6690.   1.180780E-7
        6700.   9.770170E-8
        6710.   1.102130E-7
        6720.   1.106130E-7
        6730.   9.393470E-8
        6740.   1.219910E-7
        6750.   1.198460E-7
        6760.   1.259270E-7
        6770.   1.252640E-7
        6780.   1.104320E-7
        6790.   1.263440E-7
        6800.   1.231920E-7
        6810.   9.670680E-8
        6820.   1.394130E-7
        6830.   1.215500E-7
        6840.   1.343940E-7
        6850.   1.157750E-7
        6860.   8.054340E-8
        6870.   1.260250E-7
        6880.   1.322300E-7
        6890.   1.207170E-7
        6900.   9.479820E-8
        6910.   9.321870E-8
        6920.   1.047140E-7
        6930.   8.131340E-8
        6940.   1.125070E-7
        6950.   1.035760E-7
        6960.   1.208380E-7
        6970.   9.925720E-8
        6980.   9.800270E-8
        6990.   1.169030E-7
        7000.   1.155350E-7
        7010.   1.207710E-7
        7020.   9.029860E-8
        7030.   1.158080E-7
        7040.   1.169160E-7
        7050.   1.008650E-7
        7060.   1.163360E-7
        7070.   1.233100E-7
        7080.   1.350630E-7
        7090.   1.203770E-7
        7100.   1.161620E-7
        7110.   9.570230E-8
        7120.   1.396370E-7
        7130.   9.294710E-8
        7140.   1.169020E-7
        7150.   1.524590E-7
        7160.   1.443990E-7
        7170.   1.848230E-7
        7180.   1.927780E-7
        7190.   1.926110E-7
        7200.   2.263500E-7
        7210.   2.417560E-7
        7220.   2.816090E-7
        7230.   3.000390E-7
        7240.   3.349760E-7
        7250.   3.361490E-7
        7260.   3.478340E-7
        7270.   3.959720E-7
        7280.   5.105370E-7
        7290.   5.017690E-7
        7300.   5.968680E-7
        7310.   6.715460E-7
        7320.   7.147200E-7
        7330.   7.082610E-7
        7340.   7.498830E-7
        7350.   6.730990E-7
        7360.   5.659300E-7
        7370.   5.109220E-7
        7380.   4.092530E-7
        7390.   4.162860E-7
        7400.   3.663210E-7
        7410.   3.530730E-7
        7420.   3.550440E-7
        7430.   3.986660E-7
        7440.   4.471350E-7
        7450.   4.982110E-7
        7460.   5.758470E-7
        7470.   7.367600E-7
        7480.   8.444120E-7
        7490.   8.979410E-7
        7500.   9.823880E-7
        7510.   9.775090E-7
        7520.   8.673030E-7
        7530.   8.909600E-7
        7540.   8.034800E-7
        7550.   6.708520E-7
        7560.   6.229380E-7
        7570.   5.870040E-7
        7580.   4.881340E-7
        7590.   5.310800E-7
        7600.   4.829690E-7
        7610.   4.906700E-7
        7620.   5.631800E-7
        7630.   5.241040E-7
        7640.   5.552200E-7
        7650.   5.836820E-7
        7660.   6.666890E-7
        7670.   7.442640E-7
        7680.   9.048820E-7
        7690.   1.040030E-6
        7700.   1.211710E-6
        7710.   1.351240E-6
        7720.   1.418900E-6
        7730.   1.346400E-6
        7740.   1.243130E-6
        7750.   1.134910E-6
        7760.   1.037590E-6
        7770.   1.015080E-6
        7780.   9.392840E-7
        7790.   9.934860E-7
        7800.   1.035350E-6
        7810.   1.075930E-6
        7820.   1.169440E-6
        7830.   1.165750E-6
        7840.   1.331920E-6
        7850.   1.482450E-6
        7860.   1.454500E-6
        7870.   1.486790E-6
        7880.   1.627680E-6
        7890.   1.599660E-6
        7900.   1.686690E-6
        7910.   1.510580E-6
        7920.   1.348140E-6
        7930.   1.028150E-6
        7940.   7.161140E-7
        7950.   5.112500E-7
        7960.   2.900040E-7
        7970.   1.770500E-7
        7980.   1.270060E-7
        7990.   1.806210E-7
        8000.   1.722440E-7
        8010.   1.954370E-7
        8020.   1.168480E-7
        8030.   1.267680E-7
        8040.   1.725840E-7
        8050.   1.447280E-7
        8060.   1.243970E-7
        8070.   1.407340E-7
        8080.   1.551360E-7
        8090.   1.791380E-7
        8100.   1.399650E-7
        8110.   9.727430E-8
        8120.   1.455380E-7
        8130.   1.284550E-7
        8140.   9.906290E-8
        8150.   1.638060E-7
        8160.   1.799430E-7
        8170.   2.299740E-7
        8180.   1.238800E-7
        8190.   1.228790E-7
        8200.   1.466810E-7
        8210.   1.592150E-7
        8220.   1.055680E-7
        8230.   1.279010E-7
        8240.   1.278160E-7
        8250.   5.780710E-8
        8260.   9.800020E-8
        8270.   7.996370E-8
        8280.   1.870400E-7
        8290.   1.853150E-7
        8300.   1.297720E-7
        8310.   9.689290E-8
        8320.   1.673150E-7
        8330.   1.169800E-7
        8340.   8.371670E-8
        8350.   1.219690E-7
        8360.   1.339560E-7
        8370.   2.117660E-7
        8380.   9.041800E-8
        8390.   1.557500E-7
        8400.   1.418150E-7
        8410.   1.204650E-7
        8420.   2.074330E-7
        8430.   1.096280E-7
        8440.   1.403170E-7
        8450.   9.796900E-8
        8460.   2.228860E-7
        8470.   1.169850E-7
        8480.   1.364320E-7
        8490.   2.311130E-7
        8500.  1.000230E-10
        8510.  1.000230E-10
        8520.   5.390700E-6
        8530.   1.394970E-5
        8540.   3.198740E-6
        8550.  1.000230E-10
        8560.   7.690370E-6
        8570.   6.863760E-6
        8580.  1.000230E-10
        8590.   3.619090E-6
        8600.   1.648250E-5
        8610.   1.337640E-5
        8620.   9.413760E-6
        8630.   1.636820E-5
        8640.   1.485380E-5
        8650.   1.593050E-5
        8660.   1.930200E-5
        8670.   2.213220E-5
        8680.   2.657770E-5
        8690.   1.517410E-5
        8700.   3.583930E-5
        8710.   4.385850E-5
        8720.   3.982370E-5
        8730.   4.977780E-5
        8740.   6.084810E-5
        8750.   7.820110E-5
        8760.   8.968230E-5
        8770.   1.186520E-4
        8974.      0.017058
        8976.      0.026228
        8978.      0.017746
        8980.      0.022238
        8982.      0.031476
        8984.      0.030193
        8986.      0.040112
        8988.      0.047808
        8990.       0.05486
        8992.      0.069395
        8994.       0.07943
        8996.       0.10487
        8998.      0.123832
        9000.      0.152241
        9002.      0.201237
        9004.      0.254943
        9006.      0.309745
        9008.      0.372862
        9010.      0.435831
        9012.      0.511545
        9014.      0.573401
        9016.      0.638513
        9018.      0.681878
        9020.      0.746564
        9022.      0.774866
        9024.      0.804873
        9026.      0.832107
        9028.      0.848512
        9030.       0.85612
        9032.      0.867613
        9034.       0.87927
        9036.      0.879199
        9038.      0.880073
        9040.      0.887797
        9042.      0.888298
        9044.      0.897737
        9046.      0.899766
        9048.      0.900319
        9050.      0.901222
        9052.      0.894619
        9054.      0.909184
        9056.      0.903236
        9058.      0.907002
        9060.      0.912037
        9062.      0.914067
        9064.      0.917016
        9066.      0.918546
        9068.      0.916621
        9070.      0.913308
        9072.      0.912966
        9074.      0.914106
        9076.       0.91442
        9078.      0.913798
        9080.      0.913725
        9082.      0.917049
        9084.      0.918364
        9086.      0.909209
        9088.      0.897623
        9090.      0.882733
        9092.      0.854178
        9094.      0.815683
        9096.       0.77763
        9098.      0.700697
        9100.      0.637936
        9102.      0.551404
        9104.      0.490703
        9106.      0.392266
        9108.      0.322903
        9110.      0.255621
        9112.      0.197535
        9114.      0.157882
        9116.      0.122884
        9118.       0.10184
        9120.      0.078283
        9122.      0.066425
        9124.       0.05174
        9126.      0.043914
        9128.      0.032639
        9130.      0.025995
        9132.      0.022327
        9134.        0.0298
        9136.       0.01888
        9138.      0.016065
        9140.      0.011485
        9142.      0.012593
        9144.      0.010408
        9360.   2.128720E-5
        9370.   1.959750E-5
        9380.   1.488850E-5
        9390.   1.185310E-5
        9400.   1.164830E-5
        9410.   7.991040E-6
        9420.   8.019130E-6
        9430.   7.572640E-6
        9440.   3.515300E-6
        9450.   1.442070E-6
        9460.   3.223270E-6
        9470.   7.652410E-7
        9480.   3.247680E-6
        9490.   2.765830E-6
        9500.  1.000230E-10
        9510.   2.447500E-6
        9520.   1.861070E-6
        9530.   4.342940E-7
        9540.   2.043370E-6
        9550.   1.391010E-6
        9560.   8.488330E-7
        9570.   7.004450E-8
        9580.   6.566470E-7
        9590.   1.937780E-6
        9600.   7.848990E-7
        9610.   1.872560E-6
        9620.   9.868160E-7
        9630.   4.842440E-7
        9640.  1.000230E-10
        9650.   5.376050E-7
        9660.   2.005630E-6
        9670.   5.870740E-7
        9680.  1.000230E-10
        9690.   8.546630E-7
        9700.   3.263520E-7
        9710.   4.924130E-7
        9720.  1.000230E-10
        9730.  1.000230E-10
        9740.   9.808980E-7
        9750.   4.177930E-7
        9760.   9.688640E-7
        9770.  1.000230E-10
        9780.   2.076110E-6
        9790.   4.704930E-7
        9800.   4.992670E-7
        9810.  1.000230E-10
        9820.   7.418960E-7
        9830.   5.276260E-7
        9840.  1.000230E-10
        9850.   2.838470E-8
        9860.   1.214360E-6
        9870.   7.468080E-7
        9880.  1.000230E-10
        9890.   6.680420E-7
        9900.   4.007480E-7
        9910.  1.000230E-10
        9920.  1.000230E-10
        9930.  1.000230E-10
        9940.  1.000230E-10
        9950.   7.174490E-7
        9960.  1.000230E-10
        9970.  1.000230E-10
        9980.   3.871650E-7
        9990.  1.000230E-10
       10000.   9.964220E-8
       10010.  1.000230E-10
       10020.   6.602140E-7
       10030.  1.000230E-10
       10040.   9.958389E-7
       10050.  1.000230E-10
       10060.   1.218290E-6
       10070.   6.791670E-7
       10080.   7.448660E-7
       10090.  1.000230E-10
       10100.  1.000230E-10
       10110.   6.468790E-7
       10120.   2.298480E-7
       10130.   3.959850E-7
       10140.   8.370320E-7
       10150.   3.808400E-7
       10160.   1.679330E-7
       10170.  1.000230E-10
       10180.  1.000230E-10
       10190.   1.235070E-6
       10200.  1.000230E-10
       10210.  1.000230E-10
       10220.  1.000230E-10
       10230.   7.147120E-7
       10240.   3.305700E-7
       10250.   3.964560E-7
       10260.   1.980820E-7
       10270.  1.000230E-10
       10280.   1.975680E-7
       10290.  1.000230E-10
       10300.   2.416760E-7
       10310.   6.920490E-7
       10320.  1.000230E-10
       10330.   5.186280E-7
       10340.   2.891780E-7
       10350.  1.000230E-10
       10360.   1.576830E-6
       10370.  1.000230E-10
       10380.  1.000230E-10
       10390.   1.933560E-7
       10400.   1.358560E-7
       10410.   1.989430E-7
       10420.   1.818430E-7
       10430.   2.429860E-7
       10440.   2.655520E-7
       10450.  1.000230E-10
       10460.   7.566710E-8
       10470.   3.359490E-7
       10480.   2.796530E-7
       10490.   5.393840E-7
       10500.   1.107200E-6
       10510.  1.000230E-10
       10520.   3.741130E-7
       10530.   2.061570E-7
       10540.  1.000230E-10
       10550.   7.487650E-7
       10560.  1.000230E-10
       10570.  1.000230E-10
       10580.   5.540270E-7
       10590.   4.671730E-7
       10600.   2.129080E-9
       10610.  1.000230E-10
       10620.   1.549330E-8
       10630.   1.896560E-7
       10640.   1.775600E-7
       10650.   7.981640E-7
       10660.   3.012300E-7
       10670.  1.000230E-10
       10680.  1.000230E-10
       10690.  1.000230E-10
       10700.   6.161820E-7
       10710.   1.727000E-7
       10720.  1.000230E-10
       10730.  1.000230E-10
       10740.   2.477720E-7
       10750.   5.868460E-8
       10760.   2.264860E-7
       10770.  1.000230E-10
       10780.   3.012510E-8
       10790.   4.416020E-7
       10800.  1.000230E-10
       10810.   1.423960E-7
       10820.  1.000230E-10
       10830.   6.108610E-7
       10840.  1.000230E-10
       10850.   1.062310E-7
       10860.   2.705500E-7
       10870.  1.000230E-10
       10880.  1.000230E-10
       10890.   1.754420E-7
       10900.  1.000230E-10
       10910.   2.949350E-7
       10920.   5.269700E-7
       10930.  1.000230E-10
       10940.  1.000230E-10
       10950.   2.614270E-7
       10960.   3.212820E-7
       10970.   2.472820E-7
       10980.   4.721770E-7
       10990.   4.653620E-7
       11000.  1.000230E-10
       11001.            0.
       11002.            0.
