        1938.            0.
        1939.            0.
        1940.   1.374590E-7
        1950.   1.042790E-7
        1960.   1.567220E-7
        1970.   1.396980E-7
        1980.   1.369470E-7
        1990.   1.020180E-7
        2000.   1.099660E-7
        2010.   1.148930E-7
        2020.   1.018240E-7
        2030.   9.752550E-8
        2040.   1.098920E-7
        2050.   1.139410E-7
        2060.   8.124390E-8
        2070.   8.968850E-8
        2080.   8.852590E-8
        2090.   8.673390E-8
        2100.   6.328650E-8
        2110.   9.503340E-8
        2120.   7.294020E-8
        2130.   8.906540E-8
        2140.   7.152620E-8
        2150.   8.320910E-8
        2160.   6.003150E-8
        2170.   8.400210E-8
        2180.   7.928780E-8
        2190.   7.293300E-8
        2200.   4.884110E-8
        2210.   8.602620E-8
        2220.   4.824170E-8
        2230.   6.841070E-8
        2240.   6.438280E-8
        2250.   9.714620E-8
        2260.   3.711770E-8
        2270.   9.685630E-8
        2280.   5.409390E-8
        2290.   8.848850E-8
        2300.   7.932770E-8
        2310.   8.195100E-8
        2320.   7.726810E-8
        2330.   6.800970E-8
        2340.   1.013710E-7
        2350.   1.038550E-7
        2360.   1.079760E-7
        2370.   5.816070E-8
        2380.   8.796160E-8
        2390.   8.512830E-8
        2400.   1.260670E-7
        2410.   8.395990E-8
        2420.   9.428550E-8
        2430.   8.299730E-8
        2440.   8.811810E-8
        2450.   8.664730E-8
        2460.   8.058980E-8
        2470.   1.240090E-7
        2480.   9.258320E-8
        2490.   8.541810E-8
        2500.   1.133560E-7
        2510.   6.446130E-8
        2520.   9.002440E-8
        2530.   8.025390E-8
        2540.   8.450840E-8
        2550.   7.065010E-8
        2560.   7.897540E-8
        2570.   7.245290E-8
        2580.   9.629020E-8
        2590.   8.851080E-8
        2600.   7.807990E-8
        2610.   7.262650E-8
        2620.   9.565090E-8
        2630.   8.655160E-8
        2640.   5.429940E-8
        2650.   8.713440E-8
        2660.   1.038870E-7
        2670.   5.018460E-8
        2680.   8.540060E-8
        2690.   6.484800E-8
        2700.   6.562510E-8
        2710.   6.660930E-8
        2720.   1.044060E-7
        2730.   9.533850E-8
        2740.   7.789530E-8
        2750.   7.727210E-8
        2760.  7.339550E-10
        2770.   9.705040E-8
        2780.   6.336090E-8
        2790.   5.558670E-8
        2800.   7.996650E-8
        2810.   5.826910E-8
        2820.   7.891000E-8
        2830.   6.908130E-8
        2840.   8.622380E-8
        2850.   6.344070E-8
        2860.   9.832800E-8
        2870.   8.101790E-8
        2880.   1.426990E-7
        2890.   1.019170E-7
        2900.   8.339160E-8
        2910.   6.033510E-8
        2920.   1.152520E-7
        2930.   1.311990E-7
        2940.   1.055810E-7
        2950.   1.113200E-7
        2960.   9.066200E-8
        2970.   9.042030E-8
        2980.   6.302580E-8
        2990.   6.604410E-8
        3000.   7.058330E-8
        3010.   8.101680E-8
        3020.   6.941400E-8
        3030.   9.009730E-8
        3040.   9.705480E-8
        3050.   8.679220E-8
        3060.   9.614150E-8
        3070.   5.416720E-8
        3080.   8.951030E-8
        3090.   1.035060E-7
        3100.   8.413570E-8
        3110.   1.106400E-7
        3120.   1.117970E-7
        3130.   6.035370E-8
        3140.   1.078480E-7
        3150.   9.271450E-8
        3160.   9.241300E-8
        3170.   7.333750E-8
        3180.   1.204080E-7
        3190.   7.340060E-8
        3200.   1.010820E-7
        3210.   1.035430E-7
        3220.   7.732980E-8
        3230.   1.104380E-7
        3240.   7.940700E-8
        3250.   1.084450E-7
        3260.   1.292960E-7
        3270.   8.449130E-8
        3280.   1.133140E-7
        3290.   8.795350E-8
        3300.   9.744260E-8
        3310.   1.043520E-7
        3320.   1.144360E-7
        3330.   1.326510E-7
        3340.   1.710050E-7
        3350.   1.473040E-7
        3360.   2.464190E-7
        3370.   3.387480E-7
        3380.   3.833260E-7
        3390.   5.524630E-7
        3400.   6.808130E-7
        3410.   8.339230E-7
        3420.   8.564720E-7
        3430.   9.308300E-7
        3440.   7.641260E-7
        3450.   6.945000E-7
        3460.   5.781170E-7
        3470.   3.823700E-7
        3480.   2.883620E-7
        3490.   1.902160E-7
        3500.   1.396730E-7
        3510.   1.854150E-7
        3520.   1.458060E-7
        3530.   1.479390E-7
        3540.   1.018030E-7
        3550.   9.343660E-8
        3560.   1.358460E-7
        3570.   1.405220E-7
        3580.   1.433120E-7
        3590.   1.877240E-7
        3600.   1.747260E-7
        3610.   2.154280E-7
        3620.   1.605210E-7
        3630.   1.332860E-7
        3640.   1.128940E-7
        3650.   1.100390E-7
        3660.   2.175370E-7
        3670.   1.878130E-7
        3680.   1.591640E-7
        3690.   1.495950E-7
        3700.   1.785420E-7
        3710.   2.031850E-7
        3720.   1.691950E-7
        3730.   2.244850E-7
        3740.   3.084400E-7
        3750.   3.297210E-7
        3760.   4.626550E-7
        3770.   6.063070E-7
        3780.   7.644660E-7
        3790.   1.327280E-6
        3851.   2.200000E-5
        3852.   3.400000E-5
        3853.   2.900000E-5
        3854.   4.900000E-5
        3855.   2.600000E-5
        3856.   5.100000E-5
        3857.   2.600000E-5
        3858.   7.100000E-5
        3859.   4.100000E-5
        3860.   6.900000E-5
        3861.   8.300000E-5
        3862.   7.000000E-5
        3863.   8.500000E-5
        3864.   1.210000E-4
        3865.   1.250000E-4
        3866.   1.260000E-4
        3867.   1.500000E-4
        3868.   2.070000E-4
        3869.   1.830000E-4
        3870.   2.460000E-4
        3871.   2.520000E-4
        3872.   3.180000E-4
        3873.   3.280000E-4
        3874.   3.980000E-4
        3875.   4.300000E-4
        3876.   5.090000E-4
        3877.   5.830000E-4
        3878.   6.680000E-4
        3879.   7.950000E-4
        3880.   8.830000E-4
        3881.      0.001033
        3882.       0.00115
        3883.      0.001354
        3884.      0.001571
        3885.      0.001818
        3886.      0.002178
        3887.      0.002574
        3888.      0.003111
        3889.      0.003631
        3890.      0.004334
        3891.       0.00515
        3892.      0.006102
        3893.      0.007344
        3894.      0.008977
        3895.      0.010851
        3896.      0.013238
        3897.      0.016174
        3898.      0.020127
        3899.      0.024886
        3900.      0.031094
        3901.      0.039049
        3902.      0.049176
        3903.      0.062429
        3904.      0.079425
        3905.      0.099798
        3906.      0.126352
        3907.      0.161426
        3908.      0.205051
        3909.      0.256876
        3910.      0.319733
        3911.      0.392757
        3912.      0.473271
        3913.      0.553457
        3914.      0.631474
        3915.      0.699563
        3916.      0.754203
        3917.      0.790725
        3918.      0.817001
        3919.       0.82993
        3920.      0.839209
        3921.      0.837676
        3922.      0.836639
        3923.      0.835517
        3924.      0.831555
        3925.      0.831777
        3926.      0.831664
        3927.      0.831396
        3928.      0.833649
        3929.      0.835136
        3930.      0.838932
        3931.      0.840992
        3932.      0.844315
        3933.      0.847699
        3934.       0.85018
        3935.      0.853256
        3936.      0.855812
        3937.      0.856805
        3938.      0.858108
        3939.      0.858168
        3940.      0.858274
        3941.      0.857543
        3942.       0.85759
        3943.       0.85498
        3944.      0.855214
        3945.      0.853876
        3946.      0.853168
        3947.      0.852512
        3948.      0.849003
        3949.      0.850248
        3950.      0.848494
        3951.      0.848552
        3952.      0.847407
        3953.        0.8453
        3954.      0.846038
        3955.      0.844229
        3956.      0.845321
        3957.      0.845453
        3958.      0.845879
        3959.      0.843669
        3960.      0.843859
        3961.      0.843385
        3962.      0.843158
        3963.      0.842087
        3964.      0.841042
        3965.      0.838582
        3966.      0.836557
        3967.       0.83492
        3968.      0.832858
        3969.      0.830153
        3970.      0.827807
        3971.       0.82541
        3972.      0.820289
        3973.      0.819521
        3974.      0.816801
        3975.      0.814484
        3976.      0.811062
        3977.      0.808777
        3978.      0.806696
        3979.      0.805093
        3980.      0.806015
        3981.      0.804696
        3982.      0.806588
        3983.      0.807645
        3984.      0.807736
        3985.      0.808075
        3986.      0.806945
        3987.      0.804405
        3988.      0.795282
        3989.      0.782506
        3990.      0.760421
        3991.      0.732097
        3992.      0.693541
        3993.       0.64179
        3994.      0.581791
        3995.      0.516653
        3996.      0.453633
        3997.      0.388238
        3998.      0.328119
        3999.      0.274174
        4000.      0.226827
        4001.      0.186034
        4002.      0.151285
        4003.      0.122831
        4004.      0.099529
        4005.      0.080982
        4006.      0.065332
        4007.      0.052915
        4008.      0.043123
        4009.      0.035291
        4010.      0.029215
        4011.      0.024038
        4012.      0.020108
        4013.      0.016996
        4014.      0.014177
        4015.      0.011852
        4016.      0.009987
        4017.      0.008467
        4018.      0.007215
        4019.      0.006121
        4020.      0.005188
        4021.      0.004386
        4022.      0.003797
        4023.      0.003243
        4024.      0.002815
        4025.      0.002429
        4026.      0.002115
        4027.      0.001849
        4028.      0.001587
        4029.      0.001414
        4030.      0.001244
        4031.      0.001115
        4032.   9.180000E-4
        4033.   8.420000E-4
        4034.   7.370000E-4
        4035.   6.520000E-4
        4036.   5.520000E-4
        4037.   5.040000E-4
        4038.   4.640000E-4
        4039.   4.230000E-4
        4040.   3.750000E-4
        4041.   3.320000E-4
        4042.   2.860000E-4
        4043.   2.550000E-4
        4044.   2.320000E-4
        4045.   2.040000E-4
        4046.   2.060000E-4
        4047.   1.720000E-4
        4048.   1.460000E-4
        4049.   1.570000E-4
        4110.   3.387830E-6
        4120.   1.802200E-6
        4130.   1.090200E-6
        4140.   6.307120E-7
        4150.   3.625350E-7
        4160.   2.249580E-7
        4170.   1.009760E-7
        4180.   1.095350E-7
        4190.   8.238760E-8
        4200.   8.565090E-8
        4210.   6.819820E-8
        4220.   5.457340E-8
        4230.   4.242130E-8
        4240.   5.626950E-8
        4250.   8.202800E-8
        4260.   4.916620E-8
        4270.   8.460150E-8
        4280.   7.917880E-8
        4290.   5.617890E-8
        4300.   4.898930E-8
        4310.   7.182640E-8
        4320.   8.569340E-8
        4330.   1.040800E-7
        4340.   7.141000E-8
        4350.   7.680920E-8
        4360.   7.106420E-8
        4370.   2.184700E-8
        4380.   7.406460E-8
        4390.   9.234920E-8
        4400.   6.886720E-8
        4410.   7.417810E-8
        4420.   7.702650E-8
        4430.   8.560260E-8
        4440.   7.122590E-8
        4450.   1.023900E-7
        4460.   4.048150E-8
        4470.   5.389860E-8
        4480.   6.600530E-8
        4490.   9.789580E-8
        4500.   1.152310E-7
        4510.   1.200340E-7
        4520.   7.298760E-8
        4530.   5.422530E-8
        4540.   1.205260E-7
        4550.   7.439130E-8
        4560.   9.446690E-8
        4570.   6.522680E-8
        4580.   5.023890E-8
        4590.   3.657840E-8
        4600.   1.142960E-7
        4610.   1.081960E-7
        4620.   9.719900E-8
        4630.   7.445890E-8
        4640.   8.371400E-8
        4650.   9.830440E-8
        4660.   1.337370E-7
        4670.   8.403190E-8
        4680.   1.105960E-7
        4690.   1.002020E-7
        4700.   1.305320E-7
        4710.   1.366420E-7
        4720.   1.058000E-7
        4730.   1.123310E-7
        4740.   1.039570E-7
        4750.   1.031650E-7
        4760.   1.400250E-7
        4770.   1.420310E-7
        4780.   1.390470E-7
        4790.   1.070600E-7
        4800.   9.266720E-8
        4810.   1.420780E-7
        4820.   1.089900E-7
        4830.   9.067530E-8
        4840.   1.040430E-7
        4850.   5.038800E-8
        4860.   1.003680E-7
        4870.   9.310760E-8
        4880.   1.050900E-7
        4890.   5.370470E-8
        4900.   9.942790E-8
        4910.   9.165390E-8
        4920.   1.103220E-7
        4930.   1.012150E-7
        4940.   6.309240E-8
        4950.   9.583780E-8
        4960.   5.438630E-8
        4970.   9.823540E-8
        4980.   7.350600E-8
        4990.   6.798530E-8
        5000.   9.819690E-8
        5010.   6.846930E-8
        5020.   9.170010E-8
        5030.   1.316650E-7
        5040.   8.051410E-8
        5050.   5.670770E-8
        5060.   9.717780E-8
        5070.   9.093810E-8
        5080.   4.362790E-8
        5090.   8.341380E-8
        5100.   1.029470E-7
        5110.   7.071410E-8
        5120.   8.521220E-8
        5130.   1.124430E-7
        5140.   9.746370E-8
        5150.   5.337330E-8
        5160.   1.160930E-7
        5170.   5.226440E-8
        5180.   7.304820E-8
        5190.   8.206070E-8
        5200.   9.526190E-8
        5210.   3.768880E-8
        5220.   9.149090E-8
        5230.   1.023460E-7
        5240.   7.651210E-8
        5250.   8.173720E-8
        5260.   1.180790E-7
        5270.   1.165040E-7
        5280.   9.394420E-8
        5290.   1.226660E-7
        5300.   1.699540E-7
        5310.   1.163550E-7
        5320.   1.340830E-7
        5330.   1.615720E-7
        5340.   1.874000E-7
        5350.   8.837330E-8
        5360.   1.052250E-7
        5370.   1.243050E-7
        5380.   8.263910E-8
        5390.   4.960290E-8
        5400.   1.484220E-7
        5410.   9.442410E-8
        5420.   7.961780E-8
        5430.   9.718180E-8
        5440.   1.164620E-7
        5450.   1.337450E-7
        5460.   1.335290E-7
        5470.   1.780600E-7
        5480.   2.771030E-7
        5490.   3.075730E-7
        5500.   3.572560E-7
        5510.   3.962200E-7
        5520.   4.707790E-7
        5530.   5.278940E-7
        5540.   5.896030E-7
        5550.   6.680680E-7
        5560.   7.003660E-7
        5570.   7.347440E-7
        5580.   8.022210E-7
        5590.   8.747960E-7
        5600.   9.350720E-7
        5610.   1.068290E-6
        5620.   1.094630E-6
        5630.   1.103830E-6
        5640.   1.061170E-6
        5650.   1.013650E-6
        5660.   1.001770E-6
        5670.   8.906820E-7
        5680.   7.787550E-7
        5690.   6.275670E-7
        5700.   5.470640E-7
        5710.   4.178820E-7
        5720.   2.880960E-7
        5730.   2.606040E-7
        5740.   1.900320E-7
        5750.   9.316940E-8
        5760.   1.428390E-7
        5770.   6.975820E-8
        5780.   7.745030E-8
        5790.   8.986880E-8
        5800.   8.106730E-8
        5810.   8.221440E-8
        5820.   9.837300E-8
        5830.   1.212940E-7
        5840.   1.107580E-7
        5850.   7.447130E-8
        5860.   1.181800E-7
        5870.   8.744270E-8
        5880.   4.202670E-8
        5890.   6.635350E-8
        5900.   9.367070E-8
        5910.   6.253250E-8
        5920.   1.115800E-7
        5930.   1.003350E-7
        5940.   3.424160E-8
        5950.   1.042900E-7
        5960.   9.502260E-8
        5970.   9.203420E-8
        5980.   4.451030E-8
        5990.   4.435180E-8
        6000.   1.142390E-7
        6010.   7.640100E-8
        6020.   8.247820E-8
        6030.   7.724020E-8
        6040.   6.376230E-8
        6050.   1.028630E-7
        6060.   1.137940E-7
        6070.   1.408160E-8
        6080.   7.654100E-8
        6090.   8.023100E-8
        6100.   7.583090E-8
        6110.   1.078680E-7
        6120.   1.049640E-7
        6130.   2.676620E-8
        6140.   1.175900E-7
        6150.   5.719460E-8
        6160.   4.553050E-8
        6170.   5.212150E-8
        6180.   9.437570E-8
        6190.   6.299190E-8
        6200.   7.322730E-8
        6210.   4.002040E-8
        6220.   9.164990E-8
        6230.   8.817860E-8
        6240.   5.961460E-8
        6250.   9.489370E-8
        6260.   9.457580E-8
        6270.   8.221140E-8
        6280.   5.575150E-8
        6290.   5.917230E-8
        6300.   1.064930E-7
        6310.   1.140190E-7
        6320.   1.370340E-7
        6330.   7.215710E-8
        6340.   6.273890E-8
        6350.   1.131570E-7
        6360.   3.603390E-8
        6370.   1.241200E-7
        6380.   1.012840E-7
        6390.   9.653440E-8
        6400.   7.292060E-8
        6410.   1.089640E-7
        6420.   8.407210E-8
        6430.   5.754330E-8
        6440.   9.056640E-8
        6450.   1.119220E-7
        6460.   8.849820E-8
        6470.   1.182490E-7
        6480.   8.737900E-8
        6490.   5.968800E-8
        6500.   9.852860E-8
        6510.   1.277740E-7
        6520.   7.987340E-8
        6530.   9.274720E-8
        6540.   1.125680E-7
        6550.   1.239620E-7
        6560.   4.133420E-8
        6570.   8.756670E-8
        6580.   6.919280E-8
        6590.   1.324860E-7
        6600.   8.209410E-8
        6610.   5.746330E-8
        6620.   9.280680E-8
        6630.   1.371530E-7
        6640.   1.034320E-7
        6650.   9.888120E-8
        6660.   7.603790E-8
        6670.   1.183480E-7
        6680.   1.057620E-7
        6690.   7.513500E-8
        6700.   1.670390E-8
        6710.   1.044630E-7
        6720.   7.921350E-8
        6730.   6.232940E-8
        6740.   1.191360E-7
        6750.   8.130550E-8
        6760.   5.988600E-8
        6770.   7.026110E-8
        6780.   6.171520E-8
        6790.   1.189390E-7
        6800.   1.052320E-7
        6810.   9.283500E-8
        6820.   1.084730E-7
        6830.   1.381580E-7
        6840.   1.176280E-7
        6850.   1.678210E-7
        6860.   1.961100E-7
        6870.   2.172630E-7
        6880.   2.802500E-7
        6890.   3.541390E-7
        6900.   4.214170E-7
        6910.   5.044950E-7
        6920.   5.277260E-7
        6930.   6.373930E-7
        6940.   6.698470E-7
        6950.   7.969520E-7
        6960.   8.751530E-7
        6970.   9.661950E-7
        6980.   1.031160E-6
        6990.   1.077230E-6
        7000.   1.129490E-6
        7010.   1.082880E-6
        7020.   1.114480E-6
        7030.   1.060430E-6
        7040.   1.058410E-6
        7050.   9.975250E-7
        7060.   9.024870E-7
        7070.   8.547500E-7
        7080.   8.106490E-7
        7090.   7.226300E-7
        7100.   6.799080E-7
        7110.   6.056170E-7
        7120.   5.803440E-7
        7130.   4.887050E-7
        7140.   4.779470E-7
        7150.   4.300730E-7
        7160.   3.719150E-7
        7170.   3.076410E-7
        7180.   3.395290E-7
        7190.   2.694520E-7
        7200.   2.825130E-7
        7210.   2.675800E-7
        7220.   1.958810E-7
        7230.   1.912440E-7
        7240.   1.894270E-7
        7250.   1.801800E-7
        7260.   1.128680E-7
        7270.   1.679680E-7
        7280.   1.852770E-7
        7290.   7.732730E-8
        7300.   1.338780E-7
        7310.   1.510430E-7
        7320.   1.519690E-7
        7330.   8.418620E-8
        7340.   1.330050E-7
        7350.   1.645820E-7
        7360.   9.987810E-8
        7370.   1.077500E-7
        7380.   1.309670E-7
        7390.   1.094990E-7
        7400.   1.032130E-7
        7410.   9.390040E-8
        7420.   8.985260E-8
        7430.   9.512820E-8
        7440.   5.129130E-8
        7450.   1.175970E-7
        7460.   1.179120E-7
        7470.   7.129100E-8
        7480.   8.818280E-8
        7490.   5.888980E-8
        7500.   1.306910E-7
        7510.   1.006820E-7
        7520.   7.553550E-8
        7530.   2.961780E-8
        7540.   7.352920E-8
        7550.   8.432300E-8
        7560.   5.118560E-8
        7570.   9.499330E-8
        7580.   1.353930E-7
        7590.   9.884900E-8
        7600.   1.473140E-7
        7610.   1.215470E-7
        7620.   1.164690E-7
        7630.   1.263920E-7
        7640.   1.214940E-7
        7650.   1.668940E-7
        7660.   9.985870E-8
        7670.   1.286610E-7
        7680.   1.198880E-7
        7690.   1.118230E-7
        7700.   1.642720E-7
        7710.   8.844640E-8
        7720.   9.842010E-8
        7730.   6.984170E-8
        7740.   7.845140E-8
        7750.   1.190060E-7
        7760.   1.658670E-7
        7770.   1.608100E-7
        7780.   9.513980E-8
        7790.   1.114820E-7
        7800.   8.330150E-8
        7810.   1.364740E-7
        7820.   1.247140E-7
        7830.   6.680420E-8
        7840.   1.185700E-7
        7850.   1.040700E-7
        7860.   9.399250E-8
        7870.   7.984120E-8
        7880.   1.140650E-7
        7890.   8.067020E-8
        7900.   1.227800E-7
        7910.   8.582400E-8
        7920.   6.583430E-8
        7930.   9.122310E-8
        7940.   9.318540E-8
        7950.   1.280700E-7
        7960.   1.143890E-7
        7970.   1.477330E-7
        7980.   1.163840E-7
        7990.   1.101780E-7
        8000.   1.334220E-7
        8010.   6.740730E-8
        8020.   1.197060E-7
        8030.   9.628190E-8
        8040.   1.214700E-7
        8050.   1.362020E-7
        8060.   4.468480E-8
        8070.   1.283690E-8
        8080.   3.598150E-8
        8090.   8.088580E-8
        8100.   9.870000E-8
        8110.   3.538770E-8
        8120.   1.009520E-7
        8130.   1.093670E-7
        8140.   9.079750E-8
        8150.   1.842550E-8
        8160.   5.187010E-8
        8170.   1.083990E-7
        8180.   6.347840E-8
        8190.   1.603390E-8
        8200.   8.335290E-8
        8210.   6.571580E-8
        8220.   6.862650E-8
        8230.   1.014120E-7
        8240.   8.477070E-9
        8250.   7.576350E-8
        8260.   1.139330E-7
        8270.   5.939730E-8
        8280.   1.029750E-7
        8290.   9.380250E-8
        8300.   6.632300E-8
        8310.   8.672120E-8
        8320.   6.822440E-8
        8330.   1.289790E-7
        8340.   4.865730E-8
        8350.   7.667470E-8
        8360.   1.503250E-7
        8370.   7.310600E-8
        8380.   8.361380E-8
        8390.   8.116620E-8
        8400.   4.908240E-8
        8410.   9.678450E-8
        8420.   8.658810E-8
        8430.   7.088630E-8
        8440.   9.497320E-8
        8450.   9.817520E-8
        8460.   8.547750E-8
        8470.   8.683540E-8
        8480.   8.053520E-8
        8490.   7.165340E-8
        8500.  1.000230E-10
        8510.  1.000230E-10
        8520.   3.165210E-6
        8530.  1.000230E-10
        8540.  1.000230E-10
        8550.   1.332150E-6
        8560.  1.000230E-10
        8570.  1.000230E-10
        8580.  1.000230E-10
        8590.  1.000230E-10
        8600.  1.000230E-10
        8610.  1.000230E-10
        8620.  1.000230E-10
        8630.  1.000230E-10
        8640.  1.000230E-10
        8650.   2.219310E-6
        8660.  1.000230E-10
        8670.  1.000230E-10
        8680.  1.000230E-10
        8690.  1.000230E-10
        8700.  1.000230E-10
        8710.  1.000230E-10
        8720.  1.000230E-10
        8730.  1.000230E-10
        8740.  1.000230E-10
        8750.  1.000230E-10
        8760.  1.000230E-10
        8770.  1.000230E-10
        8780.  1.000230E-10
        8790.  1.000230E-10
        8800.  1.000230E-10
        8810.  1.000230E-10
        8820.  1.000230E-10
        8830.   2.404940E-8
        8840.  1.000230E-10
        8850.  1.000230E-10
        8860.  1.000230E-10
        8870.  1.000230E-10
        8880.  1.000230E-10
        8890.  1.000230E-10
        8900.  1.000230E-10
        8910.  1.000230E-10
        8920.  1.000230E-10
        8930.   5.214770E-7
        8940.  1.000230E-10
        8950.  1.000230E-10
        8960.  1.000230E-10
        8970.  1.000230E-10
        8980.  1.000230E-10
        8990.  1.000230E-10
        9000.  1.000230E-10
        9010.  1.000230E-10
        9020.  1.000230E-10
        9030.  1.000230E-10
        9040.  1.000230E-10
        9050.  1.000230E-10
        9060.  1.000230E-10
        9070.  1.000230E-10
        9080.  1.000230E-10
        9090.  1.000230E-10
        9100.  1.000230E-10
        9110.  1.000230E-10
        9120.  1.000230E-10
        9130.  1.000230E-10
        9140.  1.000230E-10
        9150.  1.000230E-10
        9160.  1.000230E-10
        9170.  1.000230E-10
        9180.   1.552150E-7
        9190.  1.000230E-10
        9200.  1.000230E-10
        9210.  1.000230E-10
        9220.  1.000230E-10
        9230.  1.000230E-10
        9240.   4.964340E-8
        9250.  1.000230E-10
        9260.  1.000230E-10
        9270.  1.000230E-10
        9280.  1.000230E-10
        9290.  1.000230E-10
        9300.  1.000230E-10
        9310.  1.000230E-10
        9320.  1.000230E-10
        9330.  1.000230E-10
        9340.  1.000230E-10
        9350.  1.000230E-10
        9360.  1.000230E-10
        9370.  1.000230E-10
        9380.  1.000230E-10
        9390.  1.000230E-10
        9400.  1.000230E-10
        9410.   4.629290E-7
        9420.  1.000230E-10
        9430.  1.000230E-10
        9440.  1.000230E-10
        9450.  1.000230E-10
        9460.  1.000230E-10
        9470.  1.000230E-10
        9480.   7.870930E-8
        9490.  1.000230E-10
        9500.  1.000230E-10
        9510.  1.000230E-10
        9520.  1.000230E-10
        9530.  1.000230E-10
        9540.  1.000230E-10
        9550.  1.000230E-10
        9560.  1.000230E-10
        9570.  1.000230E-10
        9580.  1.000230E-10
        9590.  1.000230E-10
        9600.  1.000230E-10
        9610.  1.000230E-10
        9620.  1.000230E-10
        9630.  1.000230E-10
        9640.  1.000230E-10
        9650.  1.000230E-10
        9660.  1.000230E-10
        9670.  1.000230E-10
        9680.  1.000230E-10
        9690.  1.000230E-10
        9700.  1.000230E-10
        9710.  1.000230E-10
        9720.  1.000230E-10
        9730.  1.000230E-10
        9740.  1.000230E-10
        9750.  1.000230E-10
        9760.  1.000230E-10
        9770.  1.000230E-10
        9780.  1.000230E-10
        9790.  1.000230E-10
        9800.  1.000230E-10
        9810.  1.000230E-10
        9820.  1.000230E-10
        9830.  1.000230E-10
        9840.  1.000230E-10
        9850.  1.000230E-10
        9860.  1.000230E-10
        9870.  1.000230E-10
        9880.  1.000230E-10
        9890.  1.000230E-10
        9900.  1.000230E-10
        9910.  1.000230E-10
        9920.  1.000230E-10
        9930.  1.000230E-10
        9940.   2.008600E-7
        9950.  1.000230E-10
        9960.  1.000230E-10
        9970.  1.000230E-10
        9980.  1.000230E-10
        9990.  1.000230E-10
       10000.  1.000230E-10
       10010.  1.000230E-10
       10020.  1.000230E-10
       10030.  1.000230E-10
       10040.  1.000230E-10
       10050.  1.000230E-10
       10060.  1.000230E-10
       10070.  1.000230E-10
       10080.  1.000230E-10
       10090.  1.000230E-10
       10100.  1.000230E-10
       10110.  1.000230E-10
       10120.  1.000230E-10
       10130.  1.000230E-10
       10140.  1.000230E-10
       10150.  1.000230E-10
       10160.  1.000230E-10
       10170.  1.000230E-10
       10180.  1.000230E-10
       10190.  1.000230E-10
       10200.  1.000230E-10
       10210.  1.000230E-10
       10220.  1.000230E-10
       10230.  1.000230E-10
       10240.  1.000230E-10
       10250.  1.000230E-10
       10260.  1.000230E-10
       10270.  1.000230E-10
       10280.  1.000230E-10
       10290.   7.013030E-8
       10300.  1.000230E-10
       10310.  1.000230E-10
       10320.  1.000230E-10
       10330.  1.000230E-10
       10340.  1.000230E-10
       10350.  1.000230E-10
       10360.  1.000230E-10
       10370.  1.000230E-10
       10380.  1.000230E-10
       10390.   1.608210E-8
       10400.  1.000230E-10
       10410.  1.000230E-10
       10420.  1.000230E-10
       10430.   2.165660E-7
       10440.  1.000230E-10
       10450.  1.000230E-10
       10460.  1.000230E-10
       10470.  1.000230E-10
       10480.  1.000230E-10
       10490.  1.000230E-10
       10500.  1.000230E-10
       10510.  1.000230E-10
       10520.  1.000230E-10
       10530.  1.000230E-10
       10540.  1.000230E-10
       10550.  1.000230E-10
       10560.  1.000230E-10
       10570.  1.000230E-10
       10580.  1.000230E-10
       10590.  1.000230E-10
       10600.  1.000230E-10
       10610.  1.000230E-10
       10620.  1.000230E-10
       10630.  1.000230E-10
       10640.  1.000230E-10
       10650.  1.000230E-10
       10660.  1.000230E-10
       10670.  1.000230E-10
       10680.  1.000230E-10
       10690.  1.000230E-10
       10700.  1.000230E-10
       10710.  1.000230E-10
       10720.  1.000230E-10
       10730.  1.000230E-10
       10740.  1.000230E-10
       10750.  1.000230E-10
       10760.   2.048270E-7
       10770.  1.000230E-10
       10780.  1.000230E-10
       10790.  1.000230E-10
       10800.  1.000230E-10
       10810.  1.000230E-10
       10820.  1.000230E-10
       10830.  1.000230E-10
       10840.  1.000230E-10
       10850.  1.000230E-10
       10860.  1.000230E-10
       10870.  1.000230E-10
       10880.  1.000230E-10
       10890.  1.000230E-10
       10900.  1.000230E-10
       10910.  1.000230E-10
       10920.  1.000230E-10
       10930.  1.000230E-10
       10940.  1.000230E-10
       10950.  1.000230E-10
       10960.  1.000230E-10
       10970.  1.000230E-10
       10980.  1.000230E-10
       10990.  1.000230E-10
       11000.  1.000230E-10
       11001.            0.
       11002.            0.
