        1918.            0.
        1919.            0.
        1920.   1.621590E-6
        1940.   1.112870E-6
        1960.   5.758450E-7
        1980.   6.792030E-7
        2000.   4.541160E-7
        2040.   5.208900E-7
        2060.   5.127140E-7
        2080.   1.047620E-7
        2100.   1.155380E-6
        2120.   2.765160E-7
        2140.   3.495240E-7
        2160.   1.509440E-7
        2180.   3.259180E-7
        2220.   2.542260E-7
        2240.   1.511030E-7
        2260.   3.243790E-7
        2280.   7.509840E-7
        2320.   4.591690E-8
        2340.   5.341630E-8
        2360.   2.732820E-8
        2380.   8.172980E-8
        2400.   2.116380E-8
        2420.   2.096050E-8
        2460.   2.029540E-7
        2480.   2.071610E-7
        2540.   5.993690E-8
        2560.   3.071910E-7
        2600.   2.029810E-7
        2620.   1.255050E-7
        2640.   3.140780E-8
        2660.   3.160140E-8
        2700.   6.322110E-8
        2720.   8.019960E-8
        2740.   7.306750E-8
        2760.   1.050510E-7
        2780.   1.634010E-7
        2800.   3.251800E-8
        2860.   2.700030E-7
        2900.   2.480360E-7
        2980.   6.816280E-7
        3000.   9.096430E-8
        3020.   1.160980E-7
        3040.   6.626970E-8
        3060.   2.051570E-7
        3100.   3.113620E-7
        3120.   1.635230E-8
        3160.   1.815180E-7
        3180.   1.187920E-6
        3200.   6.346270E-7
        3220.   3.594280E-7
        3260.   3.115340E-7
        3320.   1.471330E-7
        3360.   2.990490E-7
        3380.   4.195380E-7
        3400.   4.780410E-7
        3420.   8.076070E-8
        3460.   1.056190E-7
        3480.   6.698570E-7
        3500.   1.951010E-6
        3520.   1.987910E-6
        3540.   3.395890E-7
        3560.   1.763450E-7
        3580.   1.477140E-6
        3600.   3.106450E-6
        3620.   1.199860E-7
        3640.   2.799670E-7
        3660.   8.762260E-8
        3720.   1.199730E-7
        3780.   1.907470E-7
        3800.   3.474920E-7
        3820.   5.895460E-7
        3840.   7.570330E-7
        3860.   1.025170E-6
        3880.   2.272410E-6
        3900.   1.081980E-5
        3920.   4.366600E-5
        3940.   1.060200E-4
       3942.5   1.145390E-4
        3945.   1.670620E-4
       3947.5   2.516910E-4
        3950.   2.120630E-4
       3952.5   3.050700E-4
        3955.   4.133080E-4
       3957.5   6.832030E-4
        3960.    0.00109511
       3962.5    0.00131836
        3965.    0.00129016
       3967.5    0.00112592
        3970.    0.00111406
       3972.5     0.0014002
        3975.      0.002175
       3977.5    0.00381861
        3980.    0.00654028
       3982.5    0.00988127
        3985.     0.0124086
       3987.5     0.0146452
        3990.     0.0189401
       3992.5       0.02925
        3995.     0.0503279
       3997.5     0.0818706
        4000.      0.112911
       4002.5      0.130848
        4005.      0.142975
       4007.5      0.169394
        4010.      0.225368
       4012.5      0.316904
        4015.      0.439749
       4017.5      0.577777
        4020.      0.704965
       4022.5      0.789205
        4025.      0.815751
       4027.5      0.799365
        4030.      0.777675
       4032.5      0.784612
        4035.      0.827998
       4037.5      0.889543
        4040.      0.943984
       4042.5      0.973721
        4045.      0.981148
       4047.5      0.979975
        4050.      0.977942
       4052.5      0.974624
        4055.      0.964293
       4057.5      0.946171
        4060.      0.925211
       4062.5      0.908773
        4065.      0.902988
       4067.5      0.906615
        4070.       0.91681
       4072.5      0.930196
        4075.       0.94227
       4077.5      0.949613
        4080.      0.949183
       4082.5      0.940347
        4085.      0.924713
       4087.5      0.905063
        4090.      0.885905
       4092.5      0.870786
        4095.      0.862876
       4097.5      0.863186
        4100.      0.869813
       4102.5      0.880013
        4105.      0.893316
       4107.5      0.909786
        4110.      0.929284
       4112.5      0.949804
        4115.      0.965113
       4117.5      0.966237
        4120.      0.947117
       4122.5      0.911012
        4125.      0.870214
       4127.5      0.839403
        4130.      0.829388
       4132.5      0.844498
        4135.      0.879591
       4137.5      0.922174
        4140.      0.957427
       4142.5      0.973923
        4145.      0.970178
       4147.5      0.954538
        4150.      0.939297
       4152.5      0.932677
        4155.      0.936409
       4157.5      0.946889
        4160.      0.958765
       4162.5      0.968438
        4165.      0.975585
       4167.5      0.979819
        4170.      0.981111
       4172.5      0.981275
        4175.      0.976775
       4177.5      0.962896
        4180.      0.931435
       4182.5      0.873997
        4185.      0.792502
       4187.5      0.699476
        4190.      0.615697
       4192.5       0.55299
        4195.      0.511934
       4197.5      0.478408
        4200.      0.432854
       4202.5      0.365153
        4205.      0.284283
       4207.5      0.208445
        4210.      0.151371
       4212.5      0.113905
        4215.     0.0907994
       4217.5     0.0765916
        4220.     0.0680202
       4222.5     0.0617802
        4225.     0.0546653
       4227.5     0.0442978
        4230.     0.0319026
       4232.5     0.0207503
        4235.     0.0129136
       4237.5    0.00824033
        4240.    0.00573871
       4242.5    0.00446877
        4245.    0.00397067
       4247.5    0.00393642
        4250.    0.00437233
       4252.5    0.00513041
        4255.    0.00581463
       4257.5    0.00590238
        4260.    0.00502264
       4262.5    0.00389833
        4265.    0.00280857
       4267.5    0.00208391
        4270.    0.00151595
       4272.5    0.00110387
        4275.   8.340420E-4
       4277.5   5.896700E-4
        4280.   4.938270E-4
       4282.5   4.126070E-4
        4285.   3.582090E-4
       4287.5   3.870500E-4
        4320.   1.866420E-4
        4340.   1.084220E-4
        4360.   9.708320E-5
        4380.   2.566070E-5
        4400.   2.343070E-5
        4420.   1.347320E-5
        4440.   6.925580E-6
        4460.   8.754850E-6
        4480.   2.465500E-6
        4500.   8.793300E-7
        4520.   8.939830E-7
        4540.   1.541710E-6
        4560.   1.872290E-6
        4580.   5.184990E-6
        4600.   8.112640E-6
        4620.   1.412120E-5
        4640.   1.707630E-5
        4660.   1.096720E-5
        4680.   1.013330E-5
        4700.   1.203910E-5
        4720.   1.480540E-5
        4740.   1.753920E-5
        4760.   1.009560E-5
        4780.   3.790750E-6
        4800.   2.882740E-6
        4820.   1.968900E-6
        4840.   1.829520E-6
        4860.   4.687220E-6
        4880.   5.055250E-6
        4900.   4.946510E-6
        4920.   4.534380E-6
        4940.   1.961980E-6
        4960.   1.183470E-6
        4980.   1.695190E-6
        5000.   1.136580E-6
        5020.   6.495030E-7
        5040.   3.727240E-7
        5060.   3.752890E-8
        5080.   3.764020E-8
        5100.   1.137100E-7
        5160.   2.505810E-7
        5180.   6.739630E-8
        5200.   6.772970E-8
        5220.   1.363640E-7
        5320.   1.495370E-7
        5400.   1.021190E-8
        5440.   2.480060E-7
        5460.   2.802950E-7
        5480.   8.322860E-8
        5520.   2.728410E-7
        5540.   1.481310E-7
        5560.   7.461700E-8
        5580.   7.471200E-8
        5600.   6.482650E-7
        5620.   2.773220E-6
        5640.   7.795030E-6
        5660.   1.206610E-5
        5680.   3.650620E-6
        5700.   1.877150E-5
        5720.   4.347820E-5
        5740.   1.387170E-5
        5760.   4.175770E-6
        5780.   9.681150E-7
        5820.   6.810730E-8
        5840.   1.838850E-6
        5860.   6.864630E-7
        5880.   7.588570E-7
        5900.   2.112270E-6
        5920.   9.831400E-7
        5940.   2.446500E-7
        5960.   3.514370E-8
        5980.   2.019950E-6
        6000.   5.655020E-7
        6020.   7.361630E-7
        6040.   6.205970E-7
        6060.   1.678750E-7
        6080.   1.085180E-7
        6100.   7.499460E-7
        6120.   7.058280E-7
        6140.   3.064300E-7
        6160.   1.607310E-6
        6180.   1.046540E-6
        6200.   3.732310E-8
        6220.   5.542820E-6
        6240.   6.783110E-6
        6260.   4.544830E-7
        6280.   6.055520E-7
        6300.   3.916810E-7
        6320.   3.465030E-7
        6340.   4.613980E-7
        6360.   1.416440E-7
        6380.   3.624380E-7
        6400.   7.291870E-7
        6440.   3.029880E-7
        6460.   8.847060E-7
        6480.   9.159990E-7
        6540.   9.202710E-7
        6560.   3.525670E-6
        6580.   4.620260E-7
        6600.   1.921640E-7
        6640.   8.173330E-7
        6660.   2.358970E-7
        6680.   2.517360E-7
        6700.   8.005180E-7
        6720.   1.160100E-6
        6760.   2.850120E-7
        6780.   5.458300E-7
        6820.   1.120940E-6
        6840.   6.717210E-7
        6860.   4.396660E-7
        6880.   7.650150E-7
        6900.   1.907130E-6
        6920.   1.339810E-6
        6940.   9.703490E-7
        6980.   8.059540E-7
        7000.   1.131210E-6
        7020.   8.820880E-7
        7040.   5.363160E-7
        7060.   1.463370E-6
        7080.   2.241440E-6
        7100.   7.450720E-6
        7120.   4.740920E-6
        7140.   2.207720E-6
        7160.   1.076470E-6
        7220.   5.326770E-7
        7240.   7.271300E-7
        7260.   3.059810E-6
        7280.   8.156560E-6
        7300.   7.857980E-6
        7320.   1.529350E-6
        7340.   1.387040E-6
        7360.   2.431100E-6
        7380.   2.172060E-6
        7400.   9.900619E-7
        7420.   1.481170E-6
        7440.   1.162860E-6
        7460.   9.671860E-7
        7480.   8.173050E-7
        7500.   5.473110E-7
        7520.   4.289750E-7
        7560.   7.639560E-7
        7580.   1.573520E-7
        7600.   5.918890E-7
        7620.   1.121010E-6
        7640.   1.796640E-6
        7660.   1.164810E-6
        7680.   5.327310E-8
        7720.   7.150540E-8
        7740.   1.794300E-8
        7800.   3.805550E-7
        7820.   8.715890E-7
        7840.   3.654310E-8
        7860.   7.309360E-7
        7880.   4.763480E-7
        7900.   7.535970E-7
        7920.   3.317480E-7
        7960.   3.521580E-7
        7980.   5.765770E-7
        8040.   8.258920E-7
        8060.   1.036240E-6
        8080.   3.966470E-7
        8200.   6.361580E-7
        8220.   2.648790E-6
        8240.   2.491510E-6
        8280.   1.964840E-7
        8300.   5.140530E-7
        8340.   1.999720E-7
        8440.   2.403170E-6
        8460.   3.607460E-6
        8520.   2.553980E-7
        8600.   9.625980E-6
        8620.   3.917760E-5
        8640.   9.562200E-6
        8660.   9.666800E-6
        8680.   2.663420E-5
        8700.   6.412140E-6
        8720.   1.438750E-5
        8740.   1.436420E-5
        8760.   1.204090E-5
        8780.   3.035550E-5
        8840.   2.068550E-5
        8880.   5.850380E-6
        8900.   2.237670E-5
        8920.   5.516770E-6
        8940.   5.121900E-6
        8960.   1.457080E-5
        8980.   3.677170E-6
        9000.   8.274860E-6
        9020.   8.583200E-6
        9040.   2.282510E-6
        9060.   1.082540E-5
        9080.   4.637150E-6
        9100.   6.952930E-6
        9120.   1.445940E-5
        9140.   9.431000E-7
        9160.   6.981460E-6
        9180.   1.448430E-5
        9220.   5.912200E-6
        9240.   9.288490E-6
        9260.   8.794010E-7
        9280.   5.971800E-6
        9300.   8.255740E-6
        9340.   7.347930E-6
        9360.   7.944750E-6
        9380.   1.939010E-6
        9400.   6.505080E-6
        9440.   1.703300E-6
        9460.   6.180960E-6
        9500.   5.598940E-6
        9520.   7.036700E-6
        9560.   5.658290E-6
        9580.   8.070640E-6
        9620.   3.776360E-6
        9640.   5.562700E-6
        9660.   2.486810E-7
        9680.   5.529880E-6
        9700.   6.547060E-6
        9720.   1.906510E-6
        9740.   6.192090E-6
        9760.   4.850090E-6
        9780.   3.026890E-6
        9800.   6.788550E-6
        9840.   7.773670E-6
        9860.   7.142740E-6
        9900.   6.162730E-6
        9920.   6.765340E-6
        9960.   5.100670E-6
        9980.   6.416170E-6
       10000.   1.732080E-6
       10020.   6.110260E-6
       10040.   4.762830E-6
       10060.   1.700700E-6
       10080.   4.868230E-6
       10100.   4.461950E-6
       10120.   1.638600E-6
       10140.   5.678310E-6
       10180.   5.388650E-6
       10200.   5.512820E-6
       10240.   6.416460E-6
       10260.   5.562890E-6
       10280.   2.380560E-6
       10300.   8.384520E-6
       10320.   8.994130E-6
       10340.   3.348110E-6
       10360.   9.464090E-6
       10380.   9.836710E-6
       10400.   5.878090E-6
       10420.   9.887270E-6
       10440.   8.802920E-6
       10460.   7.545860E-6
       10480.   1.295470E-5
       10500.   1.044530E-5
       10520.   1.660330E-5
       10540.   1.921850E-5
       10560.   2.112770E-5
       10580.   3.423890E-5
       10600.   4.176790E-5
       10620.   4.953360E-5
       10640.   6.795490E-5
       10660.   7.871480E-5
       10680.   8.982020E-5
       10700.   1.092050E-4
       10720.   1.143770E-4
       10740.   1.319750E-4
       10760.   1.605010E-4
       10780.   1.686000E-4
       10800.   1.983280E-4
       10820.   2.324880E-4
       10840.   2.574280E-4
       10860.   2.759820E-4
       10880.   3.046700E-4
       10900.   3.107310E-4
       10920.   3.239540E-4
       10940.   3.164910E-4
       10960.   3.070640E-4
       10980.   3.147120E-4
       11000.   3.503670E-4
       11001.            0.
       11002.            0.
