        1938.            0.
        1939.            0.
        1940.   3.023720E-8
        1950.   6.517260E-8
        1960.   1.015150E-8
        1970.   5.269510E-8
        1980.  1.000230E-10
        1990.   3.313890E-8
        2000.   4.023960E-8
        2010.   5.204140E-8
        2020.   8.747710E-9
        2030.   5.143860E-8
        2040.   4.541710E-9
        2050.   6.368530E-8
        2060.   2.206350E-8
        2070.  4.419880E-10
        2080.   5.905230E-8
        2090.   2.458750E-8
        2100.   2.024890E-8
        2110.   1.872850E-8
        2120.   1.157010E-8
        2130.   2.719380E-8
        2140.   3.549860E-8
        2150.   2.803290E-8
        2160.   1.376440E-9
        2170.   2.224550E-8
        2180.   1.945320E-8
        2190.   1.862830E-8
        2200.   2.878840E-8
        2210.   6.193400E-9
        2220.   8.518740E-9
        2230.   3.887390E-8
        2240.   2.128890E-8
        2250.   1.081880E-8
        2260.   3.855230E-8
        2270.  9.751300E-10
        2280.  1.000230E-10
        2290.   1.734390E-8
        2300.   2.294590E-8
        2310.   1.084090E-8
        2320.   1.396530E-8
        2330.   1.575190E-8
        2340.   3.773230E-9
        2350.   1.358160E-8
        2360.  1.000230E-10
        2370.   2.103640E-8
        2380.  1.000230E-10
        2390.   3.591630E-9
        2400.  3.169740E-10
        2410.   1.260660E-8
        2420.   1.926740E-8
        2430.   1.693190E-8
        2440.  1.000230E-10
        2450.   6.135980E-9
        2460.   3.255090E-9
        2470.  1.000230E-10
        2480.   5.889080E-9
        2490.   2.327280E-8
        2500.   3.204990E-8
        2510.   4.083400E-8
        2520.  1.000230E-10
        2530.   5.187070E-8
        2540.  1.000230E-10
        2550.   2.203340E-8
        2560.  2.584500E-10
        2570.   9.350350E-9
        2580.  1.000230E-10
        2590.   9.417200E-9
        2600.  1.000230E-10
        2610.   3.940600E-8
        2620.   1.363600E-8
        2630.   1.537510E-8
        2640.   9.937940E-9
        2650.  1.000230E-10
        2660.   8.367210E-9
        2670.   3.789380E-8
        2680.   5.105430E-9
        2690.   1.035090E-8
        2700.  1.000230E-10
        2710.   7.144420E-9
        2720.   2.065490E-8
        2730.  1.000230E-10
        2740.   1.461550E-9
        2750.   1.500040E-8
        2760.   1.633780E-8
        2770.   3.152930E-8
        2780.   2.621430E-8
        2790.   1.613610E-8
        2800.   6.578670E-8
        2810.   2.369930E-8
        2820.   1.909380E-8
        2830.   1.233720E-8
        2840.   2.680900E-8
        2850.   1.593360E-8
        2860.  1.000230E-10
        2870.   1.615500E-8
        2880.   2.477090E-8
        2890.  1.000230E-10
        2900.   4.207620E-8
        2910.   3.822100E-8
        2920.   5.944400E-8
        2930.   6.875430E-8
        2940.   1.087750E-7
        2950.   1.240510E-7
        2960.   1.414240E-7
        2970.   2.275890E-7
        2980.   2.622850E-7
        2990.   3.194350E-7
        3000.   3.975430E-7
        3010.   5.357100E-7
        3020.   6.327030E-7
        3030.   8.340170E-7
        3040.   9.914460E-7
        3050.   1.198960E-6
        3060.   1.202420E-6
        3070.   1.238750E-6
        3080.   1.290310E-6
        3090.   1.254440E-6
        3100.   1.296070E-6
        3110.   1.320820E-6
        3120.   1.336960E-6
        3130.   1.404160E-6
        3140.   1.385210E-6
        3150.   1.227250E-6
        3160.   1.294150E-6
        3170.   1.204120E-6
        3180.   1.107890E-6
        3190.   1.153110E-6
        3200.   1.023580E-6
        3210.   9.644490E-7
        3220.   9.525570E-7
        3230.   8.310190E-7
        3240.   8.141060E-7
        3250.   7.979780E-7
        3260.   7.194640E-7
        3270.   6.571860E-7
        3280.   6.290400E-7
        3290.   5.812120E-7
        3300.   5.718800E-7
        3310.   5.147300E-7
        3320.   4.854990E-7
        3330.   4.697720E-7
        3340.   4.545570E-7
        3350.   3.999700E-7
        3360.   4.220490E-7
        3370.   3.599700E-7
        3380.   3.414950E-7
        3390.   3.335160E-7
        3400.   3.039560E-7
        3410.   3.390880E-7
        3420.   3.111130E-7
        3430.   3.199750E-7
        3440.   2.861310E-7
        3450.   2.099510E-7
        3460.   2.463380E-7
        3470.   1.148910E-7
        3480.   7.786440E-8
        3490.   3.893080E-8
        3500.  1.000230E-10
        3510.   4.844140E-8
        3520.   4.263550E-8
        3530.   1.215460E-7
        3540.   1.354790E-7
        3550.   1.953530E-7
        3560.   2.154450E-7
        3570.   2.583640E-7
        3580.   2.673010E-7
        3590.   2.636970E-7
        3600.   2.417150E-7
        3610.   2.178990E-7
        3620.   1.702430E-7
        3630.   2.313360E-7
        3640.   2.387710E-7
        3650.   2.435330E-7
        3660.   2.064150E-7
        3670.   2.482030E-7
        3680.   1.525730E-7
        3690.   1.331300E-7
        3700.   8.166480E-8
        3710.   9.353130E-8
        3720.   1.255130E-7
        3730.   1.308140E-7
        3740.   1.481670E-7
        3750.   1.341130E-7
        3760.   1.181440E-7
        3770.   1.605900E-7
        3780.   2.687280E-7
        3790.   1.124680E-7
        3800.   2.836510E-7
        3810.   1.227800E-7
        3820.   1.173430E-7
        3830.   1.181190E-7
        3840.   1.541930E-7
        3850.   1.593360E-7
        3860.   1.524670E-7
        3870.   5.257830E-8
        3880.   9.051370E-8
        3890.   1.010440E-7
        3900.   1.069660E-7
        3910.   1.165530E-7
        3920.   5.539420E-8
        3930.   2.394680E-8
        3940.   8.032300E-8
        3950.   8.303080E-8
        3960.   9.532830E-8
        3970.   1.618970E-7
        3980.   5.532780E-8
        3990.   5.488060E-8
        4000.   3.882920E-8
        4010.   1.884840E-8
        4020.   6.101650E-8
        4030.   3.356000E-8
        4040.   2.638150E-8
        4050.   6.764240E-8
        4060.   3.388090E-8
        4070.   1.180680E-7
        4080.   1.648820E-7
        4090.   2.555220E-7
        4100.   3.016980E-7
        4110.   3.388740E-7
        4120.   3.638610E-7
        4130.   3.696470E-7
        4140.   3.588660E-7
        4150.   3.735010E-7
        4160.   3.543370E-7
        4170.   4.004100E-7
        4180.   3.753250E-7
        4190.   4.204720E-7
        4200.   4.123580E-7
        4210.   4.394340E-7
        4220.   3.711490E-7
        4230.   3.515130E-7
        4240.   3.362850E-7
        4250.   2.378840E-7
        4260.   2.457620E-7
        4270.   2.524530E-7
        4280.   2.551630E-7
        4290.   2.291200E-7
        4300.   2.023340E-7
        4310.   2.037620E-7
        4320.   2.500020E-7
        4330.   2.569550E-7
        4340.   2.918640E-7
        4350.   3.138770E-7
        4360.   3.738880E-7
        4370.   3.761910E-7
        4380.   4.281630E-7
        4390.   4.743120E-7
        4400.   5.449040E-7
        4410.   5.698330E-7
        4420.   5.976760E-7
        4430.   5.553230E-7
        4440.   5.412850E-7
        4450.   4.972230E-7
        4460.   4.862860E-7
        4470.   5.179780E-7
        4480.   5.246260E-7
        4490.   5.849320E-7
        4500.   6.336100E-7
        4510.   5.926480E-7
        4520.   5.631010E-7
        4530.   5.869580E-7
        4540.   6.208900E-7
        4550.   6.403110E-7
        4560.   6.725030E-7
        4570.   6.143900E-7
        4580.   5.588020E-7
        4590.   6.164770E-7
        4600.   6.086850E-7
        4610.   6.273630E-7
        4620.   6.294420E-7
        4630.   6.383220E-7
        4640.   6.055470E-7
        4650.   5.335170E-7
        4660.   4.019350E-7
        4670.   3.548080E-7
        4680.   3.086680E-7
        4690.   3.453450E-7
        4700.   3.841060E-7
        4710.   4.744810E-7
        4720.   5.543190E-7
        4730.   6.007240E-7
        4740.   6.761810E-7
        4750.   6.762770E-7
        4760.   7.155680E-7
        4770.   7.409500E-7
        4780.   7.864210E-7
        4790.   7.639960E-7
        4800.   6.699850E-7
        4810.   6.844710E-7
        4820.   5.911750E-7
        4830.   5.553480E-7
        4840.   5.688420E-7
        4850.   4.601510E-7
        4860.   5.047220E-7
        4870.   4.651040E-7
        4880.   3.844100E-7
        4890.   3.043970E-7
        4900.   2.383910E-7
        4910.   2.495850E-7
        4920.   1.878230E-7
        4930.   2.546980E-7
        4940.   3.425040E-7
        4950.   3.964260E-7
        4960.   4.817970E-7
        4970.   5.075710E-7
        4980.   5.301650E-7
        4990.   5.145530E-7
        5000.   5.389050E-7
        5010.   5.247420E-7
        5020.   6.316320E-7
        5030.   6.061960E-7
        5040.   5.919720E-7
        5050.   6.147110E-7
        5060.   6.455270E-7
        5070.   6.118320E-7
        5080.   5.491320E-7
        5090.   5.568010E-7
        5100.   5.746620E-7
        5110.   5.417450E-7
        5120.   5.631240E-7
        5130.   5.482320E-7
        5140.   4.863960E-7
        5150.   4.288490E-7
        5160.   4.010320E-7
        5170.   3.894280E-7
        5180.   4.162560E-7
        5190.   4.770550E-7
        5200.   5.113000E-7
        5210.   6.509760E-7
        5220.   6.760350E-7
        5230.   7.591640E-7
        5240.   8.411660E-7
        5250.   9.489450E-7
        5260.   1.078390E-6
        5270.   1.153630E-6
        5280.   1.200690E-6
        5290.   1.264840E-6
        5300.   1.185180E-6
        5310.   1.196440E-6
        5320.   1.196810E-6
        5330.   1.216800E-6
        5340.   1.229460E-6
        5350.   1.241340E-6
        5360.   1.317940E-6
        5370.   1.266310E-6
        5380.   1.198510E-6
        5390.   1.049290E-6
        5400.   8.752400E-7
        5410.   6.480460E-7
        5420.   5.594140E-7
        5430.   4.399360E-7
        5440.   4.926040E-7
        5450.   7.009950E-7
        5460.   9.081170E-7
        5470.   1.036050E-6
        5480.   1.073440E-6
        5490.   1.124910E-6
        5500.   1.070960E-6
        5510.   1.037640E-6
        5520.   9.771900E-7
        5530.   9.986750E-7
        5540.   9.586350E-7
        5550.   9.575421E-7
        5560.   1.048020E-6
        5570.   1.031070E-6
        5580.   1.105360E-6
        5590.   1.088400E-6
        5600.   1.189310E-6
        5610.   1.214010E-6
        5620.   1.122000E-6
        5630.   1.073830E-6
        5640.   8.478570E-7
        5650.   6.213660E-7
        5660.   4.226980E-7
        5670.   2.070820E-7
        5680.   1.674640E-7
        5690.   1.921970E-7
        5700.   3.036020E-7
        5710.   3.411900E-7
        5720.   3.088180E-7
        5730.   2.807220E-7
        5740.   2.336170E-7
        5750.   1.994690E-7
        5760.   1.048370E-7
        5770.   6.539580E-8
        5780.   4.284640E-8
        5790.   9.046070E-8
        5800.   7.780540E-8
        5810.   7.155290E-8
        5820.   4.575020E-8
        5830.   8.075320E-8
        5840.   1.711860E-8
        5850.   4.058260E-8
        5860.   3.221800E-8
        5870.   5.330280E-8
        5880.  1.000230E-10
        5890.  1.000230E-10
        5900.   4.615150E-8
        5910.   2.714440E-8
        5920.  1.000230E-10
        5930.   1.542560E-8
        5940.   1.072870E-8
        5950.  1.000230E-10
        5960.  1.000230E-10
        5970.  1.000230E-10
        5980.  1.000230E-10
        5990.  1.425320E-10
        6000.   5.956560E-8
        6010.   5.310240E-9
        6020.   9.171600E-9
        6030.  1.000230E-10
        6040.   9.245650E-9
        6050.   3.873060E-8
        6060.   3.721600E-9
        6070.   2.554940E-8
        6080.   1.401880E-8
        6090.   1.530540E-8
        6100.   6.432370E-8
        6110.  1.000230E-10
        6120.  1.000230E-10
        6130.   9.141320E-9
        6140.   4.726430E-8
        6150.   4.564070E-8
        6160.   3.575140E-8
        6170.   8.978630E-8
        6180.   2.421940E-8
        6190.   2.287620E-8
        6200.   3.327940E-8
        6210.   1.806800E-8
        6220.   3.554020E-8
        6230.   5.083890E-8
        6240.   3.188780E-8
        6250.   4.057180E-8
        6260.   4.406200E-8
        6270.   4.235070E-8
        6280.   4.897260E-8
        6290.   7.996140E-8
        6300.   1.608010E-8
        6310.   3.303290E-8
        6320.   2.799720E-8
        6330.   5.050980E-8
        6340.   4.688570E-8
        6350.   3.807270E-8
        6360.   4.479790E-8
        6370.   5.595700E-9
        6380.   6.415920E-8
        6390.   2.095350E-8
        6400.   9.154890E-8
        6410.   3.283330E-8
        6420.   5.629910E-8
        6430.   7.962090E-8
        6440.   7.018550E-8
        6536.   1.000000E-5
       6536.5   6.000000E-6
        6537.   1.000000E-5
       6537.5   1.800000E-5
        6538.   2.500000E-5
       6538.5   2.800000E-5
        6539.   3.200000E-5
       6539.5   4.500000E-5
        6540.   5.600000E-5
       6540.5   6.800000E-5
        6541.   8.500000E-5
       6541.5   1.040000E-4
        6542.   1.300000E-4
       6542.5   1.510000E-4
        6543.   1.870000E-4
       6543.5   2.200000E-4
        6544.   2.800000E-4
       6544.5   3.440000E-4
        6545.   4.490000E-4
       6545.5   5.590000E-4
        6546.   7.730000E-4
       6546.5      0.001103
        6547.      0.001686
       6547.5      0.002951
        6548.      0.004987
       6548.5      0.009988
        6549.      0.016014
       6549.5       0.03444
        6550.      0.055222
       6550.5      0.104637
        6551.       0.15133
       6551.5      0.256518
        6552.      0.355025
       6552.5      0.487383
        6553.      0.600858
       6553.5      0.697218
        6554.      0.776734
       6554.5      0.817892
        6555.      0.842863
       6555.5      0.850249
        6556.      0.853967
       6556.5      0.855525
        6557.      0.855148
       6557.5      0.854752
        6558.      0.854161
       6558.5      0.853827
        6559.      0.854971
       6559.5      0.853315
        6560.      0.853486
       6560.5      0.850816
        6561.       0.84459
       6561.5       0.83779
        6562.      0.831192
       6562.5      0.821468
        6563.      0.815469
       6563.5       0.81084
        6564.      0.809151
       6564.5      0.811099
        6565.      0.813534
       6565.5      0.818327
        6566.      0.821027
       6566.5      0.820676
        6567.      0.813416
       6567.5      0.800655
        6568.      0.768848
       6568.5      0.731722
        6569.      0.651104
       6569.5       0.57649
        6570.       0.45657
       6570.5      0.356995
        6571.      0.238345
       6571.5      0.152381
        6572.      0.090223
       6572.5      0.049398
        6573.      0.026388
       6573.5      0.012533
        6574.      0.006985
       6574.5      0.003537
        6575.      0.002261
       6575.5      0.001213
        6576.   8.210000E-4
       6576.5   5.090000E-4
        6577.   3.730000E-4
       6577.5   2.450000E-4
        6578.   1.930000E-4
       6578.5   1.320000E-4
        6579.   1.110000E-4
       6579.5   8.500000E-5
        6580.   6.600000E-5
       6580.5   5.500000E-5
        6581.   4.400000E-5
       6581.5   4.100000E-5
        6582.   2.900000E-5
       6582.5   3.200000E-5
        6583.   1.800000E-5
       6583.5   1.800000E-5
        6584.   1.500000E-5
       6584.5   1.000000E-5
        6680.   1.578030E-7
        6690.   1.268660E-7
        6700.   7.718520E-8
        6710.   1.631910E-7
        6720.   6.533580E-8
        6730.   7.461380E-8
        6740.   9.957360E-8
        6750.   7.306190E-8
        6760.   5.055890E-8
        6770.   5.828140E-8
        6780.   9.437440E-8
        6790.   8.682260E-8
        6800.   9.838250E-8
        6810.   9.189180E-8
        6820.   7.526280E-8
        6830.   9.328010E-8
        6840.   6.564000E-8
        6850.   7.589280E-8
        6860.   7.875970E-8
        6870.   6.873640E-8
        6880.   8.302330E-8
        6890.   7.228310E-8
        6900.   9.514520E-8
        6910.   3.177630E-8
        6920.   7.438130E-8
        6930.   7.758130E-8
        6940.   9.583030E-8
        6950.   6.669850E-8
        6960.   6.575790E-8
        6970.   5.618240E-8
        6980.   7.488690E-8
        6990.   4.432280E-8
        7000.   6.440910E-8
        7010.   3.622100E-8
        7020.   4.252260E-8
        7030.   5.105740E-8
        7040.   2.773530E-9
        7050.   4.963480E-8
        7060.   3.582260E-8
        7070.   9.381490E-8
        7080.   7.574340E-8
        7090.   8.269040E-8
        7100.   6.618600E-8
        7110.   1.138360E-7
        7120.   9.900080E-8
        7130.   7.793290E-8
        7140.   9.149370E-8
        7150.   8.977310E-8
        7160.   1.556130E-7
        7170.   6.991540E-8
        7180.   8.699460E-8
        7190.   6.088260E-8
        7200.   9.751960E-8
        7210.   1.227710E-7
        7220.   1.001870E-7
        7230.   1.270640E-7
        7240.   1.204010E-7
        7250.   6.286600E-8
        7260.   6.239260E-8
        7270.   1.323610E-7
        7280.   9.510650E-8
        7290.   6.564070E-8
        7300.   7.614420E-8
        7310.   1.362030E-7
        7320.   9.322940E-8
        7330.   9.377520E-8
        7340.   1.252760E-7
        7350.   1.428740E-7
        7360.   9.677090E-8
        7370.   1.605670E-7
        7380.   1.175620E-7
        7390.   1.082320E-7
        7400.   1.162140E-7
        7410.   1.281750E-7
        7420.   1.097200E-7
        7430.   1.479230E-7
        7440.   9.066750E-8
        7450.   1.441220E-7
        7460.   8.805060E-8
        7470.   7.266410E-8
        7480.   6.932490E-8
        7490.   4.882400E-8
        7500.   8.847940E-8
        7510.   1.031680E-7
        7520.   1.450500E-7
        7530.   1.128730E-6
        7540.   3.407630E-6
        7550.   6.991140E-6
        7560.   1.101000E-5
        7570.   1.467030E-5
        7580.   1.595810E-5
        7590.   1.578170E-5
        7600.   1.367800E-5
        7610.   1.091350E-5
        7620.   8.391330E-6
        7630.   6.501090E-6
        7640.   4.896250E-6
        7650.   3.720990E-6
        7660.   2.744040E-6
        7670.   2.165890E-6
        7680.   1.668370E-6
        7690.   1.385140E-6
        7700.   1.133470E-6
        7710.   9.915650E-7
        7720.   8.178320E-7
        7730.   6.597270E-7
        7740.   6.130090E-7
        7750.   5.031220E-7
        7760.   3.618220E-7
        7770.   3.470050E-7
        7780.   3.026090E-7
        7790.   2.858350E-7
        7800.   2.560270E-7
        7810.   1.648530E-7
        7820.   1.647140E-7
        7830.   2.134330E-7
        7840.   1.844540E-7
        7850.   1.149060E-7
        7860.   1.718390E-7
        7870.   1.456680E-7
        7880.   1.311400E-7
        7890.   9.740110E-8
        7900.   1.415640E-7
        7910.   1.132720E-7
        7920.   1.185570E-7
        7930.   7.520380E-8
        7940.   3.937530E-8
        7950.   1.137180E-7
        7960.   9.280810E-8
        7970.   1.040170E-7
        7980.   7.313810E-8
        7990.   7.781390E-8
        8000.   6.125760E-8
        8010.   4.378630E-8
        8020.   7.727310E-8
        8030.   8.863210E-8
        8040.   7.606630E-8
        8050.   1.041490E-7
        8060.   1.187720E-7
        8070.   3.057140E-8
        8080.   6.533800E-8
        8090.   2.445900E-8
        8100.   4.976090E-8
        8110.   7.528700E-8
        8120.   5.332780E-8
        8130.   9.498320E-8
        8140.   4.708670E-8
        8150.   1.248400E-7
        8160.   2.465210E-8
        8170.   1.768040E-7
        8180.   9.052510E-8
        8190.   9.224540E-8
        8200.   7.740600E-8
        8210.   9.450920E-8
        8220.   7.719000E-8
        8230.   8.440400E-8
        8240.   8.681950E-8
        8250.   8.264690E-8
        8260.   8.229760E-8
        8270.   5.341420E-8
        8280.   1.087140E-7
        8290.   8.261330E-8
        8300.   1.092090E-7
        8310.   1.040640E-7
        8320.   9.409140E-8
        8330.   1.114090E-7
        8340.   1.103390E-7
        8350.   1.027360E-7
        8360.   5.642590E-8
        8370.   5.574580E-8
        8380.   1.577410E-7
        8390.   1.160880E-7
        8400.   1.062140E-7
        8410.   1.180230E-7
        8420.   4.270730E-8
        8430.   1.177700E-7
        8440.   1.388580E-7
        8450.   7.874920E-8
        8460.   7.747900E-8
        8470.   9.609440E-8
        8480.   9.725880E-8
        8490.   6.705910E-8
        8500.   4.567450E-6
        8510.   2.475130E-6
        8520.   1.681840E-7
        8530.  1.000230E-10
        8540.  1.000230E-10
        8550.   1.184020E-6
        8560.  1.000230E-10
        8570.   2.454060E-7
        8580.   6.065780E-6
        8590.  1.000230E-10
        8600.  1.000230E-10
        8610.   6.567610E-6
        8620.  1.000230E-10
        8630.  1.000230E-10
        8640.  1.000230E-10
        8650.   1.983960E-6
        8660.   3.228100E-6
        8670.   1.873950E-6
        8680.  1.000230E-10
        8690.  1.000230E-10
        8700.   2.746700E-8
        8710.  1.000230E-10
        8720.   2.593830E-6
        8730.   2.430100E-6
        8740.  1.000230E-10
        8750.  1.000230E-10
        8760.  1.000230E-10
        8770.   1.670590E-7
        8780.   3.506310E-6
        8790.  1.000230E-10
        8800.  1.000230E-10
        8810.  1.000230E-10
        8820.  1.000230E-10
        8830.  1.000230E-10
        8840.   3.124030E-7
        8850.   2.242460E-6
        8860.   4.652230E-6
        8870.   1.814370E-6
        8880.  1.000230E-10
        8890.  1.000230E-10
        8900.  1.000230E-10
        8910.   1.083990E-6
        8920.   3.299620E-7
        8930.   1.600530E-6
        8940.  1.000230E-10
        8950.  1.000230E-10
        8960.  1.000230E-10
        8970.   5.338640E-7
        8980.  1.000230E-10
        8990.  1.000230E-10
        9000.  1.000230E-10
        9010.  1.000230E-10
        9020.   6.640470E-7
        9030.   1.738180E-6
        9040.   3.854300E-7
        9050.  1.000230E-10
        9060.  1.000230E-10
        9070.   2.432200E-6
        9080.   7.243340E-7
        9090.  1.000230E-10
        9100.  1.000230E-10
        9110.  1.000230E-10
        9120.  1.000230E-10
        9130.   9.653151E-7
        9140.   4.658220E-7
        9150.   1.104240E-6
        9160.  1.000230E-10
        9170.  1.000230E-10
        9180.  1.000230E-10
        9190.  1.000230E-10
        9200.  1.000230E-10
        9210.  1.000230E-10
        9220.  1.000230E-10
        9230.  1.000230E-10
        9240.  1.000230E-10
        9250.   7.658520E-7
        9260.   3.587960E-7
        9270.  1.000230E-10
        9280.  1.000230E-10
        9290.  1.000230E-10
        9300.  1.000230E-10
        9310.   3.951670E-7
        9320.  1.000230E-10
        9330.   1.600130E-7
        9340.   2.340090E-7
        9350.   3.057370E-7
        9360.  1.000230E-10
        9370.  1.000230E-10
        9380.  1.000230E-10
        9390.  1.000230E-10
        9400.   7.925500E-7
        9410.  1.000230E-10
        9420.  1.000230E-10
        9430.  1.000230E-10
        9440.  1.000230E-10
        9450.  1.000230E-10
        9460.  1.000230E-10
        9470.  1.000230E-10
        9480.  1.000230E-10
        9490.   7.095370E-7
        9500.  1.000230E-10
        9510.  1.000230E-10
        9520.  1.000230E-10
        9530.  1.000230E-10
        9540.  1.000230E-10
        9550.  1.000230E-10
        9560.  1.000230E-10
        9570.  1.000230E-10
        9580.   1.011050E-7
        9590.   2.125570E-7
        9600.   6.101520E-7
        9610.  1.000230E-10
        9620.  1.000230E-10
        9630.   3.862770E-7
        9640.   4.922540E-7
        9650.  1.000230E-10
        9660.  1.000230E-10
        9670.  1.000230E-10
        9680.   4.269740E-8
        9690.   3.775550E-7
        9700.   2.239130E-7
        9710.  1.000230E-10
        9720.   2.289510E-7
        9730.   7.513390E-7
        9740.   1.271070E-7
        9750.  1.000230E-10
        9760.  1.000230E-10
        9770.  1.000230E-10
        9780.  1.000230E-10
        9790.   9.289080E-9
        9800.   2.937940E-7
        9810.   2.031910E-7
        9820.   3.254060E-7
        9830.  1.000230E-10
        9840.  1.000230E-10
        9850.  1.000230E-10
        9860.  1.000230E-10
        9870.   1.890930E-7
        9880.   1.254380E-7
        9890.  1.000230E-10
        9900.  1.000230E-10
        9910.  1.000230E-10
        9920.   3.069530E-7
        9930.  1.000230E-10
        9940.  1.000230E-10
        9950.   3.248760E-7
        9960.   2.365360E-7
        9970.  1.000230E-10
        9980.  1.000230E-10
        9990.   3.108860E-8
       10000.  1.000230E-10
       10010.  1.000230E-10
       10020.   4.447890E-7
       10030.  1.000230E-10
       10040.  1.000230E-10
       10050.  1.000230E-10
       10060.   1.441880E-7
       10070.  1.000230E-10
       10080.  1.000230E-10
       10090.  1.000230E-10
       10100.  1.000230E-10
       10110.  1.000230E-10
       10120.  1.000230E-10
       10130.  1.000230E-10
       10140.  1.000230E-10
       10150.  1.000230E-10
       10160.  1.000230E-10
       10170.  1.000230E-10
       10180.  1.000230E-10
       10190.  1.000230E-10
       10200.  1.000230E-10
       10210.  1.000230E-10
       10220.  1.000230E-10
       10230.  1.000230E-10
       10240.  1.000230E-10
       10250.  1.000230E-10
       10260.  1.000230E-10
       10270.  1.000230E-10
       10280.  1.000230E-10
       10290.   8.520460E-8
       10300.   4.550120E-8
       10310.  1.000230E-10
       10320.   5.548960E-8
       10330.   2.119120E-7
       10340.  1.000230E-10
       10350.  1.000230E-10
       10360.  1.000230E-10
       10370.   2.099840E-7
       10380.  1.000230E-10
       10390.  1.000230E-10
       10400.   2.867610E-7
       10410.  1.000230E-10
       10420.  1.000230E-10
       10430.  1.000230E-10
       10440.  1.000230E-10
       10450.   1.587000E-7
       10460.  1.000230E-10
       10470.  1.000230E-10
       10480.  1.000230E-10
       10490.  1.000230E-10
       10500.  1.000230E-10
       10510.  1.000230E-10
       10520.  1.000230E-10
       10530.  1.000230E-10
       10540.  1.000230E-10
       10550.  1.000230E-10
       10560.  1.000230E-10
       10570.  1.000230E-10
       10580.  1.000230E-10
       10590.  1.000230E-10
       10600.   1.685940E-7
       10610.  1.000230E-10
       10620.  1.000230E-10
       10630.   2.051260E-8
       10640.   3.834610E-8
       10650.  1.000230E-10
       10660.   2.830530E-8
       10670.  1.000230E-10
       10680.  1.000230E-10
       10690.  1.000230E-10
       10700.   2.063770E-7
       10710.  1.000230E-10
       10720.  1.000230E-10
       10730.  1.000230E-10
       10740.   2.040810E-7
       10750.  1.000230E-10
       10760.  1.000230E-10
       10770.  1.000230E-10
       10780.  1.000230E-10
       10790.  1.000230E-10
       10800.  1.000230E-10
       10810.  1.000230E-10
       10820.  1.000230E-10
       10830.  1.000230E-10
       10840.   2.295670E-7
       10850.   2.480240E-7
       10860.  1.000230E-10
       10870.  1.000230E-10
       10880.   1.188730E-7
       10890.  1.000230E-10
       10900.  1.000230E-10
       10910.  1.000230E-10
       10920.  1.000230E-10
       10930.   1.864610E-7
       10940.  1.000230E-10
       10950.  1.000230E-10
       10960.  1.000230E-10
       10970.  1.000230E-10
       10980.  1.000230E-10
       10990.   1.358270E-7
       11000.  1.000230E-10
       11001.            0.
       11002.            0.
