        1938.            0.
        1939.            0.
        1940.  1.000230E-10
        1950.   4.680040E-8
        1960.  1.000230E-10
        1970.   5.632850E-8
        1980.  1.000230E-10
        1990.   6.565000E-8
        2000.   1.470450E-8
        2010.  1.000230E-10
        2020.   3.450080E-8
        2030.  1.000230E-10
        2040.   1.694820E-8
        2050.   7.217040E-8
        2060.   1.135770E-8
        2070.   2.220380E-8
        2080.   1.577390E-8
        2090.   1.755170E-8
        2100.  1.000230E-10
        2110.   1.205890E-8
        2120.   2.521440E-8
        2130.  1.000230E-10
        2140.   2.923740E-8
        2150.   8.278500E-9
        2160.   3.206930E-8
        2170.   1.635630E-9
        2180.   2.051720E-8
        2190.   1.549980E-8
        2200.   1.454430E-8
        2210.   2.048470E-8
        2220.   6.245640E-9
        2230.  1.000230E-10
        2240.  1.000230E-10
        2250.  1.000230E-10
        2260.   1.594730E-8
        2270.   2.484720E-8
        2280.   2.919450E-8
        2290.  1.000230E-10
        2300.   1.825650E-8
        2310.  1.000230E-10
        2320.   1.213960E-8
        2330.  1.000230E-10
        2340.  1.000230E-10
        2350.  1.000230E-10
        2360.   8.549980E-9
        2370.   4.185160E-8
        2380.   1.070620E-8
        2390.  1.000230E-10
        2400.   2.665930E-8
        2410.   6.887540E-9
        2420.   1.536060E-8
        2430.   1.588990E-8
        2440.  1.000230E-10
        2450.   6.821730E-9
        2460.  1.000230E-10
        2470.   1.329950E-8
        2480.   1.522410E-8
        2490.  1.000230E-10
        2500.   2.962330E-8
        2510.   3.132790E-8
        2520.   3.207800E-8
        2530.   5.716050E-8
        2540.  1.000230E-10
        2550.   9.480520E-9
        2560.   2.826800E-8
        2570.  1.000230E-10
        2580.   4.638190E-9
        2590.   2.709900E-8
        2600.   1.343710E-8
        2610.   1.683460E-9
        2620.   9.988780E-9
        2630.  1.000230E-10
        2640.   4.105740E-8
        2650.  1.000230E-10
        2660.   5.377620E-9
        2670.  1.000230E-10
        2680.   6.719830E-9
        2690.   6.413060E-9
        2700.   3.158380E-8
        2710.   2.354770E-9
        2720.   1.499710E-8
        2730.   3.785310E-8
        2740.  1.000230E-10
        2750.   3.068080E-8
        2760.  1.000230E-10
        2770.  1.000230E-10
        2780.   4.995540E-9
        2790.   3.054050E-8
        2800.   5.395150E-8
        2810.  1.000230E-10
        2820.   1.841660E-8
        2830.  1.000230E-10
        2840.   1.459030E-8
        2850.  1.000230E-10
        2860.   3.359840E-8
        2870.   2.493620E-8
        2880.   1.329770E-8
        2890.   3.269090E-8
        2900.   5.987850E-8
        2910.   4.522010E-8
        2920.   7.396950E-8
        2930.   1.006230E-7
        2940.   7.219080E-8
        2950.   1.003550E-7
        2960.   1.515550E-7
        2970.   1.389650E-7
        2980.   2.138000E-7
        2990.   2.774190E-7
        3000.   2.362120E-7
        3010.   2.240360E-7
        3020.   3.042720E-7
        3030.   3.580600E-7
        3040.   3.449340E-7
        3050.   3.675080E-7
        3060.   3.935750E-7
        3070.   3.933600E-7
        3080.   3.267040E-7
        3090.   3.337900E-7
        3100.   1.135520E-7
        3110.   9.783450E-8
        3120.   7.146240E-8
        3130.   4.344470E-8
        3140.   8.402450E-8
        3150.   9.772320E-8
        3160.   1.894020E-7
        3170.   2.698500E-7
        3180.   2.226180E-7
        3190.   2.503400E-7
        3200.   3.211290E-7
        3210.   4.126760E-7
        3220.   2.584070E-7
        3230.   3.531290E-7
        3240.   3.843940E-7
        3250.   4.084060E-7
        3260.   4.383690E-7
        3270.   4.373660E-7
        3280.   4.847010E-7
        3290.   5.171100E-7
        3300.   4.626520E-7
        3310.   5.261170E-7
        3320.   4.080960E-7
        3330.   3.744040E-7
        3340.   4.245390E-7
        3350.   3.623630E-7
        3360.   4.227150E-7
        3370.   4.390150E-7
        3380.   5.239960E-7
        3390.   4.649760E-7
        3400.   6.031360E-7
        3410.   5.462430E-7
        3420.   4.593280E-7
        3430.   4.489470E-7
        3440.   3.726640E-7
        3450.   3.708100E-7
        3460.   3.106500E-7
        3470.   4.579110E-7
        3480.   3.684160E-7
        3490.   5.523020E-7
        3500.   4.995180E-7
        3510.   6.067630E-7
        3520.   6.936120E-7
        3530.   5.816770E-7
        3540.   4.593610E-7
        3550.   4.730160E-7
        3560.   5.652900E-7
        3570.   4.394620E-7
        3580.   4.094700E-7
        3590.   3.844700E-7
        3600.   3.257440E-7
        3610.   3.829090E-7
        3620.   4.555730E-7
        3630.   3.450680E-7
        3640.   6.824390E-7
        3650.   5.292780E-7
        3660.   6.331530E-7
        3670.   4.738210E-7
        3680.   6.232140E-7
        3690.   6.108000E-7
        3700.   5.256530E-7
        3710.   5.273670E-7
        3720.   6.460680E-7
        3730.   4.986000E-7
        3740.   3.829060E-7
        3750.   6.365320E-7
        3760.   5.240080E-7
        3770.   5.860720E-7
        3780.   4.615260E-7
        3790.   4.636070E-7
        3800.   7.605720E-7
        3810.   5.945020E-7
        3820.   8.201000E-7
        3830.   7.194060E-7
        3840.   6.685840E-7
        3850.   4.613780E-7
        3860.   7.347150E-7
        3870.   6.493830E-7
        3880.   5.937480E-7
        3890.   9.065380E-7
        3900.   7.877280E-7
        3910.   4.582200E-7
        3920.   6.634340E-7
        3930.   6.703100E-7
        3940.   5.143420E-7
        3950.   8.012890E-7
        3960.   7.508410E-7
        3970.   8.207290E-7
        3980.   7.115380E-7
        3990.   7.851670E-7
        4000.   6.977190E-7
        4010.   7.033100E-7
        4020.   7.003080E-7
        4030.   6.539040E-7
        4040.   6.871620E-7
        4050.   6.488560E-7
        4060.   6.751500E-7
        4070.   6.297240E-7
        4080.   6.524580E-7
        4090.   6.558310E-7
        4100.   6.750440E-7
        4110.   7.395510E-7
        4120.   7.968420E-7
        4130.   7.890630E-7
        4140.   8.446550E-7
        4150.   8.151190E-7
        4160.   8.808660E-7
        4170.   8.539950E-7
        4180.   8.960460E-7
        4190.   9.249160E-7
        4200.   9.081640E-7
        4210.   8.440150E-7
        4220.   8.248630E-7
        4230.   8.254810E-7
        4240.   8.359520E-7
        4250.   8.582600E-7
        4260.   8.807460E-7
        4270.   9.718000E-7
        4280.   1.008340E-6
        4290.   9.650730E-7
        4300.   9.757260E-7
        4310.   9.152380E-7
        4320.   9.083410E-7
        4330.   8.776780E-7
        4340.   9.344630E-7
        4350.   9.302850E-7
        4360.   9.296780E-7
        4370.   9.321160E-7
        4380.   9.268190E-7
        4390.   9.990750E-7
        4400.   1.047730E-6
        4410.   1.038110E-6
        4420.   1.069360E-6
        4430.   1.084190E-6
        4440.   1.080130E-6
        4450.   1.073260E-6
        4460.   1.143500E-6
        4470.   1.116510E-6
        4480.   1.166530E-6
        4490.   1.196180E-6
        4500.   1.205000E-6
        4510.   1.215700E-6
        4520.   1.172560E-6
        4530.   1.131150E-6
        4540.   1.044520E-6
        4550.   9.852490E-7
        4560.   9.516300E-7
        4570.   9.413760E-7
        4580.   9.587030E-7
        4590.   8.890660E-7
        4600.   8.455810E-7
        4610.   8.286860E-7
        4620.   8.133300E-7
        4630.   8.363130E-7
        4640.   8.142450E-7
        4650.   8.362960E-7
        4660.   7.758110E-7
        4670.   6.836220E-7
        4680.   6.784020E-7
        4690.   6.692140E-7
        4700.   7.245830E-7
        4710.   8.375950E-7
        4720.   1.009070E-6
        4730.   1.114690E-6
        4740.   1.233880E-6
        4750.   1.358960E-6
        4760.   1.435090E-6
        4770.   1.392980E-6
        4780.   1.433710E-6
        4790.   1.435360E-6
        4800.   1.401270E-6
        4810.   1.393570E-6
        4820.   1.404520E-6
        4830.   1.333050E-6
        4840.   1.311240E-6
        4850.   1.193230E-6
        4860.   1.098820E-6
        4870.   9.356730E-7
        4880.   7.616580E-7
        4890.   5.673750E-7
        4900.   3.668850E-7
        4910.   2.105980E-7
        4920.   1.214850E-7
        4930.   7.778020E-8
        4940.   1.129780E-7
        4950.   1.774580E-7
        4960.   2.445330E-7
        4970.   3.294820E-7
        4980.   4.000030E-7
        4990.   4.221260E-7
        5000.   3.940720E-7
        5010.   3.531650E-7
        5020.   2.316820E-7
        5030.   1.694630E-7
        5040.   1.015530E-7
        5050.   3.672260E-8
        5060.   3.202070E-8
        5070.   4.700760E-8
        5080.   2.122280E-8
        5090.   3.322190E-8
        5100.   2.958900E-8
        5110.   3.044960E-8
        5120.  1.000230E-10
        5130.   2.729850E-8
        5140.   2.242740E-8
        5150.   3.204970E-8
        5160.   1.207130E-8
        5170.   1.687280E-8
        5180.   1.318270E-8
        5190.   2.874820E-8
        5200.   2.853710E-8
        5210.   1.187100E-8
        5220.   9.455370E-9
        5230.   1.897640E-8
        5240.   2.025970E-8
        5250.   1.999260E-8
        5260.   6.942840E-9
        5270.  1.000230E-10
        5280.   2.246940E-8
        5290.   2.369560E-8
        5300.   3.184490E-9
        5310.   2.977390E-8
        5320.   2.475900E-8
        5330.  1.000230E-10
        5340.   4.153680E-8
        5350.   6.340310E-8
        5360.   2.080710E-8
        5370.   3.691730E-8
        5380.   3.916360E-8
        5390.   4.266410E-8
        5400.   3.401480E-8
        5410.   5.098790E-8
        5420.   6.619350E-8
        5430.   5.085660E-8
        5440.   2.161300E-8
        5450.   4.315350E-8
        5460.   3.518730E-8
        5470.   3.758280E-8
        5480.   8.988710E-8
        5490.   4.142530E-8
        5500.   5.468060E-8
        5510.   6.632420E-8
        5520.   1.467350E-8
        5530.   5.743160E-8
        5540.   4.073100E-8
        5550.   9.210900E-8
        5560.   6.666010E-8
        5570.   7.157710E-8
        5580.   7.542480E-8
        5590.   6.790440E-8
        5600.   6.783720E-8
        5610.   1.243650E-7
        5620.   1.044490E-7
        5630.   1.091990E-7
        5640.   1.856120E-7
       5724.8   4.000000E-6
        5725.   9.000000E-6
       5725.2   2.000000E-6
       5725.4   9.000000E-6
       5725.6   4.000000E-6
       5725.8   4.000000E-6
        5726.   4.000000E-6
       5726.2   4.000000E-6
       5726.4   6.000000E-6
       5726.6   8.000000E-6
       5726.8   4.000000E-6
        5727.   1.100000E-5
       5727.2   5.000000E-6
       5727.4   7.000000E-6
       5727.6   1.400000E-5
       5727.8   1.000000E-5
        5728.   1.400000E-5
       5728.2   1.000000E-5
       5728.4   2.000000E-5
       5728.6   1.200000E-5
       5728.8   1.200000E-5
        5729.   8.000000E-6
       5729.2   2.500000E-5
       5729.4   2.500000E-5
       5729.6   2.400000E-5
       5729.8   2.500000E-5
        5730.   2.500000E-5
       5730.2   2.300000E-5
       5730.4   2.500000E-5
       5730.6   3.100000E-5
       5730.8   2.500000E-5
        5731.   4.200000E-5
       5731.2   3.300000E-5
       5731.4   4.100000E-5
       5731.6   4.700000E-5
       5731.8   4.600000E-5
        5732.   4.700000E-5
       5732.2   5.600000E-5
       5732.4   6.500000E-5
       5732.6   6.500000E-5
       5732.8   6.900000E-5
        5733.   8.900000E-5
       5733.2   9.300000E-5
       5733.4   1.020000E-4
       5733.6   1.060000E-4
       5733.8   1.170000E-4
        5734.   1.290000E-4
       5734.2   1.360000E-4
       5734.4   1.540000E-4
       5734.6   1.700000E-4
       5734.8   1.790000E-4
        5735.   1.960000E-4
       5735.2   2.190000E-4
       5735.4   2.400000E-4
       5735.6   2.610000E-4
       5735.8   2.900000E-4
        5736.   3.330000E-4
       5736.2   3.640000E-4
       5736.4   3.940000E-4
       5736.6   4.330000E-4
       5736.8   4.760000E-4
        5737.   5.480000E-4
       5737.2   6.060000E-4
       5737.4   6.900000E-4
       5737.6   7.630000E-4
       5737.8   8.590000E-4
        5738.   9.650000E-4
       5738.2      0.001093
       5738.4      0.001215
       5738.6      0.001334
       5738.8      0.001482
        5739.      0.001684
       5739.2      0.001957
       5739.4      0.002254
       5739.6      0.002535
       5739.8      0.002843
        5740.      0.003328
       5740.2      0.004023
       5740.4      0.004556
       5740.6      0.005225
       5740.8      0.005968
        5741.       0.00684
       5741.2      0.008103
       5741.4       0.01005
       5741.6      0.011721
       5741.8      0.013687
        5742.      0.015968
       5742.2      0.019186
       5742.4       0.02307
       5742.6      0.026926
       5742.8      0.031414
        5743.      0.035779
       5743.2      0.042109
       5743.4      0.049963
       5743.6       0.06007
       5743.8      0.069345
        5744.      0.080236
       5744.2      0.091684
       5744.4      0.108323
       5744.6      0.130248
       5744.8      0.145295
        5745.      0.163089
       5745.2      0.183156
       5745.4      0.204233
       5745.6      0.234787
       5745.8      0.265408
        5746.      0.291037
       5746.2      0.317364
       5746.4      0.349072
       5746.6      0.382855
       5746.8      0.410352
        5747.      0.439981
       5747.2      0.466179
       5747.4      0.486207
       5747.6      0.514249
       5747.8      0.541711
        5748.       0.56471
       5748.2      0.586001
       5748.4      0.605622
       5748.6      0.622241
       5748.8      0.643485
        5749.      0.658982
       5749.2      0.671477
       5749.4      0.682548
       5749.6      0.692174
       5749.8      0.704424
        5750.      0.714791
       5750.2       0.72387
       5750.4      0.731985
       5750.6      0.736982
       5750.8      0.743551
        5751.      0.749892
       5751.2      0.754564
       5751.4      0.758591
       5751.6      0.761542
       5751.8      0.764737
        5752.      0.767997
       5752.2      0.771197
       5752.4      0.773078
       5752.6      0.774139
       5752.8      0.775595
        5753.      0.777324
       5753.2      0.777958
       5753.4      0.779819
       5753.6      0.779652
       5753.8      0.780952
        5754.      0.780856
       5754.2      0.781772
       5754.4      0.781347
       5754.6      0.781354
       5754.8      0.782704
        5755.       0.78283
       5755.2      0.782849
       5755.4      0.783295
       5755.6      0.782436
       5755.8      0.782657
        5756.      0.782998
       5756.2      0.782768
       5756.4      0.783664
       5756.6      0.782444
       5756.8      0.783744
        5757.      0.782834
       5757.2      0.783122
       5757.4      0.783863
       5757.6        0.7839
       5757.8      0.783247
        5758.       0.78432
       5758.2      0.783333
       5758.4      0.783176
       5758.6      0.782329
       5758.8      0.781548
        5759.      0.782091
       5759.2      0.780605
       5759.4      0.778816
       5759.6      0.776972
       5759.8      0.777269
        5760.      0.775807
       5760.2       0.77317
       5760.4      0.772008
       5760.6      0.769832
       5760.8      0.767456
        5761.      0.764008
       5761.2      0.761713
       5761.4      0.757744
       5761.6      0.752107
       5761.8      0.746817
        5762.      0.740228
       5762.2      0.733412
       5762.4      0.726194
       5762.6      0.715627
       5762.8      0.702686
        5763.      0.683292
       5763.2      0.668387
       5763.4      0.651293
       5763.6      0.629433
       5763.8      0.604417
        5764.      0.575114
       5764.2      0.545682
       5764.4      0.520055
       5764.6      0.492159
       5764.8      0.459058
        5765.      0.418264
       5765.2      0.383131
       5765.4      0.351587
       5765.6      0.318827
       5765.8      0.290693
        5766.      0.251866
       5766.2       0.21398
       5766.4      0.192363
       5766.6      0.168109
       5766.8      0.147003
        5767.      0.125975
       5767.2      0.103865
       5767.4       0.08546
       5767.6      0.072617
       5767.8      0.061255
        5768.      0.050418
       5768.2        0.0415
       5768.4      0.034152
       5768.6       0.02873
       5768.8       0.02426
        5769.      0.020822
       5769.2      0.017419
       5769.4       0.01405
       5769.6      0.012087
       5769.8      0.010292
        5770.      0.008733
       5770.2      0.007493
       5770.4      0.006239
       5770.6      0.005235
       5770.8       0.00458
        5771.      0.004035
       5771.2      0.003536
       5771.4      0.003024
       5771.6      0.002561
       5771.8      0.002198
        5772.       0.00192
       5772.2      0.001715
       5772.4      0.001464
       5772.6      0.001243
       5772.8      0.001115
        5773.   9.940000E-4
       5773.2   9.000000E-4
       5773.4   8.100000E-4
       5773.6   7.090000E-4
       5773.8   6.210000E-4
        5774.   5.640000E-4
       5774.2   5.110000E-4
       5774.4   4.620000E-4
       5774.6   4.110000E-4
       5774.8   3.650000E-4
        5775.   3.180000E-4
       5775.2   3.050000E-4
       5775.4   2.730000E-4
       5775.6   2.490000E-4
       5775.8   2.150000E-4
        5776.   1.990000E-4
       5776.2   1.810000E-4
       5776.4   1.640000E-4
       5776.6   1.520000E-4
       5776.8   1.370000E-4
        5777.   1.150000E-4
       5777.2   1.160000E-4
       5777.4   9.900000E-5
       5777.6   9.200000E-5
       5777.8   8.900000E-5
        5778.   7.800000E-5
       5778.2   7.300000E-5
       5778.4   6.600000E-5
       5778.6   6.400000E-5
       5778.8   5.200000E-5
        5779.   5.600000E-5
       5779.2   4.300000E-5
       5779.4   4.000000E-5
       5779.6   4.200000E-5
       5779.8   3.600000E-5
        5780.   3.400000E-5
       5780.2   2.900000E-5
       5780.4   3.000000E-5
       5780.6   2.900000E-5
       5780.8   2.700000E-5
        5781.   2.200000E-5
       5781.2   2.400000E-5
       5781.4   1.700000E-5
       5781.6   1.700000E-5
       5781.8   1.400000E-5
        5782.   1.100000E-5
       5782.2   1.100000E-5
       5782.4   1.400000E-5
       5782.6   1.100000E-5
       5782.8   1.500000E-5
        5783.   9.000000E-6
       5783.2   9.000000E-6
       5783.4   7.000000E-6
       5783.6   7.000000E-6
       5783.8   8.000000E-6
        5784.   5.000000E-6
       5784.2   7.000000E-6
       5784.4   7.000000E-6
       5784.6   9.000000E-6
       5784.8   6.000000E-6
        5785.   1.100000E-5
       5785.2   1.000000E-6
       5785.4   3.000000E-6
       5785.6   8.000000E-6
       5785.8   5.000000E-6
        5786.   5.000000E-6
       5786.2   7.000000E-6
       5786.4   4.000000E-6
       5786.6            0.
       5786.8   1.000000E-6
        5787.            0.
       5787.2   5.000000E-6
        5870.   2.115860E-7
        5880.   1.412160E-7
        5890.   9.279900E-8
        5900.   7.526290E-8
        5910.   8.158340E-8
        5920.   9.155500E-8
        5930.   1.026870E-7
        5940.   7.494300E-8
        5950.   8.552110E-8
        5960.   8.753620E-8
        5970.   6.900020E-8
        5980.   5.812420E-8
        5990.   1.109110E-7
        6000.   9.875880E-8
        6010.   1.093230E-7
        6020.   1.005660E-7
        6030.   6.902610E-8
        6040.   9.176840E-8
        6050.   9.539270E-8
        6060.   7.763020E-8
        6070.   8.135850E-8
        6080.   1.070420E-7
        6090.   1.100180E-7
        6100.   9.913890E-8
        6110.   1.111040E-7
        6120.   1.215010E-7
        6130.   1.300720E-7
        6140.   1.006380E-7
        6150.   9.400170E-8
        6160.   8.756690E-8
        6170.   1.119150E-7
        6180.   1.539000E-7
        6190.   1.270070E-7
        6200.   1.442590E-7
        6210.   1.520820E-7
        6220.   1.428670E-7
        6230.   1.171100E-7
        6240.   1.548510E-7
        6250.   1.348240E-7
        6260.   1.601530E-7
        6270.   1.423170E-7
        6280.   1.380060E-7
        6290.   1.548140E-7
        6300.   1.921480E-7
        6310.   2.005480E-7
        6320.   1.577410E-7
        6330.   1.372770E-7
        6340.   1.206770E-7
        6350.   7.139850E-8
        6360.   6.392630E-8
        6370.   1.192410E-7
        6380.   6.695870E-8
        6390.   5.833510E-8
        6400.   2.390940E-8
        6410.   5.044950E-8
        6420.   3.804860E-8
        6430.   6.519430E-8
        6440.   2.462140E-8
        6450.   2.441880E-8
        6460.  1.000230E-10
        6470.   4.463440E-8
        6480.   4.050260E-8
        6490.   2.040180E-8
        6500.   4.794470E-8
        6510.   2.301300E-8
        6520.   2.181030E-8
        6530.   1.861930E-8
        6540.   4.131080E-8
        6550.   3.425190E-8
        6560.   3.513420E-8
        6570.   4.927680E-8
        6580.   3.678440E-9
        6590.   3.509500E-8
        6600.   3.229410E-7
        6610.   8.142990E-7
        6620.   1.579660E-6
        6630.   3.378300E-6
        6640.   6.346860E-6
        6650.   9.396800E-6
        6660.   1.267650E-5
        6670.   1.515050E-5
        6680.   1.527810E-5
        6690.   1.321450E-5
        6700.   1.093450E-5
        6710.   8.413290E-6
        6720.   6.674480E-6
        6730.   6.081250E-6
        6740.   5.988250E-6
        6750.   5.555170E-6
        6760.   4.959530E-6
        6770.   4.208140E-6
        6780.   3.095460E-6
        6790.   2.146730E-6
        6800.   1.209920E-6
        6810.   5.993750E-7
        6820.   2.802890E-7
        6830.   1.652520E-7
        6840.   1.279380E-7
        6850.   1.286910E-7
        6860.   8.365080E-8
        6870.   6.895950E-8
        6880.   1.046480E-7
        6890.   1.174210E-7
        6900.   1.570940E-7
        6910.   2.175030E-7
        6920.   3.515380E-7
        6930.   5.095900E-7
        6940.   8.069930E-7
        6950.   1.673650E-6
        6960.   2.958460E-6
        6970.   4.331170E-6
        6980.   5.753620E-6
        6990.   6.492580E-6
        7000.   6.512550E-6
        7010.   6.088620E-6
        7020.   5.480950E-6
        7030.   4.765270E-6
        7040.   4.307090E-6
        7050.   4.100370E-6
        7060.   4.148480E-6
        7070.   4.087570E-6
        7080.   3.937800E-6
        7090.   3.851850E-6
        7100.   4.207710E-6
        7110.   6.694530E-6
        7120.   1.104460E-5
        7130.   1.629050E-5
        7140.   2.070630E-5
        7150.   2.249680E-5
        7160.   1.965290E-5
        7170.   1.507380E-5
        7180.   1.035830E-5
        7190.   6.397740E-6
        7200.   4.891600E-6
        7210.   5.019380E-6
        7220.   5.337020E-6
        7230.   5.326810E-6
        7240.   4.990670E-6
        7250.   4.540110E-6
        7260.   4.016110E-6
        7270.   4.294890E-6
        7280.   6.765400E-6
        7290.   1.034820E-5
        7300.   1.431210E-5
        7310.   1.694040E-5
        7320.   1.669980E-5
        7330.   1.370600E-5
        7340.   9.768280E-6
        7350.   6.247070E-6
        7360.   4.252690E-6
        7370.   4.255600E-6
        7380.   4.755770E-6
        7390.   5.223890E-6
        7400.   5.300940E-6
        7410.   4.942380E-6
        7420.   4.628080E-6
        7430.   5.875290E-6
        7440.   8.725610E-6
        7450.   1.240120E-5
        7460.   1.588280E-5
        7470.   1.742470E-5
        7480.   1.504070E-5
        7490.   1.094600E-5
        7500.   6.815190E-6
        7510.   3.419940E-6
        7520.   2.084810E-6
        7530.   2.412760E-6
        7540.   3.409780E-6
        7550.   5.828010E-6
        7560.   9.813710E-6
        7570.   1.466430E-5
        7580.   1.835870E-5
        7590.   1.982170E-5
        7600.   1.799470E-5
        7610.   1.399670E-5
        7620.   9.156200E-6
        7630.   5.170640E-6
        7640.   2.524130E-6
        7650.   1.583000E-6
        7660.   1.313530E-6
        7670.   1.137550E-6
        7680.   1.255650E-6
        7690.   1.313720E-6
        7700.   1.652900E-6
        7710.   2.309290E-6
        7720.   3.371300E-6
        7730.   4.476020E-6
        7740.   5.295610E-6
        7750.   5.525340E-6
        7760.   5.261750E-6
        7770.   4.431470E-6
        7780.   3.372400E-6
        7790.   2.566770E-6
        7800.   1.899730E-6
        7810.   1.493190E-6
        7820.   1.372810E-6
        7830.   1.215830E-6
        7840.   1.343260E-6
        7850.   1.601140E-6
        7860.   2.217420E-6
        7870.   3.617970E-6
        7880.   5.412660E-6
        7890.   7.238030E-6
        7900.   8.499040E-6
        7910.   8.563330E-6
        7920.   7.413170E-6
        7930.   6.049930E-6
        7940.   4.208550E-6
        7950.   2.993900E-6
        7960.   2.534850E-6
        7970.   2.794380E-6
        7980.   3.554780E-6
        7990.   5.365340E-6
        8000.   7.077520E-6
        8010.   8.589520E-6
        8020.   9.237910E-6
        8030.   8.605640E-6
        8040.   7.194760E-6
        8050.   5.672300E-6
        8060.   4.651330E-6
        8070.   3.733630E-6
        8080.   3.208460E-6
        8090.   2.675570E-6
        8100.   1.945190E-6
        8110.   1.489300E-6
        8120.   1.224680E-6
        8130.   1.038960E-6
        8140.   1.307130E-6
        8150.   1.950490E-6
        8160.   2.851030E-6
        8170.   4.512680E-6
        8180.   6.555200E-6
        8190.   8.163550E-6
        8200.   9.081800E-6
        8210.   8.945880E-6
        8220.   7.201430E-6
        8230.   5.361660E-6
        8240.   3.375800E-6
        8250.   1.899390E-6
        8260.   1.156230E-6
        8270.   7.358990E-7
        8280.   6.537430E-7
        8290.   5.202090E-7
        8300.   4.829770E-7
        8310.   4.417570E-7
        8320.   4.656060E-7
        8330.   6.229240E-7
        8340.   7.451440E-7
        8350.   1.042750E-6
        8360.   1.600390E-6
        8370.   2.426320E-6
        8380.   3.433590E-6
        8390.   4.345870E-6
        8400.   4.652070E-6
        8410.   4.444040E-6
        8420.   3.799930E-6
        8430.   2.744880E-6
        8440.   1.826950E-6
        8450.   1.378550E-6
        8460.   7.770940E-7
        8470.   6.970550E-7
        8480.   4.533500E-7
        8490.   3.301370E-7
        8500.   2.440470E-6
        8510.   6.799030E-6
        8520.   3.629700E-7
        8530.   1.191140E-5
        8540.   6.859160E-6
        8550.   7.213340E-6
        8560.  1.000230E-10
        8570.   1.020200E-5
        8580.  1.000230E-10
        8590.   1.171630E-5
        8600.  1.000230E-10
        8610.   1.787150E-6
        8620.   8.741500E-6
        8630.   8.514950E-6
        8640.   8.734560E-6
        8650.   8.485470E-6
        8660.   1.237360E-6
        8670.   2.047080E-6
        8680.   6.780540E-6
        8690.  1.000230E-10
        8700.  1.000230E-10
        8710.   8.161070E-6
        8720.   5.908340E-6
        8730.   6.875530E-6
        8740.   1.010470E-5
        8750.  1.000230E-10
        8760.   8.361360E-6
        8770.   9.554610E-6
        8780.   6.785560E-6
        8790.   1.073300E-6
        8800.   3.312410E-6
        8810.   6.770690E-6
        8820.   4.309830E-6
        8830.   9.856500E-7
        8840.  1.000230E-10
        8850.   1.676200E-6
        8860.   3.622340E-6
        8870.   2.876890E-6
        8880.   5.496650E-6
        8890.  1.000230E-10
        8900.   6.415210E-6
        8910.  1.000230E-10
        8920.   1.663400E-7
        8930.   3.550490E-6
        8940.   7.738560E-6
        8950.  1.000230E-10
        8960.   4.945980E-6
        8970.   6.987630E-6
        8980.  1.000230E-10
        8990.   3.742170E-6
        9000.   2.261730E-7
        9010.   1.588200E-6
        9020.  1.000230E-10
        9030.   1.767550E-6
        9040.   1.848230E-6
        9050.   2.689470E-6
        9060.   2.942360E-6
        9070.  1.000230E-10
        9080.  1.000230E-10
        9090.   4.687400E-7
        9100.   1.917540E-6
        9110.   1.645610E-6
        9120.   7.381910E-6
        9130.   2.402900E-6
        9140.   9.870890E-8
        9150.   4.952110E-7
        9160.  1.000230E-10
        9170.   1.087820E-6
        9180.   1.137480E-6
        9190.   1.053190E-6
        9200.   3.330050E-6
        9210.   2.397220E-6
        9220.   8.206030E-7
        9230.   3.095670E-6
        9240.   1.698090E-6
        9250.   2.377120E-6
        9260.   9.139750E-7
        9270.   1.570680E-6
        9280.   1.131640E-6
        9290.   3.436430E-7
        9300.   1.332940E-6
        9310.   4.512730E-7
        9320.   2.854440E-6
        9330.   2.109070E-6
        9340.   1.351860E-6
        9350.   4.294100E-7
        9360.   1.006290E-6
        9370.   3.161430E-7
        9380.   1.591990E-6
        9390.   1.012320E-6
        9400.   2.828730E-6
        9410.   1.856890E-6
        9420.  1.000230E-10
        9430.   1.528410E-6
        9440.   1.470170E-7
        9450.   8.385100E-7
        9460.  1.000230E-10
        9470.   1.445040E-6
        9480.   2.285680E-7
        9490.   5.295000E-7
        9500.  1.000230E-10
        9510.   1.111250E-6
        9520.  1.000230E-10
        9530.  1.000230E-10
        9540.   3.367970E-6
        9550.   1.343810E-6
        9560.  1.000230E-10
        9570.   1.297540E-7
        9580.   1.480200E-6
        9590.   6.521980E-7
        9600.   9.056500E-7
        9610.  1.000230E-10
        9620.   1.241310E-6
        9630.   8.980980E-7
        9640.   5.628090E-7
        9650.   5.873510E-7
        9660.   1.753930E-6
        9670.   8.564540E-7
        9680.  1.000230E-10
        9690.   1.520850E-7
        9700.   4.903680E-8
        9710.   2.158400E-7
        9720.   2.488430E-7
        9730.   6.799330E-7
        9740.   2.412010E-6
        9750.   2.193100E-7
        9760.   5.749680E-8
        9770.  1.000230E-10
        9780.   5.673750E-7
        9790.   9.126180E-7
        9800.   1.252200E-6
        9810.  1.000230E-10
        9820.   9.924630E-7
        9830.  1.000230E-10
        9840.   1.038400E-6
        9850.  1.000230E-10
        9860.   1.620560E-6
        9870.  1.000230E-10
        9880.   4.250420E-7
        9890.  1.000230E-10
        9900.   2.433340E-7
        9910.  1.000230E-10
        9920.  1.000230E-10
        9930.   4.204560E-7
        9940.   9.976900E-7
        9950.   7.924250E-7
        9960.   5.311400E-7
        9970.   1.754500E-7
        9980.  1.000230E-10
        9990.   1.587890E-6
       10000.   3.922910E-7
       10010.   6.169500E-7
       10020.   6.857010E-7
       10030.   7.503640E-7
       10040.   1.522060E-6
       10050.  1.000230E-10
       10060.   6.935740E-7
       10070.  1.000230E-10
       10080.   6.273340E-7
       10090.   1.032440E-6
       10100.   9.984630E-7
       10110.   4.884480E-7
       10120.  1.000230E-10
       10130.   2.891970E-7
       10140.   9.631370E-7
       10150.   6.963140E-7
       10160.   1.218880E-6
       10170.  1.000230E-10
       10180.   7.451390E-7
       10190.   7.155470E-7
       10200.   3.783070E-7
       10210.   3.524840E-7
       10220.   8.148790E-7
       10230.   2.173900E-7
       10240.  1.000230E-10
       10250.   2.185830E-7
       10260.   1.147990E-6
       10270.   1.347980E-7
       10280.   2.428720E-7
       10290.   2.223690E-7
       10300.   5.402230E-7
       10310.   4.784540E-7
       10320.  1.000230E-10
       10330.   7.704560E-7
       10340.  1.000230E-10
       10350.   4.822860E-7
       10360.   8.689660E-7
       10370.   6.073030E-7
       10380.   5.059200E-7
       10390.   3.691480E-7
       10400.   7.125220E-7
       10410.   1.762980E-7
       10420.   2.395990E-7
       10430.   5.795590E-7
       10440.   1.232380E-6
       10450.   1.329490E-6
       10460.   3.343670E-7
       10470.   2.043240E-7
       10480.   2.672270E-7
       10490.   4.071420E-7
       10500.   4.627530E-8
       10510.  1.000230E-10
       10520.   2.500430E-7
       10530.  1.000230E-10
       10540.   3.354540E-7
       10550.   1.000560E-6
       10560.   4.232400E-7
       10570.   1.099720E-7
       10580.   1.724310E-7
       10590.   8.510120E-8
       10600.   1.037240E-6
       10610.  1.000230E-10
       10620.  1.000230E-10
       10630.   5.170790E-7
       10640.   7.587520E-7
       10650.   9.278070E-8
       10660.   8.011080E-8
       10670.   7.232330E-7
       10680.   1.322310E-7
       10690.   8.710700E-8
       10700.   4.378810E-9
       10710.   3.147960E-7
       10720.   2.073930E-8
       10730.   4.703080E-7
       10740.   2.484370E-7
       10750.   5.189340E-7
       10760.   3.690700E-7
       10770.   7.791240E-7
       10780.  1.000230E-10
       10790.   5.497460E-7
       10800.   4.351910E-7
       10810.  1.000230E-10
       10820.   2.037790E-6
       10830.   1.998590E-7
       10840.  1.000230E-10
       10850.   6.615140E-7
       10860.   3.788380E-7
       10870.   2.011860E-7
       10880.   1.144180E-6
       10890.  1.000230E-10
       10900.   3.796780E-7
       10910.   8.081340E-7
       10920.  1.000230E-10
       10930.  1.000230E-10
       10940.   5.777920E-7
       10950.   3.044350E-7
       10960.  1.000230E-10
       10970.   3.224040E-7
       10980.   4.145870E-7
       10990.   5.732300E-7
       11000.   2.362320E-7
       11001.            0.
       11002.            0.
