        1938.            0.
        1939.            0.
        1940.   3.749640E-7
        1950.   3.126950E-7
        1960.   4.730420E-7
        1970.   2.863530E-7
        1980.   2.511910E-7
        1990.   4.336050E-7
        2000.   2.688210E-7
        2010.   3.035360E-7
        2020.   1.983880E-7
        2030.   2.230720E-7
        2040.   3.586250E-7
        2050.   2.479670E-7
        2060.   2.300090E-7
        2070.   1.425810E-7
        2080.   1.821520E-7
        2090.   1.871610E-7
        2100.   1.258590E-7
        2110.   1.643890E-7
        2120.   2.192730E-7
        2130.   2.166060E-7
        2140.   1.550890E-7
        2150.   1.911850E-7
        2160.   3.342270E-8
        2170.   2.974340E-8
        2180.   3.238370E-7
        2190.   9.437570E-8
        2200.   3.191880E-7
        2210.   1.987640E-8
        2220.   2.677570E-7
        2230.   2.327800E-7
        2240.   2.901130E-7
        2250.   2.173250E-7
        2260.   1.565030E-7
        2270.   2.568300E-7
        2280.   1.798700E-7
        2290.   1.319260E-7
        2300.   1.255720E-7
        2310.   1.982430E-7
        2320.   1.641740E-7
        2330.   1.631690E-7
        2340.   3.509240E-7
        2350.   2.132460E-7
        2360.   1.550720E-7
        2370.   2.485940E-7
        2380.   1.855320E-7
        2390.   3.985070E-7
        2400.   2.736980E-7
        2410.   2.011670E-7
        2420.   2.306150E-7
        2430.   2.683500E-7
        2440.   2.865700E-7
        2450.   2.650840E-7
        2460.   3.054670E-7
        2470.   2.761820E-7
        2480.   2.069050E-7
        2490.   1.080090E-7
        2500.   1.036780E-7
        2510.   3.282860E-7
        2520.   1.421340E-7
        2530.   3.282050E-7
        2540.   3.233100E-7
        2550.   2.466430E-7
        2560.   3.214850E-7
        2570.   2.877320E-7
        2580.   2.664730E-7
        2590.   2.654790E-7
        2600.   3.282080E-7
        2610.   6.201980E-8
        2620.   1.528660E-7
        2630.   2.139070E-7
        2640.   2.333290E-7
        2650.   3.058930E-7
        2660.   3.211140E-7
        2670.   2.443480E-7
        2680.   2.408420E-7
        2690.   2.921280E-7
        2700.   3.058480E-7
        2710.   3.698670E-7
        2720.   3.316660E-7
        2730.   3.161020E-7
        2740.   2.817330E-7
        2750.   3.345230E-7
        2760.   2.564310E-7
        2770.   2.567410E-7
        2780.   3.505360E-7
        2790.   3.547240E-7
        2800.   3.618570E-7
        2810.   2.133690E-7
        2820.   3.121920E-7
        2830.   4.066670E-7
        2840.   2.559110E-7
        2850.   4.077360E-7
        2860.   3.248790E-7
        2870.   9.501300E-8
        2880.   4.205070E-7
        2890.   2.303950E-7
        2900.   3.201600E-7
        2910.   2.997250E-7
        2920.   4.237470E-7
        2930.   4.666330E-7
        2940.   4.507280E-7
        2950.   4.587860E-7
        2960.   5.505500E-7
        2970.   3.910300E-7
        2980.   4.618550E-7
        2990.   7.060790E-7
        3000.   6.183210E-7
        3010.   7.590190E-7
        3020.   6.024800E-7
        3030.   8.578340E-7
        3040.   7.633370E-7
        3050.   8.758950E-7
        3060.   9.461630E-7
        3070.   1.165560E-6
        3080.   9.854460E-7
        3090.   1.011300E-6
        3100.   1.215120E-6
        3110.   1.126740E-6
        3120.   1.193030E-6
        3130.   1.295490E-6
        3140.   9.832390E-7
        3150.   1.475780E-6
        3160.   1.140280E-6
        3170.   1.265740E-6
        3180.   1.241690E-6
        3190.   1.062780E-6
        3200.   1.378010E-6
        3210.   1.475990E-6
        3220.   1.139020E-6
        3230.   1.290490E-6
        3240.   1.193950E-6
        3250.   1.286950E-6
        3260.   1.206520E-6
        3270.   1.257520E-6
        3280.   1.215930E-6
        3290.   1.229020E-6
        3300.   1.271450E-6
        3310.   1.072070E-6
        3320.   1.157650E-6
        3330.   9.200970E-7
        3340.   6.444660E-7
        3350.   6.233390E-7
        3360.   5.302090E-7
        3370.   5.354890E-7
        3380.   7.183180E-7
        3390.   7.914630E-7
        3400.   1.122760E-6
        3410.   8.718760E-7
        3420.   1.281240E-6
        3430.   1.020250E-6
        3440.   1.011180E-6
        3450.   8.328520E-7
        3460.   1.405410E-6
        3470.   1.420930E-6
        3480.   1.330230E-6
        3490.   1.214590E-6
        3500.   9.568040E-7
        3510.   1.032960E-6
        3520.   1.326960E-6
        3530.   1.382020E-6
        3540.   1.503280E-6
        3550.   1.058230E-6
        3560.   1.290380E-6
        3570.   1.304900E-6
        3580.   1.271520E-6
        3590.   1.218470E-6
        3600.   1.260400E-6
        3610.   1.566190E-6
        3620.   1.503340E-6
        3630.   1.052290E-6
        3640.   1.313690E-6
        3650.   1.435520E-6
        3660.   1.304940E-6
        3670.   1.336390E-6
        3680.   1.135380E-6
        3690.   1.036370E-6
        3700.   1.186840E-6
        3710.   1.131670E-6
        3720.   1.294820E-6
        3730.   1.129060E-6
        3740.   1.272380E-6
        3750.   1.483650E-6
        3760.   1.041900E-6
        3770.   1.341960E-6
        3780.   9.908570E-7
        3790.   1.123000E-6
        3800.   1.382690E-6
        3810.   8.943100E-7
        3820.   1.546500E-6
        3830.   1.129050E-6
        3840.   1.716220E-6
        3850.   1.250150E-6
        3860.   1.374400E-6
        3870.   9.943980E-7
        3880.   1.568560E-6
        3890.   7.569650E-7
        3900.   1.255770E-6
        3910.   1.609270E-6
        3920.   1.646100E-6
        3930.   1.600150E-6
        3940.   1.746910E-6
        3950.   1.437520E-6
        3960.   1.880580E-6
        3970.   1.425820E-6
        3980.   9.678409E-7
        3990.   8.820600E-7
        4000.   1.025080E-6
        4010.   1.176970E-6
        4020.   1.239670E-6
        4030.   1.223230E-6
        4040.   1.155040E-6
        4050.   1.207290E-6
        4060.   1.267050E-6
        4070.   1.171340E-6
        4080.   1.195200E-6
        4090.   9.744369E-7
        4100.   1.138490E-6
        4110.   9.035620E-7
        4120.   7.479030E-7
        4130.   9.169930E-7
        4140.   8.685800E-7
        4150.   1.077680E-6
        4160.   9.350940E-7
        4170.   9.926500E-7
        4180.   1.189020E-6
        4190.   8.525660E-7
        4200.   1.088370E-6
        4210.   8.886560E-7
        4220.   1.013610E-6
        4230.   1.068860E-6
        4240.   1.126660E-6
        4250.   9.549790E-7
        4260.   8.173100E-7
        4270.   4.271500E-7
        4280.   5.013170E-7
        4290.   3.992520E-7
        4300.   7.349390E-7
        4310.   8.865150E-7
        4320.   1.080610E-6
        4330.   1.406070E-6
        4340.   1.363420E-6
        4350.   1.180230E-6
        4360.   1.169520E-6
        4370.   9.038500E-7
        4380.   1.029560E-6
        4390.   1.205390E-6
        4400.   1.150770E-6
        4410.   1.299810E-6
        4420.   1.170330E-6
        4430.   1.293990E-6
        4440.   1.391620E-6
        4450.   1.335570E-6
        4460.   1.234520E-6
        4470.   1.340150E-6
        4480.   1.093560E-6
        4490.   1.020640E-6
        4500.   9.671240E-7
        4510.   1.098460E-6
        4520.   1.234140E-6
        4530.   1.215410E-6
        4540.   1.268460E-6
        4550.   1.100570E-6
        4560.   9.576880E-7
        4570.   6.654390E-7
        4580.   5.562200E-7
        4590.   6.460510E-7
        4600.   8.499960E-7
        4610.   1.105260E-6
        4620.   1.212490E-6
        4630.   1.231750E-6
        4640.   1.227180E-6
        4650.   1.360370E-6
        4660.   1.264270E-6
        4670.   1.432790E-6
        4680.   1.403130E-6
        4690.   1.467660E-6
        4700.   1.429880E-6
        4710.   1.658340E-6
        4720.   1.522790E-6
        4730.   1.365490E-6
        4740.   1.296870E-6
        4750.   1.295030E-6
        4760.   1.575310E-6
        4770.   1.553750E-6
        4780.   1.491130E-6
        4790.   1.328740E-6
        4800.   1.072450E-6
        4810.   9.782090E-7
        4820.   1.209510E-6
        4830.   1.175740E-6
        4840.   1.007090E-6
        4850.   8.608730E-7
        4860.   7.732630E-7
        4870.   3.391030E-7
        4880.   1.664460E-7
        4890.   1.733830E-7
        4900.   1.888580E-7
        4910.   1.098350E-7
        4920.   2.348940E-7
        4930.   3.669970E-7
        4940.   3.028600E-7
        4950.   6.535170E-7
        4960.   6.731180E-7
        4970.   1.147440E-6
        4980.   1.333060E-6
        4990.   1.356470E-6
        5000.   1.676720E-6
        5010.   1.639740E-6
        5020.   1.879880E-6
        5030.   1.904350E-6
        5040.   1.775200E-6
        5050.   1.825380E-6
        5060.   2.024580E-6
        5070.   1.838100E-6
        5080.   1.522500E-6
        5090.   1.711910E-6
        5100.   1.690250E-6
        5110.   1.942260E-6
        5120.   1.813810E-6
        5130.   1.594520E-6
        5140.   1.484450E-6
        5150.   1.184860E-6
        5160.   1.019960E-6
        5170.   1.105290E-6
        5180.   1.070060E-6
        5190.   8.977550E-7
        5200.   6.140390E-7
        5210.   2.507750E-7
        5220.   3.331270E-7
        5230.   1.258500E-7
        5240.   1.395920E-7
        5250.   7.858490E-8
        5260.   1.435180E-7
        5270.   8.286380E-8
        5280.   6.648450E-9
        5290.   1.487230E-7
        5300.   2.071570E-7
        5310.   5.735970E-7
        5320.   5.745150E-7
        5330.   5.055210E-7
        5340.   8.489750E-7
        5350.   5.336250E-7
        5360.   9.098570E-7
        5370.   9.461390E-7
        5380.   8.182710E-7
        5390.   1.049090E-6
        5400.   7.129220E-7
        5410.   1.185010E-6
        5420.   9.078190E-7
        5430.   9.545940E-7
        5440.   8.991220E-7
        5450.   5.887570E-7
        5460.   3.005590E-7
        5470.   3.085300E-7
        5480.   4.765140E-7
        5490.   1.492970E-7
        5500.   3.398190E-7
        5510.   2.827120E-7
        5520.  1.000230E-10
        5530.   2.513260E-7
        5540.   1.866130E-7
        5550.   1.962650E-7
        5560.   2.261270E-7
        5570.   1.276570E-7
        5580.  1.000230E-10
        5590.   6.182120E-8
        5600.   2.206570E-7
        5610.   3.957250E-7
        5620.   8.589990E-8
        5630.   2.351140E-7
        5640.   2.113910E-7
        5650.   9.405760E-8
        5660.   2.635920E-7
        5670.   2.113000E-7
        5680.   3.251630E-7
        5690.   2.842730E-7
        5700.   1.632360E-7
        5710.   1.615310E-7
        5720.   7.476060E-8
        5730.   2.400090E-7
        5740.   3.705200E-7
        5750.   2.696290E-7
        5760.   1.221180E-7
        5770.   6.539190E-8
        5780.   2.350890E-7
        5790.   1.135770E-7
        5800.   3.118970E-7
        5810.   7.465780E-8
        5820.   2.938920E-7
        5830.   2.796980E-7
        5840.   6.221050E-8
        5850.   3.362210E-7
        5860.   2.055280E-8
        5870.   7.790000E-8
        5880.   1.943530E-8
        5890.   6.425340E-8
        5900.   1.903950E-7
        5910.   1.037660E-8
        5920.   8.707650E-8
        5930.   9.367420E-8
        5940.   3.152910E-7
        5950.  1.000230E-10
        5960.   1.512610E-7
        5970.   1.285090E-7
        5980.   1.371170E-7
        5990.  1.000230E-10
        6000.   2.825910E-7
        6010.   3.361950E-7
        6020.   1.872030E-7
        6030.   2.337160E-8
        6040.   8.936530E-8
        6050.   3.206180E-7
        6060.   1.292340E-7
        6070.  1.000230E-10
        6080.   1.164120E-7
        6090.   3.057320E-7
        6100.   3.375440E-7
        6110.   1.223910E-7
        6120.   2.873430E-7
        6130.   2.133780E-7
        6140.   5.396560E-8
        6150.   4.015850E-7
        6160.   4.856490E-7
        6245.   1.300000E-5
        6246.   2.900000E-5
        6247.   4.300000E-5
        6248.   6.400000E-5
        6249.   8.800000E-5
        6250.   1.230000E-4
        6251.   1.600000E-4
        6252.   2.230000E-4
        6253.   2.880000E-4
        6254.   4.060000E-4
        6255.   5.550000E-4
        6256.   7.620000E-4
        6257.      0.001069
        6258.      0.001472
        6259.       0.00208
        6260.      0.002951
        6261.       0.00429
        6262.       0.00639
        6263.      0.009613
        6264.      0.014811
        6265.      0.023303
        6266.      0.037403
        6267.      0.061191
        6268.      0.099542
        6269.      0.159678
        6270.      0.250034
        6271.      0.374644
        6272.       0.50538
        6273.      0.622636
        6274.      0.701132
        6275.      0.725843
        6276.      0.718971
        6277.      0.701041
        6278.      0.688287
        6279.      0.684492
        6280.      0.690931
        6281.      0.703238
        6282.      0.721434
        6283.      0.740152
        6284.      0.760336
        6285.      0.778384
        6286.       0.79226
        6287.      0.802219
        6288.      0.808378
        6289.      0.811863
        6290.      0.810484
        6291.      0.808364
        6292.      0.804626
        6293.      0.801521
        6294.      0.798439
        6295.      0.795365
        6296.      0.794164
        6297.      0.794895
        6298.       0.79397
        6299.      0.795497
        6300.      0.797535
        6301.      0.799622
        6302.      0.803779
        6303.      0.808846
        6304.      0.812023
        6305.       0.81658
        6306.      0.820506
        6307.      0.823752
        6308.      0.826756
        6309.      0.830368
        6310.      0.833108
        6311.       0.83512
        6312.       0.83702
        6313.      0.838356
        6314.        0.8394
        6315.      0.840862
        6316.      0.842458
        6317.      0.844747
        6318.      0.847886
        6319.      0.851121
        6320.      0.854691
        6321.      0.858037
        6322.      0.862393
        6323.      0.863864
        6324.      0.864391
        6325.      0.858491
        6326.      0.845604
        6327.      0.820657
        6328.      0.783953
        6329.      0.732336
        6330.      0.663801
        6331.      0.583895
        6332.      0.495734
        6333.      0.411548
        6334.       0.32886
        6335.      0.255861
        6336.       0.19359
        6337.      0.144698
        6338.      0.105922
        6339.      0.076474
        6340.       0.05521
        6341.      0.039277
        6342.      0.027948
        6343.      0.020055
        6344.       0.01449
        6345.      0.010381
        6346.      0.007633
        6347.      0.005682
        6348.      0.004187
        6349.      0.003128
        6350.      0.002326
        6351.      0.001785
        6352.      0.001311
        6353.   9.960000E-4
        6354.   7.370000E-4
        6355.   5.930000E-4
        6356.   4.380000E-4
        6357.   3.400000E-4
        6358.   2.730000E-4
        6359.   2.090000E-4
        6360.   1.730000E-4
        6361.   1.190000E-4
        6362.   7.900000E-5
        6363.   5.500000E-5
        6364.   5.600000E-5
        6365.   2.800000E-5
        6366.   1.300000E-5
        6367.   2.400000E-5
        6450.   5.784090E-7
        6460.   3.269760E-7
        6470.   5.784020E-7
        6480.   2.958570E-7
        6490.   4.163420E-7
        6500.   2.811750E-7
        6510.   2.756460E-7
        6520.   2.935590E-7
        6530.   2.902650E-7
        6540.   3.487810E-7
        6550.   2.739330E-7
        6560.   3.884380E-7
        6570.   4.068280E-7
        6580.   4.110400E-7
        6590.   3.567310E-7
        6600.   2.699620E-7
        6610.   4.292740E-7
        6620.   4.105650E-7
        6630.   2.517920E-7
        6640.   3.710430E-7
        6650.   3.260820E-7
        6660.   3.246180E-7
        6670.   2.352640E-7
        6680.   3.842890E-7
        6690.   1.651440E-7
        6700.   2.972470E-7
        6710.   4.257440E-7
        6720.   4.136410E-7
        6730.   4.180240E-7
        6740.   4.065140E-7
        6750.   3.911660E-7
        6760.   5.334910E-7
        6770.   6.319690E-7
        6780.   5.217340E-7
        6790.   3.917700E-7
        6800.   4.612370E-7
        6810.   6.388140E-7
        6820.   6.457090E-7
        6830.   5.389650E-7
        6840.   4.766460E-7
        6850.   5.816920E-7
        6860.   4.928260E-7
        6870.   5.507500E-7
        6880.   5.700920E-7
        6890.   5.480280E-7
        6900.   5.208760E-7
        6910.   2.489850E-7
        6920.   5.048630E-7
        6930.   2.815470E-7
        6940.   2.549670E-7
        6950.   2.978720E-7
        6960.   2.734280E-7
        6970.   3.321240E-7
        6980.   4.820810E-7
        6990.   2.191900E-7
        7000.   4.606270E-7
        7010.   2.699010E-7
        7020.   1.413420E-8
        7030.   3.780350E-7
        7040.   4.323340E-7
        7050.   2.792560E-7
        7060.   2.650690E-7
        7070.   2.891860E-7
        7080.   2.349740E-7
        7090.   2.723790E-7
        7100.   4.708980E-7
        7110.   2.875790E-7
        7120.   2.275260E-7
        7130.   2.739230E-7
        7140.   6.864020E-8
        7150.   3.105070E-7
        7160.   1.621040E-7
        7170.   1.443090E-7
        7180.   4.087540E-7
        7190.   3.366050E-7
        7200.   3.979450E-7
        7210.   2.801680E-7
        7220.   3.787530E-7
        7230.   1.600590E-7
        7240.   3.514720E-7
        7250.   3.413120E-7
        7260.   5.410360E-7
        7270.   2.251710E-7
        7280.   6.214000E-7
        7290.   3.604680E-7
        7300.   4.786140E-7
        7310.   4.570630E-7
        7320.   7.972910E-7
        7330.   7.810250E-7
        7340.   1.192750E-6
        7350.   1.046030E-6
        7360.   1.121050E-6
        7370.   7.686420E-7
        7380.   1.418150E-6
        7390.   2.804800E-6
        7400.   4.211740E-6
        7410.   4.327190E-6
        7420.   3.924620E-6
        7430.   2.782650E-6
        7440.   2.557500E-6
        7450.   3.064030E-6
        7460.   5.929430E-6
        7470.   9.663720E-6
        7480.   1.217910E-5
        7490.   1.152350E-5
        7500.   9.206360E-6
        7510.   6.009230E-6
        7520.   3.452120E-6
        7530.   2.687600E-6
        7540.   3.270600E-6
        7550.   4.071640E-6
        7560.   5.401460E-6
        7570.   6.180300E-6
        7580.   6.186230E-6
        7590.   5.909340E-6
        7600.   5.454840E-6
        7610.   5.910260E-6
        7620.   6.841760E-6
        7630.   8.088210E-6
        7640.   7.598540E-6
        7650.   6.095940E-6
        7660.   4.231680E-6
        7670.   1.905090E-6
        7680.   1.007510E-6
        7690.   3.284040E-7
        7700.   4.685390E-7
        7710.   5.031450E-7
        7720.   4.656760E-7
        7730.   5.377230E-7
        7740.   3.935950E-7
        7750.   5.507730E-7
        7760.   3.592440E-7
        7770.   3.120250E-7
        7780.   6.010940E-7
        7790.   4.455230E-7
        7800.   5.356350E-7
        7810.   3.466460E-7
        7820.   4.528670E-7
        7830.   6.997280E-7
        7840.   3.598770E-7
        7850.   4.633850E-7
        7860.   2.752690E-7
        7870.   4.978170E-7
        7880.   4.202240E-7
        7890.   5.571820E-7
        7900.   4.691060E-7
        7910.   6.442410E-7
        7920.   6.088130E-7
        7930.   3.759180E-7
        7940.   5.063400E-7
        7950.   4.786490E-7
        7960.   4.320970E-7
        7970.   6.478880E-7
        7980.   9.700760E-7
        7990.   2.093100E-6
        8000.   4.025970E-6
        8010.   5.195890E-6
        8020.   5.678350E-6
        8030.   5.341150E-6
        8040.   4.384270E-6
        8050.   3.797920E-6
        8060.   3.508290E-6
        8070.   3.909500E-6
        8080.   4.346970E-6
        8090.   4.833470E-6
        8100.   5.158620E-6
        8110.   4.652960E-6
        8120.   4.234850E-6
        8130.   4.341400E-6
        8140.   4.849800E-6
        8150.   9.299080E-6
        8160.   2.220860E-5
        8170.   3.585440E-5
        8180.   3.615570E-5
        8190.   2.860880E-5
        8200.   1.778140E-5
        8210.   6.588860E-6
        8220.   2.939440E-6
        8230.   2.689480E-6
        8240.   2.402660E-6
        8250.   3.195330E-6
        8260.   4.146470E-6
        8270.   5.766380E-6
        8280.   8.774010E-6
        8290.   1.482840E-5
        8300.   2.335030E-5
        8310.   2.611820E-5
        8320.   2.344870E-5
        8330.   1.542970E-5
        8340.   8.013830E-6
        8350.   3.144610E-6
        8360.   1.871520E-6
        8370.   1.359030E-6
        8380.   1.141600E-6
        8390.   1.428440E-6
        8400.   6.757240E-7
        8410.   1.125080E-6
        8420.   1.231040E-6
        8430.   1.440140E-6
        8440.   1.392710E-6
        8450.   2.749220E-6
        8460.   4.362710E-6
        8470.   7.120770E-6
        8480.   8.098500E-6
        8490.   7.702650E-6
        8500.   6.510260E-6
        8510.   3.482730E-5
        8520.   2.898190E-5
        8530.   1.706330E-5
        8540.   1.951960E-5
        8550.   5.041500E-6
        8560.   2.897560E-5
        8570.   9.612340E-6
        8580.  1.000230E-10
        8590.   1.329940E-6
        8600.   2.064910E-5
        8610.   1.320620E-5
        8620.  1.000230E-10
        8630.   5.242960E-5
        8640.   1.326390E-5
        8650.   2.075840E-5
        8660.   7.996660E-6
        8670.   1.070400E-5
        8680.  1.000230E-10
        8690.  1.000230E-10
        8700.   2.808430E-5
        8710.   9.508670E-6
        8720.   7.707010E-6
        8730.   2.441860E-5
        8740.   8.188470E-6
        8750.   2.771670E-5
        8760.   1.389460E-5
        8770.   9.447980E-6
        8780.  1.000230E-10
        8790.   3.141470E-5
        8800.   6.779140E-7
        8810.   1.679570E-5
        8820.  1.000230E-10
        8830.   1.719590E-5
        8840.   7.375190E-6
        8850.   5.226500E-6
        8860.   3.204110E-7
        8870.   1.210980E-5
        8880.   1.739610E-5
        8890.   4.624690E-6
        8900.   1.166810E-5
        8910.   5.304460E-6
        8920.   1.493140E-5
        8930.   8.173870E-6
        8940.  1.000230E-10
        8950.  1.000230E-10
        8960.   1.269450E-5
        8970.   3.315770E-6
        8980.   1.113100E-5
        8990.   1.664080E-5
        9000.   1.331560E-5
        9010.   1.318960E-5
        9020.   4.587770E-6
        9030.   1.702640E-5
        9040.   1.664180E-5
        9050.   6.276290E-6
        9060.   9.923980E-6
        9070.   4.673920E-6
        9080.   1.242760E-5
        9090.   5.786110E-6
        9100.   1.009630E-5
        9110.  1.000230E-10
        9120.   4.945240E-6
        9130.   1.237210E-5
        9140.   9.026270E-6
        9150.   1.665360E-6
        9160.   9.618430E-6
        9170.   9.441810E-6
        9180.   1.129260E-5
        9190.   5.285570E-6
        9200.   1.202830E-5
        9210.   7.411530E-6
        9220.   2.424960E-6
        9230.   4.246870E-6
        9240.   3.664330E-6
        9250.   3.919410E-6
        9260.   1.169550E-5
        9270.   1.103850E-5
        9280.   1.182730E-6
        9290.   1.136620E-5
        9300.   2.719610E-6
        9310.   2.935460E-6
        9320.   1.367620E-6
        9330.   7.515800E-6
        9340.   4.569360E-6
        9350.   2.326820E-6
        9360.   4.186740E-6
        9370.   2.708070E-6
        9380.   4.219460E-6
        9390.   8.038850E-6
        9400.   3.537760E-6
        9410.  1.000230E-10
        9420.   5.872100E-9
        9430.   5.297750E-6
        9440.   1.963350E-6
        9450.   2.442600E-6
        9460.   7.282990E-7
        9470.   3.705630E-6
        9480.  1.000230E-10
        9490.   9.233450E-7
        9500.   4.089210E-6
        9510.   4.522260E-6
        9520.   4.909750E-6
        9530.  1.000230E-10
        9540.  1.000230E-10
        9550.  1.000230E-10
        9560.  1.000230E-10
        9570.   1.656910E-6
        9580.  1.000230E-10
        9590.   3.476620E-6
        9600.   3.540330E-6
        9610.  1.000230E-10
        9620.   2.053740E-7
        9630.  1.000230E-10
        9640.   5.074230E-6
        9650.  1.000230E-10
        9660.   1.298190E-6
        9670.   3.814320E-7
        9680.   2.720360E-7
        9690.  1.000230E-10
        9700.   1.906470E-6
        9710.   9.268660E-9
        9720.   1.478210E-6
        9730.   4.983930E-6
        9740.   2.342110E-6
        9750.   5.018150E-6
        9760.  1.000230E-10
        9770.   3.132590E-6
        9780.  1.000230E-10
        9790.  1.000230E-10
        9800.  1.000230E-10
        9810.   5.827250E-7
        9820.  1.000230E-10
        9830.   8.874260E-7
        9840.  1.000230E-10
        9850.  1.000230E-10
        9860.   3.743600E-6
        9870.   1.941800E-6
        9880.   3.644980E-7
        9890.   1.661400E-6
        9900.   8.220060E-7
        9910.  1.000230E-10
        9920.   2.185550E-6
        9930.   3.202650E-6
        9940.  1.000230E-10
        9950.   2.404420E-6
        9960.  1.000230E-10
        9970.  1.000230E-10
        9980.  1.000230E-10
        9990.  1.000230E-10
       10000.  1.000230E-10
       10010.   9.609500E-7
       10020.   3.533790E-6
       10030.  1.000230E-10
       10040.  1.000230E-10
       10050.  1.000230E-10
       10060.  1.000230E-10
       10070.   1.615220E-6
       10080.  1.000230E-10
       10090.  1.000230E-10
       10100.   1.926970E-6
       10110.  1.000230E-10
       10120.  1.000230E-10
       10130.  1.000230E-10
       10140.  1.000230E-10
       10150.   7.419870E-7
       10160.  1.000230E-10
       10170.  1.000230E-10
       10180.  1.000230E-10
       10190.   2.212910E-6
       10200.  1.000230E-10
       10210.  1.000230E-10
       10220.  1.000230E-10
       10230.  1.000230E-10
       10240.   2.663670E-6
       10250.  1.000230E-10
       10260.  1.000230E-10
       10270.   2.425290E-7
       10280.   1.793320E-6
       10290.   1.441220E-7
       10300.   1.086500E-6
       10310.   2.787780E-6
       10320.  1.000230E-10
       10330.  1.000230E-10
       10340.   2.697070E-6
       10350.  1.000230E-10
       10360.  1.000230E-10
       10370.  1.000230E-10
       10380.   5.221170E-6
       10390.   3.238050E-6
       10400.   2.073530E-6
       10410.  1.000230E-10
       10420.  1.000230E-10
       10430.   2.926870E-6
       10440.  1.000230E-10
       10450.  1.000230E-10
       10460.   2.185490E-6
       10470.  1.000230E-10
       10480.  1.000230E-10
       10490.  1.000230E-10
       10500.   8.755030E-7
       10510.  1.000230E-10
       10520.   2.182820E-6
       10530.   5.280620E-7
       10540.  1.000230E-10
       10550.   2.024300E-6
       10560.  1.000230E-10
       10570.  1.000230E-10
       10580.  1.000230E-10
       10590.  1.000230E-10
       10600.  1.000230E-10
       10610.   1.429400E-6
       10620.  1.000230E-10
       10630.  1.000230E-10
       10640.  1.000230E-10
       10650.  1.000230E-10
       10660.   1.391980E-6
       10670.  1.000230E-10
       10680.  1.000230E-10
       10690.  1.000230E-10
       10700.  1.000230E-10
       10710.  1.000230E-10
       10720.   1.995880E-7
       10730.  1.000230E-10
       10740.  1.000230E-10
       10750.  1.000230E-10
       10760.  1.000230E-10
       10770.  1.000230E-10
       10780.  1.000230E-10
       10790.  1.000230E-10
       10800.  1.000230E-10
       10810.  1.000230E-10
       10820.  1.000230E-10
       10830.  1.000230E-10
       10840.  1.000230E-10
       10850.  1.000230E-10
       10860.   2.198390E-7
       10870.  1.000230E-10
       10880.  1.000230E-10
       10890.  1.000230E-10
       10900.  1.000230E-10
       10910.  1.000230E-10
       10920.  1.000230E-10
       10930.  1.000230E-10
       10940.   5.714930E-7
       10950.  1.000230E-10
       10960.   1.541460E-6
       10970.  1.000230E-10
       10980.  1.000230E-10
       10990.  1.000230E-10
       11000.  1.000230E-10
       11001.            0.
       11002.            0.
