        1938.            0.
        1939.            0.
        1940.   8.820660E-8
        1950.  1.000230E-10
        1960.   6.697080E-8
        1970.   4.004130E-8
        1980.   6.150160E-8
        1990.   3.845810E-8
        2000.  1.000230E-10
        2010.   4.552590E-8
        2020.   1.507840E-8
        2030.  1.000230E-10
        2040.   2.319150E-8
        2050.   2.241860E-8
        2060.  1.000230E-10
        2070.   2.270940E-9
        2080.  1.000230E-10
        2090.   3.062150E-8
        2100.   5.555310E-9
        2110.  1.000230E-10
        2120.  1.000230E-10
        2130.   1.448610E-9
        2140.   9.298220E-9
        2150.   4.051080E-9
        2160.  1.000230E-10
        2170.   2.756570E-9
        2180.  1.000230E-10
        2190.  1.000230E-10
        2200.   5.283570E-9
        2210.  1.000230E-10
        2220.   2.036750E-8
        2230.   9.227200E-9
        2240.  1.000230E-10
        2250.  1.000230E-10
        2260.   2.560500E-9
        2270.  1.000230E-10
        2280.  1.000230E-10
        2290.  1.000230E-10
        2300.  1.000230E-10
        2310.   3.920390E-9
        2320.  1.000230E-10
        2330.  1.000230E-10
        2340.  1.000230E-10
        2350.  1.000230E-10
        2360.   4.585970E-9
        2370.   3.996030E-9
        2380.  1.000230E-10
        2390.  1.000230E-10
        2400.   1.018980E-8
        2410.   1.831990E-9
        2420.  1.000230E-10
        2430.  1.000230E-10
        2440.   5.014790E-9
        2450.  1.000230E-10
        2460.  1.000230E-10
        2470.  1.000230E-10
        2480.  1.000230E-10
        2490.   2.058570E-8
        2500.  1.000230E-10
        2510.  1.000230E-10
        2520.  1.000230E-10
        2530.  1.000230E-10
        2540.  1.000230E-10
        2550.  1.000230E-10
        2560.  1.000230E-10
        2570.   1.216100E-9
        2580.   5.750110E-9
        2590.  1.000230E-10
        2600.  1.000230E-10
        2610.  1.000230E-10
        2620.  1.000230E-10
        2630.  7.339370E-10
        2640.  1.000230E-10
        2650.  1.000230E-10
        2660.  1.000230E-10
        2670.  1.000230E-10
        2680.  1.000230E-10
        2690.   9.986390E-9
        2700.  1.000230E-10
        2710.  1.000230E-10
        2720.  1.000230E-10
        2730.  1.000230E-10
        2740.   7.216050E-9
        2750.  1.000230E-10
        2760.  1.000230E-10
        2770.  1.000230E-10
        2780.  1.000230E-10
        2790.  1.000230E-10
        2800.  1.000230E-10
        2810.   1.472380E-8
        2820.   3.084910E-8
        2830.   4.274630E-9
        2840.  1.000230E-10
        2850.  1.000230E-10
        2860.  1.000230E-10
        2870.   1.109890E-8
        2880.   1.192020E-8
        2890.  1.000230E-10
        2900.   1.414300E-8
        2910.   3.384730E-8
        2920.   3.270160E-8
        2930.   2.651970E-8
        2940.   8.967850E-9
        2950.  1.000230E-10
        2960.  1.000230E-10
        2970.  1.000230E-10
        2980.   2.192050E-9
        2990.   1.082960E-8
        3000.  1.000230E-10
        3010.   3.545200E-8
        3020.  1.000230E-10
        3030.   3.750680E-8
        3040.   6.092780E-8
        3050.  1.000230E-10
        3060.   5.892560E-8
        3070.   3.315970E-9
        3080.   4.666090E-8
        3090.   1.559480E-8
        3100.   3.087560E-8
        3110.   3.309930E-8
        3120.   3.436680E-8
        3130.   4.508460E-8
        3140.   6.324690E-8
        3150.   6.059490E-8
        3160.   8.303110E-8
        3170.   8.839980E-8
        3180.   6.017720E-8
        3190.   1.066090E-7
        3200.   4.414610E-8
        3210.   2.761860E-8
        3220.   7.411620E-8
        3230.   8.545960E-8
        3240.   7.736310E-8
        3250.   6.179650E-8
        3260.   4.060790E-8
        3270.   6.390750E-8
        3280.   1.692070E-8
        3290.   4.678940E-8
        3300.   1.118180E-7
        3310.   8.149650E-8
        3320.   9.679350E-8
        3330.   6.315620E-8
        3340.   2.530800E-8
        3350.   1.167230E-7
        3360.   3.503170E-8
        3370.  1.000230E-10
        3380.   4.707160E-8
        3390.  1.000230E-10
        3400.   7.915280E-8
        3410.   5.384050E-8
        3420.   1.674160E-7
        3430.   1.343710E-7
        3440.   1.076030E-7
        3450.   1.384070E-7
        3460.   1.465080E-7
        3470.   1.147170E-7
        3480.   1.026530E-7
        3490.   1.541150E-7
        3500.   7.346170E-8
        3510.   5.412670E-9
        3520.  1.000230E-10
        3530.  5.880030E-10
        3540.   1.237940E-8
        3550.   1.020300E-7
        3560.   8.481390E-8
        3570.   4.878100E-8
        3580.   4.245190E-8
        3590.   4.713680E-8
        3600.   5.848840E-8
        3610.   9.011130E-8
        3620.   6.482880E-8
        3630.   7.241590E-8
        3640.   6.221670E-8
        3650.   1.291060E-7
        3660.   6.222290E-8
        3670.   5.121330E-8
        3680.   2.314280E-9
        3690.   1.406450E-7
        3700.   6.063860E-8
        3710.   5.065490E-8
        3720.  1.000230E-10
        3730.  1.000230E-10
        3740.  1.000230E-10
        3750.   7.904730E-8
        3760.  1.000230E-10
        3770.  1.000230E-10
        3780.  1.000230E-10
        3790.   8.101900E-8
        3800.   1.379830E-7
        3810.   7.858540E-8
        3820.   9.220260E-8
        3830.  1.000230E-10
        3840.   1.005500E-7
        3850.  1.000230E-10
        3860.  1.000230E-10
        3870.   6.101340E-8
        3880.   6.797250E-8
        3890.  1.000230E-10
        3900.   2.279110E-7
        3910.  1.000230E-10
        3920.   1.015890E-7
        3930.   2.086740E-7
        3940.   1.162330E-7
        3950.  1.000230E-10
        3960.   1.163120E-7
        3970.   8.071000E-8
        3980.   8.352250E-9
        3990.   2.178630E-7
        4000.   6.110160E-8
        4010.   5.699720E-8
        4020.   7.300580E-8
        4030.   8.208710E-8
        4040.   6.807570E-8
        4050.   3.861400E-8
        4060.   1.986550E-8
        4070.   5.103660E-8
        4080.   3.502580E-8
        4090.   3.394070E-8
        4100.   5.823010E-8
        4110.   8.189930E-8
        4120.   8.885590E-8
        4130.   4.621630E-8
        4140.   5.779640E-8
        4150.   7.349090E-8
        4160.   6.528760E-8
        4170.   5.744740E-8
        4180.   6.434710E-8
        4190.   5.302330E-8
        4200.   9.609820E-8
        4210.   6.147580E-8
        4220.   7.237170E-8
        4230.   7.887600E-8
        4240.   4.424580E-8
        4250.   9.136400E-8
        4260.   5.799650E-8
        4270.   9.211370E-8
        4280.   7.782190E-8
        4290.   3.287210E-8
        4300.   5.445540E-8
        4310.   6.129740E-8
        4320.   5.233860E-8
        4330.   1.004700E-7
        4340.   4.340090E-8
        4350.   5.534140E-8
        4360.   6.550700E-8
        4370.   8.814450E-8
        4380.   8.675210E-8
        4390.   5.506710E-8
        4400.   5.627470E-8
        4410.   5.478480E-8
        4420.   5.180510E-8
        4430.   9.104640E-8
        4440.   8.559990E-8
        4450.   7.915510E-8
        4460.   6.187770E-8
        4470.   5.984280E-8
        4480.   7.332130E-8
        4490.   8.516070E-8
        4500.   8.747260E-8
        4510.   7.408170E-8
        4520.   7.066180E-8
        4530.   6.374030E-8
        4540.   7.225080E-8
        4550.   6.960160E-8
        4560.   6.661660E-8
        4570.   8.583710E-8
        4580.   9.823850E-8
        4590.   1.109780E-7
        4600.   9.372360E-8
        4610.   8.625630E-8
        4620.   8.409440E-8
        4630.   4.865130E-8
        4640.   7.353800E-8
        4650.   7.248870E-8
        4660.   8.192620E-8
        4670.   6.976310E-8
        4680.   7.896200E-8
        4690.   7.851810E-8
        4700.   7.719640E-8
        4710.   9.386250E-8
        4720.   8.068300E-8
        4730.   6.863790E-8
        4740.   6.223480E-8
        4750.   9.949320E-8
        4760.   9.248000E-8
        4770.   5.821390E-8
        4780.   1.190140E-7
        4790.   9.142400E-8
        4800.   7.846900E-8
        4810.   8.278350E-8
        4820.   5.060870E-8
        4830.   7.459930E-8
        4840.   6.023920E-8
        4850.   7.879000E-8
        4860.   5.974920E-8
        4870.   6.177320E-8
        4880.   5.898750E-8
        4890.   9.054390E-8
        4900.   3.409870E-8
        4910.   1.160090E-7
        4920.   1.194700E-7
        4930.   1.157310E-7
        4940.   1.197140E-7
        4950.   1.349710E-7
        4960.   1.319830E-7
        4970.   1.463350E-7
        4980.   1.315820E-7
        4990.   1.007060E-7
        5000.   1.465450E-7
        5010.   1.175340E-7
        5020.   1.046330E-7
        5030.   9.446480E-8
        5040.   9.310540E-8
        5050.   9.885170E-8
        5060.   6.168730E-8
        5070.   6.600580E-8
        5080.   8.933060E-8
        5090.   7.718390E-8
        5100.   5.396280E-8
        5110.   2.866120E-8
        5120.   6.081080E-8
        5130.   7.948520E-8
        5140.   6.634590E-8
        5150.   8.126600E-8
        5160.   1.142290E-7
        5170.   9.164470E-8
        5180.   8.443220E-8
        5190.   1.409280E-7
        5200.   1.411570E-7
        5210.   1.153820E-7
        5220.   1.095590E-7
        5230.   1.219330E-7
        5240.   1.129040E-7
        5250.   1.045650E-7
        5260.   7.368070E-8
        5270.   7.566860E-8
        5280.   1.306640E-7
        5290.   1.123770E-7
        5300.   1.019310E-7
        5310.   9.885240E-8
        5320.   9.928400E-8
        5330.   6.379470E-8
        5340.   9.885960E-8
        5350.   9.213490E-8
        5360.   1.201250E-7
        5370.   9.127670E-8
        5380.   8.433370E-8
        5390.   9.412760E-8
        5400.   7.398160E-8
        5410.   7.364270E-8
        5420.   7.789490E-8
        5430.   8.438960E-8
        5440.   9.696000E-8
        5450.   8.199780E-8
        5460.   6.253990E-8
        5470.   5.531170E-8
        5480.   3.816980E-8
        5490.   2.896840E-8
        5500.   4.782190E-8
        5510.   6.637460E-8
        5520.   2.763450E-8
        5530.   3.071140E-8
        5540.   6.109200E-8
        5550.   6.368290E-8
        5560.   7.551550E-8
        5570.   1.122980E-7
        5580.   6.073820E-8
        5590.   6.405470E-8
        5600.   8.681170E-8
        5610.   7.102550E-8
        5620.   4.648650E-8
        5630.   3.822630E-8
        5640.   5.654070E-8
        5650.   8.722790E-8
        5660.   6.370610E-8
        5670.   8.028470E-8
        5680.   8.889290E-8
        5690.   8.395580E-8
        5700.   9.607050E-8
        5710.   1.294650E-7
        5720.   1.109350E-7
        5730.   9.804150E-8
        5740.   6.918430E-8
        5750.   9.708630E-8
        5760.   3.408830E-8
        5770.   5.370190E-8
        5780.   3.824250E-8
        5790.  1.000230E-10
        5800.   1.744270E-8
        5810.   1.867330E-8
        5820.   8.359740E-9
        5830.   2.254790E-8
        5840.   3.592190E-8
        5850.   3.893430E-8
        5860.   6.161640E-8
        5870.   6.083350E-8
        5880.   5.166140E-8
        5890.   9.127310E-8
        5900.   5.708930E-8
        5910.   7.136050E-8
        5920.   1.092280E-7
        5930.   7.826290E-8
        5940.   1.252930E-7
        5950.   1.379940E-7
        5960.   1.589410E-7
        5970.   1.421130E-7
        5980.   1.037370E-7
        5990.   1.387250E-7
        6000.   1.785930E-7
        6010.   1.561250E-7
        6020.   1.917650E-7
        6030.   1.719820E-7
        6040.   1.348210E-7
        6050.   1.143680E-7
        6060.   1.315340E-7
        6070.   9.916630E-8
        6080.   1.214810E-7
        6090.   1.318640E-7
        6100.   1.280400E-7
        6110.   1.378550E-7
        6120.   1.475190E-7
        6130.   1.586860E-7
        6140.   1.699370E-7
        6150.   1.705340E-7
        6160.   1.696340E-7
        6170.   1.479700E-7
        6180.   1.450100E-7
        6190.   1.361390E-7
        6200.   1.147570E-7
        6210.   9.398160E-8
        6220.   7.062140E-8
        6230.   3.925560E-8
        6240.   1.526820E-8
        6250.   1.375310E-8
        6260.  2.436280E-10
        6270.   1.652000E-8
        6280.   2.767470E-8
        6290.   1.369470E-8
        6300.   2.065590E-8
        6310.   9.482710E-9
        6320.  1.000230E-10
        6330.   7.745860E-9
        6340.  1.000230E-10
        6350.   1.170800E-8
        6360.   2.969850E-8
        6370.   4.649470E-8
        6380.   1.711480E-8
        6390.   2.719090E-8
        6400.   9.242620E-8
        6410.   7.596450E-8
        6420.   4.426200E-8
        6430.   2.020160E-8
        6440.   3.209640E-8
        6450.   1.860050E-8
        6460.   5.757520E-8
        6470.   5.960380E-8
        6480.   6.910220E-8
        6490.   2.177900E-8
        6500.  1.000230E-10
        6510.  1.000230E-10
        6520.   9.788820E-9
        6530.   1.340520E-8
        6540.  1.000230E-10
        6550.  1.000230E-10
        6560.  1.000230E-10
        6570.  1.000230E-10
        6580.  1.000230E-10
        6590.   1.342470E-8
        6600.   2.088210E-8
        6610.  1.000230E-10
        6620.   8.494080E-9
        6630.  1.000230E-10
        6640.  1.000230E-10
        6650.  1.000230E-10
        6660.  1.000230E-10
        6670.   1.221630E-8
        6680.  1.000230E-10
        6690.   9.406890E-9
        6700.  1.000230E-10
        6710.  1.000230E-10
        6720.   5.382660E-9
        6730.   1.450400E-8
        6740.   1.443030E-9
        6750.   2.565070E-8
        6760.  1.000230E-10
        6770.  1.000230E-10
        6780.   9.330190E-9
        6790.   2.826520E-8
        6800.   6.398470E-9
        6810.  1.000230E-10
        6820.   7.510660E-9
        6830.  1.000230E-10
        6840.  1.000230E-10
        6850.   9.625730E-9
        6860.  1.000230E-10
        6870.  1.000230E-10
        6880.   2.122540E-9
        6890.   1.638900E-8
        6900.   4.241030E-9
        6910.  1.000230E-10
        6920.   9.180650E-9
        6930.   1.340130E-9
        6940.   4.593390E-9
        6950.  1.000230E-10
        6960.  1.000230E-10
        6970.  1.000230E-10
        6980.   2.887510E-8
        6990.   4.279370E-8
        7000.  1.000230E-10
        7010.   3.815420E-8
        7020.  1.000230E-10
        7030.   3.194500E-8
        7040.   6.935230E-8
        7050.   8.276560E-8
        7060.   5.865750E-8
        7070.   1.110640E-7
        7080.   1.085000E-7
        7090.   1.217820E-7
        7100.   1.405880E-7
        7110.   1.784110E-7
        7120.   1.873870E-7
        7130.   2.351060E-7
        7140.   2.768210E-7
        7150.   3.325870E-7
        7160.   4.360470E-7
        7170.   5.303450E-7
        7180.   6.477720E-7
        7190.   7.708860E-7
        7200.   9.379600E-7
        7210.   1.088990E-6
        7220.   1.347450E-6
        7230.   1.582730E-6
        7240.   2.055190E-6
        7250.   2.592800E-6
        7260.   3.262470E-6
        7270.   4.250180E-6
        7280.   5.635700E-6
        7290.   7.450080E-6
        7300.   1.009150E-5
        7310.   1.400540E-5
        7320.   2.001310E-5
        7330.   2.875650E-5
        7340.   4.292890E-5
        7350.   6.643230E-5
        7360.   1.081300E-4
        7370.   1.862660E-4
        7380.   3.411430E-4
        7400.   5.980000E-4
       7400.2   5.760000E-4
       7400.4   5.800000E-4
       7400.6   5.930000E-4
       7400.8   5.860000E-4
        7401.   5.920000E-4
       7401.2   6.260000E-4
       7401.4   6.290000E-4
       7401.6   6.400000E-4
       7401.8   6.340000E-4
        7402.   6.560000E-4
       7402.2   6.470000E-4
       7402.4   6.680000E-4
       7402.6   6.690000E-4
       7402.8   6.780000E-4
        7403.   7.230000E-4
       7403.2   7.040000E-4
       7403.4   7.160000E-4
       7403.6   7.500000E-4
       7403.8   7.530000E-4
        7404.   7.600000E-4
       7404.2   7.440000E-4
       7404.4   7.690000E-4
       7404.6   7.740000E-4
       7404.8   7.540000E-4
        7405.   7.910000E-4
       7405.2   7.990000E-4
       7405.4   8.050000E-4
       7405.6   8.470000E-4
       7405.8   8.380000E-4
        7406.   8.590000E-4
       7406.2   8.660000E-4
       7406.4   8.570000E-4
       7406.6   8.800000E-4
       7406.8   9.030000E-4
        7407.   8.910000E-4
       7407.2   9.170000E-4
       7407.4   9.410000E-4
       7407.6   9.600000E-4
       7407.8   9.770000E-4
        7408.   9.480000E-4
       7408.2   9.690000E-4
       7408.4   9.980000E-4
       7408.6      0.001014
       7408.8      0.001061
        7409.      0.001003
       7409.2      0.001056
       7409.4      0.001057
       7409.6      0.001089
       7409.8      0.001081
        7410.      0.001116
       7410.2      0.001136
       7410.4      0.001153
       7410.6      0.001127
       7410.8       0.00118
        7411.       0.00119
       7411.2      0.001228
       7411.4      0.001227
       7411.6      0.001213
       7411.8      0.001254
        7412.      0.001279
       7412.2       0.00132
       7412.4      0.001332
       7412.6      0.001314
       7412.8      0.001352
        7413.      0.001363
       7413.2      0.001399
       7413.4      0.001429
       7413.6      0.001434
       7413.8      0.001443
        7414.      0.001463
       7414.2        0.0015
       7414.4      0.001527
       7414.6      0.001559
       7414.8      0.001523
        7415.      0.001599
       7415.2      0.001627
       7415.4      0.001642
       7415.6      0.001705
       7415.8      0.001701
        7416.      0.001737
       7416.2      0.001706
       7416.4      0.001779
       7416.6      0.001791
       7416.8      0.001834
        7417.      0.001843
       7417.2      0.001878
       7417.4      0.001918
       7417.6      0.001911
       7417.8      0.001967
        7418.      0.001999
       7418.2      0.002045
       7418.4      0.002092
       7418.6      0.002076
       7418.8      0.002163
        7419.      0.002177
       7419.2      0.002202
       7419.4      0.002261
       7419.6      0.002264
       7419.8      0.002263
        7420.      0.002398
       7420.2      0.002378
       7420.4      0.002446
       7420.6      0.002467
       7420.8      0.002515
        7421.      0.002508
       7421.2      0.002559
       7421.4      0.002552
       7421.6      0.002648
       7421.8      0.002729
        7422.      0.002745
       7422.2      0.002762
       7422.4      0.002836
       7422.6      0.002848
       7422.8      0.002977
        7423.      0.002952
       7423.2      0.003064
       7423.4      0.003098
       7423.6      0.003173
       7423.8      0.003214
        7424.      0.003281
       7424.2      0.003314
       7424.4      0.003364
       7424.6       0.00338
       7424.8      0.003477
        7425.      0.003557
       7425.2      0.003616
       7425.4       0.00367
       7425.6      0.003682
       7425.8      0.003759
        7426.      0.003866
       7426.2      0.003891
       7426.4      0.003975
       7426.6      0.004091
       7426.8      0.004148
        7427.      0.004221
       7427.2      0.004254
       7427.4      0.004432
       7427.6      0.004427
       7427.8      0.004435
        7428.      0.004559
       7428.2      0.004661
       7428.4      0.004773
       7428.6      0.004854
       7428.8      0.004927
        7429.      0.004995
       7429.2      0.005101
       7429.4      0.005229
       7429.6      0.005299
       7429.8      0.005413
        7430.      0.005503
       7430.2       0.00552
       7430.4      0.005665
       7430.6      0.005793
       7430.8      0.005908
        7431.      0.006016
       7431.2      0.006162
       7431.4      0.006244
       7431.6      0.006328
       7431.8      0.006483
        7432.      0.006633
       7432.2      0.006701
       7432.4      0.006832
       7432.6      0.007021
       7432.8      0.007193
        7433.       0.00724
       7433.2      0.007385
       7433.4      0.007508
       7433.6      0.007631
       7433.8      0.007798
        7434.      0.008062
       7434.2      0.008178
       7434.4      0.008305
       7434.6      0.008496
       7434.8      0.008683
        7435.      0.008903
       7435.2      0.009081
       7435.4      0.009155
       7435.6      0.009364
       7435.8      0.009519
        7436.      0.009719
       7436.2      0.010052
       7436.4      0.010173
       7436.6      0.010307
       7436.8      0.010552
        7437.      0.010735
       7437.2      0.011019
       7437.4      0.011236
       7437.6      0.011403
       7437.8      0.011692
        7438.      0.012013
       7438.2      0.012178
       7438.4      0.012506
       7438.6      0.012704
       7438.8      0.013035
        7439.      0.013338
       7439.2      0.013598
       7439.4      0.013887
       7439.6      0.014193
       7439.8      0.014422
        7440.      0.014793
       7440.2      0.015144
       7440.4      0.015507
       7440.6      0.015835
       7440.8       0.01612
        7441.      0.016494
       7441.2      0.016875
       7441.4      0.017183
       7441.6      0.017631
       7441.8      0.018001
        7442.      0.018335
       7442.2      0.018759
       7442.4      0.019261
       7442.6       0.01979
       7442.8      0.020271
        7443.      0.020592
       7443.2      0.021133
       7443.4      0.021646
       7443.6      0.022264
       7443.8      0.022707
        7444.      0.023219
       7444.2      0.023579
       7444.4      0.024148
       7444.6      0.024862
       7444.8      0.025539
        7445.      0.026035
       7445.2      0.026598
       7445.4       0.02756
       7445.6      0.028142
       7445.8      0.028703
        7446.      0.029408
       7446.2      0.030081
       7446.4      0.030612
       7446.6      0.031505
       7446.8      0.032415
        7447.      0.033292
       7447.2      0.033973
       7447.4      0.034743
       7447.6      0.035605
       7447.8      0.036671
        7448.       0.03771
       7448.2      0.038611
       7448.4      0.039362
       7448.6       0.04041
       7448.8       0.04149
        7449.      0.042771
       7449.2      0.044003
       7449.4      0.044773
       7449.6      0.045925
       7449.8      0.047416
        7450.      0.048642
       7450.2      0.050053
       7450.4      0.051144
       7450.6      0.052228
       7450.8      0.053603
        7451.      0.055235
       7451.2      0.056762
       7451.4      0.058326
       7451.6      0.059757
       7451.8      0.061131
        7452.      0.063058
       7452.2      0.065417
       7452.4      0.066923
       7452.6      0.068455
       7452.8      0.070107
        7453.      0.071989
       7453.2      0.074283
       7453.4      0.076427
       7453.6      0.078809
       7453.8      0.080759
        7454.      0.082565
       7454.2      0.085439
       7454.4      0.088149
       7454.6      0.090048
       7454.8      0.092234
        7455.      0.094482
       7455.2      0.097261
       7455.4       0.10048
       7455.6       0.10345
       7455.8      0.106318
        7456.      0.108852
       7456.2      0.111851
       7456.4      0.115919
       7456.6      0.119613
       7456.8      0.123413
        7457.      0.125661
       7457.2      0.129175
       7457.4      0.133548
       7457.6      0.137625
       7457.8      0.142097
        7458.      0.145812
       7458.2      0.149369
       7458.4      0.154213
       7458.6      0.158973
       7458.8      0.163269
        7459.      0.167541
       7459.2      0.171702
       7459.4      0.176267
       7459.6       0.18153
       7459.8      0.188058
        7460.      0.192365
       7460.2      0.197916
       7460.4      0.202934
       7460.6      0.209385
       7460.8      0.216061
        7461.       0.22255
       7461.2      0.228557
       7461.4      0.234216
       7461.6      0.239781
       7461.8      0.247688
        7462.      0.255658
       7462.2      0.263116
       7462.4      0.269476
       7462.6      0.276516
       7462.8      0.284729
        7463.      0.293155
       7463.2      0.300362
       7463.4      0.306597
       7463.6      0.313897
       7463.8      0.321237
        7464.      0.330592
       7464.2      0.341216
       7464.4        0.3483
       7464.6      0.356973
       7464.8       0.36537
        7465.      0.376192
       7465.2      0.385933
       7465.4      0.395338
       7465.6      0.403472
       7465.8      0.411762
        7466.      0.420792
       7466.2      0.432553
       7466.4      0.443535
       7466.6      0.452698
       7466.8      0.461652
        7467.       0.47167
       7467.2      0.482779
       7467.4      0.495089
       7467.6      0.502294
       7467.8       0.51048
        7468.      0.518638
       7468.2      0.528277
       7468.4      0.539221
       7468.6      0.550803
       7468.8      0.558851
        7469.      0.566933
       7469.2      0.577592
       7469.4      0.588134
       7469.6      0.598805
       7469.8      0.607122
        7470.      0.616663
       7470.2      0.623128
       7470.4      0.631361
       7470.6       0.64253
       7470.8      0.651191
        7471.      0.658727
       7471.2      0.667624
       7471.4      0.674738
       7471.6      0.684206
       7471.8      0.691525
        7472.      0.696485
       7472.2       0.70378
       7472.4      0.708962
       7472.6      0.716598
       7472.8      0.725262
        7473.      0.729764
       7473.2      0.734716
       7473.4      0.741683
       7473.6      0.746913
       7473.8       0.75401
        7474.      0.758217
       7474.2      0.761978
       7474.4      0.766182
       7474.6      0.771035
       7474.8      0.775344
        7475.      0.779175
       7475.2      0.783743
       7475.4      0.785864
       7475.6      0.789246
       7475.8      0.792953
        7476.      0.795135
       7476.2      0.797839
       7476.4      0.800719
       7476.6      0.802395
       7476.8      0.805931
        7477.      0.807476
       7477.2      0.810805
       7477.4      0.811445
       7477.6      0.812257
       7477.8      0.814619
        7478.      0.815977
       7478.2      0.817711
       7478.4      0.817974
       7478.6      0.819675
       7478.8      0.820536
        7479.      0.821375
       7479.2      0.821632
       7479.4      0.822061
       7479.6      0.823669
       7479.8      0.823481
        7480.      0.824577
       7480.2      0.825589
       7480.4      0.824345
       7480.6      0.826273
       7480.8      0.826963
        7481.      0.826974
       7481.2      0.825912
       7481.4       0.82664
       7481.6      0.825481
       7481.8      0.827342
        7482.      0.828199
       7482.2      0.826441
       7482.4      0.826305
       7482.6      0.827033
       7482.8      0.827604
        7483.      0.827464
       7483.2      0.826294
       7483.4      0.828315
       7483.6      0.827276
       7483.8      0.827219
        7484.      0.827805
       7484.2      0.828049
       7484.4      0.827989
       7484.6      0.829279
       7484.8      0.827988
        7485.      0.826886
       7485.2      0.828951
       7485.4      0.828501
       7485.6      0.829677
       7485.8      0.829408
        7486.      0.828889
       7486.2      0.828929
       7486.4      0.828721
       7486.6      0.830375
       7486.8      0.829875
        7487.      0.830182
       7487.2      0.830786
       7487.4      0.829845
       7487.6      0.831808
       7487.8      0.831428
        7488.      0.831804
       7488.2      0.833035
       7488.4      0.833236
       7488.6      0.832271
       7488.8       0.83268
        7489.       0.83374
       7489.2      0.835334
       7489.4      0.833956
       7489.6      0.836062
       7489.8      0.835638
        7490.      0.835463
       7490.2      0.836482
       7490.4      0.836287
       7490.6      0.838105
       7490.8      0.837302
        7491.      0.839169
       7491.2      0.838862
       7491.4      0.839815
       7491.6      0.839528
       7491.8      0.840427
        7492.      0.841126
       7492.2      0.841623
       7492.4      0.842495
       7492.6       0.84317
       7492.8      0.843637
        7493.      0.843937
       7493.2      0.846282
       7493.4       0.84482
       7493.6       0.84624
       7493.8      0.846594
        7494.      0.846534
       7494.2      0.845788
       7494.4      0.847083
       7494.6      0.847424
       7494.8      0.847535
        7495.      0.847636
       7495.2      0.848811
       7495.4      0.849084
       7495.6      0.849763
       7495.8      0.851029
        7496.      0.850393
       7496.2      0.850677
       7496.4      0.850827
       7496.6      0.851307
       7496.8      0.851086
        7497.      0.852329
       7497.2      0.852145
       7497.4      0.851985
       7497.6       0.85421
       7497.8       0.85342
        7498.      0.853774
       7498.2      0.854966
       7498.4      0.853687
       7498.6      0.852723
       7498.8      0.854201
        7499.      0.855054
       7499.2      0.853619
       7499.4      0.854073
       7499.6      0.853589
       7499.8      0.853063
        7500.      0.855462
       7500.2      0.852756
       7500.4      0.853083
       7500.6      0.855344
       7500.8      0.852796
        7501.      0.853258
       7501.2      0.852232
       7501.4      0.852049
       7501.6      0.853239
       7501.8      0.851778
        7502.      0.851552
       7502.2      0.852592
       7502.4      0.851099
       7502.6      0.850557
       7502.8      0.850254
        7503.      0.849527
       7503.2      0.849993
       7503.4      0.848853
       7503.6      0.848972
       7503.8      0.848908
        7504.      0.848623
       7504.2      0.848312
       7504.4      0.845635
       7504.6      0.847612
       7504.8      0.845565
        7505.      0.845219
       7505.2      0.843757
       7505.4      0.844465
       7505.6      0.845158
       7505.8      0.844599
        7506.      0.843483
       7506.2      0.842053
       7506.4      0.841727
       7506.6      0.841702
       7506.8      0.840013
        7507.      0.839171
       7507.2      0.839456
       7507.4      0.837257
       7507.6      0.837346
       7507.8         0.836
        7508.      0.837674
       7508.2       0.83537
       7508.4      0.835137
       7508.6      0.835995
       7508.8      0.834169
        7509.      0.832798
       7509.2      0.833186
       7509.4      0.832703
       7509.6      0.831138
       7509.8      0.830794
        7510.      0.831379
       7510.2      0.829751
       7510.4      0.829557
       7510.6      0.830671
       7510.8      0.829417
        7511.       0.82858
       7511.2      0.827496
       7511.4       0.82731
       7511.6      0.826503
       7511.8      0.827603
        7512.      0.827431
       7512.2       0.82578
       7512.4      0.826038
       7512.6      0.826657
       7512.8      0.826269
        7513.       0.82593
       7513.2      0.824577
       7513.4       0.82602
       7513.6      0.824356
       7513.8      0.824802
        7514.       0.82363
       7514.2      0.824666
       7514.4      0.825218
       7514.6       0.82362
       7514.8       0.82305
        7515.      0.824498
       7515.2      0.824837
       7515.4      0.825236
       7515.6      0.825311
       7515.8      0.825285
        7516.      0.824635
       7516.2      0.824462
       7516.4      0.824199
       7516.6      0.824274
       7516.8      0.824028
        7517.      0.825537
       7517.2      0.824985
       7517.4      0.824694
       7517.6      0.825735
       7517.8      0.824173
        7518.      0.825014
       7518.2      0.825682
       7518.4      0.826092
       7518.6      0.825201
       7518.8      0.826896
        7519.      0.827267
       7519.2      0.824928
       7519.4      0.826088
       7519.6      0.825535
       7519.8      0.825883
        7520.      0.825043
       7520.2      0.825204
       7520.4       0.82485
       7520.6      0.824951
       7520.8      0.823076
        7521.      0.824268
       7521.2       0.82226
       7521.4      0.822397
       7521.6      0.821487
       7521.8      0.821407
        7522.      0.821444
       7522.2      0.818749
       7522.4      0.819058
       7522.6        0.8176
       7522.8      0.816747
        7523.      0.814032
       7523.2      0.812955
       7523.4      0.810104
       7523.6      0.808623
       7523.8      0.806035
        7524.      0.803419
       7524.2      0.802848
       7524.4      0.801712
       7524.6      0.797545
       7524.8      0.793593
        7525.       0.79329
       7525.2      0.789856
       7525.4       0.78513
       7525.6      0.781428
       7525.8      0.777338
        7526.      0.773832
       7526.2      0.770501
       7526.4      0.767433
       7526.6      0.762599
       7526.8      0.755398
        7527.       0.75144
       7527.2      0.745466
       7527.4      0.741968
       7527.6       0.73544
       7527.8      0.729529
        7528.       0.72243
       7528.2      0.716001
       7528.4      0.711435
       7528.6      0.704828
       7528.8      0.698623
        7529.      0.689002
       7529.2      0.681167
       7529.4      0.674903
       7529.6       0.66861
       7529.8      0.659583
        7530.      0.650808
       7530.2      0.643053
       7530.4       0.63425
       7530.6      0.627122
       7530.8      0.620071
        7531.      0.610626
       7531.2      0.599698
       7531.4      0.592436
       7531.6       0.58304
       7531.8      0.573031
        7532.      0.564069
       7532.2      0.553379
       7532.4      0.543598
       7532.6      0.536269
       7532.8      0.526887
        7533.      0.517503
       7533.2      0.507441
       7533.4      0.496833
       7533.6      0.487091
       7533.8      0.478698
        7534.       0.46916
       7534.2      0.458261
       7534.4      0.447709
       7534.6      0.439665
       7534.8      0.430832
        7535.      0.423445
       7535.2      0.414205
       7535.4      0.404203
       7535.6      0.393374
       7535.8      0.385588
        7536.      0.377479
       7536.2      0.367952
       7536.4      0.359738
       7536.6      0.349532
       7536.8      0.342844
        7537.      0.335123
       7537.2      0.328854
       7537.4      0.319656
       7537.6       0.31039
       7537.8      0.302774
        7538.      0.295228
       7538.2      0.288505
       7538.4      0.281493
       7538.6       0.27232
       7538.8       0.26568
        7539.      0.259229
       7539.2       0.25319
       7539.4      0.248373
       7539.6      0.241167
       7539.8      0.234241
        7540.      0.227816
       7540.2      0.222158
       7540.4      0.216887
       7540.6      0.210965
       7540.8      0.204404
        7541.      0.199474
       7541.2      0.194015
       7541.4       0.19019
       7541.6      0.185541
       7541.8      0.179739
        7542.      0.174238
       7542.2      0.170042
       7542.4      0.165256
       7542.6       0.16168
       7542.8      0.157063
        7543.      0.151802
       7543.2      0.147562
       7543.4      0.144636
       7543.6      0.141092
       7543.8      0.137453
        7544.      0.133962
       7544.2      0.129348
       7544.4      0.126217
       7544.6      0.123335
       7544.8      0.120151
        7545.      0.116443
       7545.2      0.113284
       7545.4      0.110636
       7545.6      0.107885
       7545.8      0.105498
        7546.      0.102498
       7546.2      0.099651
       7546.4      0.096993
       7546.6      0.094603
       7546.8      0.092273
        7547.      0.090079
       7547.2       0.08717
       7547.4      0.084913
       7547.6      0.083016
       7547.8      0.081211
        7548.       0.07915
       7548.2      0.077165
       7548.4      0.075181
       7548.6       0.07294
       7548.8       0.07131
        7549.      0.070014
       7549.2      0.067847
       7549.4      0.065878
       7549.6      0.064463
       7549.8      0.062853
        7550.      0.061573
       7550.2      0.060324
       7550.4      0.058623
       7550.6      0.057097
       7550.8      0.055606
        7551.      0.054545
       7551.2      0.053224
       7551.4      0.051558
       7551.6      0.050243
       7551.8       0.04908
        7552.      0.047975
       7552.2       0.04713
       7552.4      0.046082
       7552.6       0.04483
       7552.8       0.04361
        7553.      0.042839
       7553.2      0.041669
       7553.4      0.040934
       7553.6      0.039838
       7553.8      0.038851
        7554.       0.03786
       7554.2      0.037171
       7554.4      0.036226
       7554.6      0.035712
       7554.8      0.034968
        7555.      0.033776
       7555.2      0.033092
       7555.4      0.032346
       7555.6      0.031776
       7555.8      0.030939
        7556.       0.03017
       7556.2      0.029407
       7556.4      0.028984
       7556.6      0.028255
       7556.8      0.027831
        7557.      0.027151
       7557.2      0.026466
       7557.4      0.025893
       7557.6        0.0253
       7557.8      0.025016
        7558.      0.024239
       7558.2      0.023672
       7558.4      0.023303
       7558.6       0.02269
       7558.8      0.022479
        7559.      0.022063
       7559.2      0.021555
       7559.4       0.02096
       7559.6      0.020645
       7559.8        0.0202
        7560.      0.019763
       7560.2      0.019234
       7560.4      0.018834
       7560.6      0.018423
       7560.8      0.018042
        7561.      0.017729
       7561.2      0.017433
       7561.4      0.016992
       7561.6      0.016661
       7561.8      0.016287
        7562.      0.016026
       7562.2      0.015698
       7562.4      0.015309
       7562.6      0.014988
       7562.8      0.014841
        7563.      0.014532
       7563.2       0.01431
       7563.4      0.013875
       7563.6      0.013658
       7563.8       0.01341
        7564.      0.013082
       7564.2      0.013006
       7564.4      0.012647
       7564.6      0.012331
       7564.8      0.012148
        7565.      0.011953
       7565.2      0.011761
       7565.4      0.011509
       7565.6      0.011343
       7565.8      0.011075
        7566.      0.010888
       7566.2      0.010668
       7566.4      0.010453
       7566.6      0.010199
       7566.8      0.010033
        7567.      0.009867
       7567.2       0.00972
       7567.4      0.009598
       7567.6        0.0094
       7567.8      0.009241
        7568.      0.009016
       7568.2      0.008866
       7568.4        0.0088
       7568.6      0.008631
       7568.8      0.008394
        7569.       0.00828
       7569.2      0.008094
       7569.4      0.007959
       7569.6      0.007824
       7569.8      0.007759
        7570.      0.007608
       7570.2      0.007329
       7570.4      0.007312
       7570.6      0.007233
       7570.8      0.007018
        7571.      0.006863
       7571.2      0.006823
       7571.4      0.006649
       7571.6      0.006533
       7571.8      0.006469
        7572.      0.006358
       7572.2      0.006275
       7572.4      0.006145
       7572.6       0.00607
       7572.8      0.005987
        7573.      0.005977
       7573.2      0.005798
       7573.4      0.005671
       7573.6      0.005545
       7573.8      0.005429
        7574.      0.005362
       7574.2      0.005287
       7574.4      0.005189
       7574.6      0.005064
       7574.8      0.005013
        7575.      0.004915
       7575.2      0.004839
       7575.4      0.004768
       7575.6       0.00466
       7575.8      0.004614
        7576.      0.004559
       7576.2      0.004524
       7576.4      0.004448
       7576.6      0.004315
       7576.8      0.004348
        7577.      0.004177
       7577.2      0.004152
       7577.4      0.004088
       7577.6      0.003994
       7577.8      0.003947
        7578.      0.003895
       7578.2      0.003893
       7578.4      0.003823
       7578.6      0.003754
       7578.8      0.003662
        7579.      0.003638
       7579.2      0.003554
       7579.4      0.003474
       7579.6      0.003476
       7579.8      0.003438
        7580.      0.003338
       7580.2      0.003309
       7580.4      0.003269
       7580.6      0.003219
       7580.8      0.003183
        7581.      0.003094
       7581.2      0.003041
       7581.4      0.003014
       7581.6      0.002958
       7581.8      0.002897
        7582.       0.00288
       7582.2      0.002829
       7582.4      0.002782
       7582.6      0.002724
       7582.8      0.002692
        7583.      0.002657
       7583.2      0.002644
       7583.4      0.002586
       7583.6      0.002577
       7583.8      0.002494
        7584.       0.00248
       7584.2      0.002449
       7584.4      0.002389
       7584.6      0.002337
       7584.8      0.002381
        7585.      0.002326
       7585.2      0.002275
       7585.4      0.002274
       7585.6      0.002197
       7585.8      0.002167
        7586.      0.002171
       7586.2       0.00211
       7586.4       0.00208
       7586.6      0.002086
       7586.8      0.002057
        7587.      0.002013
       7587.2      0.001982
       7587.4      0.001932
       7587.6      0.001967
       7587.8      0.001923
        7588.      0.001882
       7588.2      0.001866
       7588.4      0.001853
       7588.6      0.001794
       7588.8      0.001773
        7589.      0.001796
       7589.2      0.001734
       7589.4      0.001734
       7589.6      0.001687
       7589.8      0.001697
        7590.      0.001657
       7590.2      0.001649
       7590.4      0.001647
       7590.6       0.00159
       7590.8      0.001568
        7591.      0.001525
       7591.2      0.001537
       7591.4      0.001505
       7591.6      0.001502
       7591.8      0.001489
        7592.      0.001478
       7592.2      0.001449
       7592.4      0.001408
       7592.6      0.001387
       7592.8      0.001358
        7593.      0.001338
       7593.2      0.001369
       7593.4      0.001348
       7593.6      0.001344
       7593.8      0.001308
        7594.      0.001307
       7594.2       0.00123
       7594.4      0.001258
       7594.6      0.001258
       7594.8      0.001244
        7595.      0.001197
       7595.2      0.001158
       7595.4      0.001158
       7595.6       0.00118
       7595.8      0.001138
        7596.      0.001141
       7596.2      0.001141
       7596.4      0.001141
       7596.6      0.001114
       7596.8      0.001077
        7597.      0.001081
       7597.2      0.001047
       7597.4      0.001034
       7597.6   9.520000E-4
       7597.8      0.001044
        7598.      0.001004
       7598.2   9.860001E-4
       7598.4   9.760000E-4
       7598.6   9.620000E-4
       7598.8   9.500000E-4
        7599.   9.400000E-4
       7599.2   9.270000E-4
       7599.4   8.940000E-4
       7599.6   9.100000E-4
       7599.8   8.940000E-4
        7600.   8.910000E-4
       7600.2   8.800000E-4
       7600.4   8.810000E-4
       7600.6   8.440000E-4
       7600.8   8.730000E-4
        7601.   8.430000E-4
       7601.2   8.400000E-4
       7601.4   8.050000E-4
       7601.6   8.170000E-4
       7601.8   8.290000E-4
        7602.   8.160000E-4
       7602.2   7.810000E-4
       7602.4   7.470000E-4
       7602.6   7.810000E-4
       7602.8   7.570000E-4
        7603.   7.380000E-4
       7603.2   7.630000E-4
       7603.4   7.350000E-4
       7603.6   7.190000E-4
       7603.8   6.990000E-4
        7604.   7.350000E-4
       7604.2   7.100000E-4
       7604.4   7.110000E-4
       7604.6   6.990000E-4
       7604.8   6.850000E-4
        7605.   6.900000E-4
       7605.2   6.510000E-4
       7605.4   6.410000E-4
       7605.6   6.470000E-4
       7605.8   6.230000E-4
        7606.   6.660000E-4
       7606.2   6.430000E-4
       7606.4   6.440000E-4
       7606.6   6.080000E-4
       7606.8   6.110000E-4
        7607.   6.080000E-4
       7607.2   5.720000E-4
       7607.4   6.430000E-4
       7607.6   5.990000E-4
       7607.8   5.840000E-4
        7608.   5.900000E-4
       7608.2   5.720000E-4
       7608.4   5.750000E-4
       7608.6   5.710000E-4
       7608.8   5.440000E-4
        7609.   5.490000E-4
       7609.2   5.250000E-4
       7609.4   5.060000E-4
       7609.6   5.390000E-4
       7609.8   5.140000E-4
        7610.   5.030000E-4
       7610.2   5.200000E-4
       7610.4   5.160000E-4
       7610.6   5.190000E-4
       7610.8   5.220000E-4
        7611.   5.030000E-4
       7611.2   4.900000E-4
       7611.4   4.900000E-4
       7611.6   4.830000E-4
       7611.8   4.710000E-4
        7612.   4.630000E-4
       7612.2   4.690000E-4
       7612.4   4.700000E-4
       7612.6   4.360000E-4
       7612.8   4.330000E-4
        7613.   4.310000E-4
       7613.2   4.360000E-4
       7613.4   4.190000E-4
       7613.6   4.060000E-4
       7613.8   4.140000E-4
        7614.   4.060000E-4
       7614.2   4.140000E-4
       7614.4   3.960000E-4
       7614.6   4.180000E-4
       7614.8   4.160000E-4
        7615.   4.060000E-4
       7615.2   3.710000E-4
       7615.4   3.810000E-4
       7615.6   3.750000E-4
       7615.8   3.790000E-4
        7616.   3.790000E-4
       7616.2   4.290000E-4
       7616.4   3.870000E-4
       7616.6   3.660000E-4
       7616.8   3.710000E-4
        7617.   3.660000E-4
       7617.2   4.120000E-4
       7617.4   3.620000E-4
       7617.6   3.600000E-4
       7617.8   3.410000E-4
        7618.   3.460000E-4
       7618.2   3.200000E-4
       7618.4   3.550000E-4
       7618.6   3.350000E-4
       7618.8   3.440000E-4
        7619.   3.280000E-4
       7619.2   3.220000E-4
       7619.4   3.390000E-4
       7619.6   3.260000E-4
       7619.8   3.300000E-4
        7620.   3.200000E-4
        7640.   1.833270E-4
        7650.   1.192030E-4
        7660.   8.037220E-5
        7670.   5.583220E-5
        7680.   4.068500E-5
        7690.   3.007610E-5
        7700.   2.297110E-5
        7710.   1.737840E-5
        7720.   1.401910E-5
        7730.   1.095440E-5
        7740.   8.897950E-6
        7750.   7.345790E-6
        7760.   5.946380E-6
        7770.   5.035970E-6
        7780.   4.191620E-6
        7790.   3.682260E-6
        7800.   3.145000E-6
        7810.   2.767250E-6
        7820.   2.369670E-6
        7830.   2.073100E-6
        7840.   1.584470E-6
        7850.   1.120640E-6
        7860.   8.828750E-7
        7870.   5.398130E-7
        7880.   3.279760E-7
        7890.   2.569040E-7
        7900.   1.961090E-7
        7910.   1.405810E-7
        7920.   1.689080E-8
        7930.   6.796430E-8
        7940.   3.675010E-8
        7950.   9.287400E-8
        7960.   4.341230E-9
        7970.  1.000230E-10
        7980.   4.490580E-9
        7990.  1.000230E-10
        8000.   8.853560E-8
        8010.  1.000230E-10
        8020.  1.000230E-10
        8030.   2.147990E-8
        8040.   4.182830E-8
        8050.   4.697070E-8
        8060.  1.000230E-10
        8070.   2.153400E-8
        8080.  1.000230E-10
        8090.  1.000230E-10
        8100.   2.308200E-8
        8110.  1.000230E-10
        8120.   7.515230E-8
        8130.   4.797140E-8
        8140.   5.352810E-8
        8150.   4.749240E-8
        8160.   5.233040E-8
        8170.   1.945220E-8
        8180.  1.000230E-10
        8190.   2.377130E-8
        8200.   1.911790E-8
        8210.   3.100590E-8
        8220.   8.205040E-9
        8230.   4.460470E-8
        8240.   3.859140E-8
        8250.   4.738670E-8
        8260.   4.322740E-8
        8270.   1.013770E-7
        8280.   6.969670E-8
        8290.   9.869980E-8
        8300.   5.567330E-8
        8310.  1.000230E-10
        8320.  8.428160E-10
        8330.   5.307950E-8
        8340.   4.374780E-8
        8350.  1.000230E-10
        8360.   3.431890E-8
        8370.   1.001580E-7
        8380.   9.597870E-8
        8390.   7.267550E-8
        8400.   1.568410E-8
        8410.   6.443770E-8
        8420.  1.000230E-10
        8430.   8.311450E-8
        8440.   9.081530E-8
        8450.   4.745520E-8
        8460.   6.709870E-8
        8470.   1.013230E-7
        8480.   1.718430E-7
        8490.   1.731550E-7
        8500.  1.000230E-10
        8510.   1.826630E-5
        8520.   2.325610E-6
        8530.   7.338240E-6
        8540.   8.349350E-6
        8550.   1.844530E-5
        8560.   6.321250E-7
        8570.   4.710650E-6
        8580.   8.522330E-6
        8590.   4.915180E-6
        8600.   1.351960E-5
        8610.   1.098060E-5
        8620.   4.897390E-6
        8630.   1.505540E-5
        8640.   1.718570E-5
        8650.   8.329350E-6
        8660.   1.389960E-5
        8670.   6.759600E-7
        8680.   5.290600E-6
        8690.   4.591780E-6
        8700.   1.232960E-5
        8710.   1.850440E-5
        8720.   1.250330E-5
        8730.   8.416940E-6
        8740.   1.179400E-5
        8750.   1.571980E-5
        8760.   1.230760E-5
        8770.   1.491680E-5
        8780.   2.112940E-5
        8790.   2.225540E-5
        8800.   1.044670E-5
        8810.   2.405300E-5
        8820.   1.122760E-5
        8830.   1.345970E-5
        8840.   1.716600E-5
        8850.   1.735610E-5
        8860.   1.075600E-5
        8870.   1.521780E-5
        8880.   1.652170E-5
        8890.   1.781360E-5
        8900.   1.836920E-5
        8910.   1.190560E-5
        8920.   8.384440E-6
        8930.   1.113850E-5
        8940.   1.594330E-5
        8950.   1.275230E-5
        8960.   8.543070E-6
        8970.   1.609840E-5
        8980.   6.407120E-6
        8990.   1.113250E-5
        9000.   1.216250E-5
        9010.   1.152340E-5
        9020.   7.229810E-6
        9030.   9.237380E-6
        9040.   6.596830E-6
        9050.   9.738790E-6
        9060.   7.746150E-6
        9070.   7.667080E-6
        9080.   6.323800E-6
        9090.   2.675300E-6
        9100.   2.693250E-6
        9110.   7.618390E-6
        9120.   5.018020E-6
        9130.   5.670780E-6
        9140.   4.678100E-6
        9150.   3.700250E-6
        9160.   3.406510E-6
        9170.   1.879970E-6
        9180.   4.187840E-6
        9190.   2.276980E-6
        9200.   2.890810E-6
        9210.   3.768620E-6
        9220.   3.365390E-6
        9230.   1.859110E-6
        9240.   2.550180E-6
        9250.   3.519070E-6
        9260.   5.333530E-6
        9270.   2.750140E-6
        9280.   5.429040E-6
        9290.   5.118700E-6
        9300.   3.770730E-6
        9310.   2.798390E-6
        9320.   1.068430E-6
        9330.   9.914570E-7
        9340.   7.974200E-7
        9350.   4.635510E-6
        9360.   1.210780E-6
        9370.   2.660340E-6
        9380.   6.222010E-6
        9390.   1.210000E-6
        9400.   2.482920E-6
        9410.   7.690970E-7
        9420.   2.816280E-6
        9430.   2.427640E-6
        9440.   1.863710E-6
        9450.   1.597210E-6
        9460.  1.000230E-10
        9470.   3.802650E-6
        9480.   9.254010E-7
        9490.   3.334980E-6
        9500.   1.802790E-6
        9510.   6.658400E-7
        9520.   1.139750E-6
        9530.   1.677150E-6
        9540.   2.043340E-6
        9550.   1.467070E-6
        9560.  1.000230E-10
        9570.   7.600200E-7
        9580.   9.486370E-7
        9590.  1.000230E-10
        9600.   3.050090E-6
        9610.   8.603770E-7
        9620.   1.039120E-6
        9630.   2.132570E-6
        9640.   1.166700E-6
        9650.   5.101480E-7
        9660.   1.135110E-6
        9670.   2.249010E-6
        9680.   6.705860E-7
        9690.   1.635400E-6
        9700.   7.291350E-7
        9710.   1.459370E-6
        9720.   9.219390E-7
        9730.   1.160940E-6
        9740.   1.533620E-6
        9750.   1.350050E-6
        9760.   1.373540E-6
        9770.   4.644460E-7
        9780.   1.357970E-6
        9790.   1.967650E-6
        9800.   5.583340E-7
        9810.  1.000230E-10
        9820.   1.839610E-6
        9830.   9.024000E-7
        9840.   1.690600E-7
        9850.   7.008070E-7
        9860.   7.269860E-7
        9870.   2.042840E-6
        9880.   9.565410E-7
        9890.   1.036630E-6
        9900.   6.406090E-7
        9910.   1.608950E-6
        9920.   7.426320E-7
        9930.   1.512830E-6
        9940.   1.069090E-6
        9950.   5.652220E-7
        9960.   1.452010E-8
        9970.   5.452100E-7
        9980.   1.059630E-6
        9990.   1.458400E-6
       10000.   1.580900E-6
       10010.   1.531080E-6
       10020.   1.269070E-6
       10030.   1.761920E-6
       10040.   1.180670E-6
       10050.  1.000230E-10
       10060.   1.471640E-6
       10070.   7.558970E-7
       10080.   1.328210E-6
       10090.   6.352860E-7
       10100.   1.003550E-6
       10110.   7.699100E-7
       10120.   8.792250E-7
       10130.   1.043010E-6
       10140.   5.705430E-7
       10150.   1.561040E-6
       10160.   1.039840E-6
       10170.   2.460910E-7
       10180.   7.377290E-7
       10190.  1.000230E-10
       10200.   1.525040E-6
       10210.   5.624300E-7
       10220.   6.265320E-7
       10230.   1.789800E-6
       10240.   6.698530E-7
       10250.   1.044240E-6
       10260.   8.449750E-7
       10270.   4.584940E-7
       10280.   5.291510E-7
       10290.   6.807790E-7
       10300.   3.500260E-7
       10310.  1.000230E-10
       10320.   5.701630E-7
       10330.   9.799180E-7
       10340.   5.690990E-7
       10350.   1.283860E-6
       10360.   6.145230E-7
       10370.   5.940480E-7
       10380.   4.069850E-7
       10390.   3.897930E-7
       10400.   1.036940E-6
       10410.   3.517330E-7
       10420.  1.000230E-10
       10430.   8.536290E-7
       10440.   3.431450E-7
       10450.   7.745510E-7
       10460.   1.889770E-6
       10470.   1.182560E-6
       10480.   6.418230E-7
       10490.   1.105870E-6
       10500.   4.481320E-7
       10510.   8.303230E-7
       10520.   8.545710E-7
       10530.   2.849280E-7
       10540.   1.292100E-6
       10550.   1.786100E-7
       10560.   9.442410E-7
       10570.   1.915120E-7
       10580.   3.340330E-7
       10590.   1.168630E-6
       10600.   3.860000E-7
       10610.   6.029070E-7
       10620.   7.734820E-7
       10630.   4.235980E-7
       10640.   1.130130E-6
       10650.   3.595000E-7
       10660.   3.476400E-7
       10670.   1.536880E-6
       10680.   6.978350E-7
       10690.   4.231800E-7
       10700.   8.590310E-7
       10710.   4.749770E-7
       10720.   9.793050E-7
       10730.   2.676820E-7
       10740.   9.202340E-7
       10750.   2.101730E-7
       10760.   1.037930E-6
       10770.   1.100130E-6
       10780.   6.885050E-7
       10790.   5.309110E-7
       10800.   4.140410E-7
       10810.   9.419050E-7
       10820.   6.782100E-7
       10830.   1.067250E-6
       10840.   9.412870E-7
       10850.   7.577890E-7
       10860.   8.178430E-7
       10870.   8.427390E-7
       10880.   9.007690E-7
       10890.   7.161760E-7
       10900.   1.269610E-6
       10910.   2.390750E-7
       10920.   8.971730E-7
       10930.   9.906400E-7
       10940.   8.440690E-7
       10950.   6.597820E-7
       10960.   1.444440E-6
       10970.   1.053850E-6
       10980.   1.391120E-6
       10990.   9.673970E-7
       11000.   4.813620E-7
       11001.            0.
       11002.            0.
