        1938.            0.
        1939.            0.
        1940.   1.463280E-8
        1950.  1.000230E-10
        1960.  1.000230E-10
        1970.  1.000230E-10
        1980.   2.168600E-8
        1990.  1.000230E-10
        2000.   1.719130E-8
        2010.   3.320390E-8
        2020.   3.944730E-9
        2030.   6.377710E-9
        2040.   4.003170E-8
        2050.   6.730860E-9
        2060.   1.599650E-8
        2070.   8.319280E-9
        2080.  1.000230E-10
        2090.   3.488860E-8
        2100.   4.085780E-8
        2110.   2.607210E-8
        2120.   1.830850E-9
        2130.   6.642180E-9
        2140.   3.305090E-8
        2150.   4.091270E-8
        2160.   4.264170E-8
        2170.   2.374610E-8
        2180.   6.804900E-9
        2190.  1.000230E-10
        2200.   5.244640E-9
        2210.   2.762540E-8
        2220.   4.222490E-8
        2230.   3.277200E-8
        2240.   2.980610E-8
        2250.   5.188550E-8
        2260.   4.075010E-8
        2270.   3.577270E-8
        2280.   2.703110E-8
        2290.   2.894190E-8
        2300.   5.072550E-8
        2310.   2.642790E-8
        2320.   2.597440E-8
        2330.   2.924270E-8
        2340.   3.940400E-8
        2350.   3.778010E-8
        2360.   2.476800E-8
        2370.   3.257180E-8
        2380.   2.430090E-8
        2390.   3.026790E-8
        2400.   2.212100E-8
        2410.  3.409070E-10
        2420.   4.725530E-8
        2430.   2.762740E-8
        2440.   2.847920E-8
        2450.   3.616220E-8
        2460.   2.036420E-8
        2470.   6.109840E-8
        2480.   4.228180E-8
        2490.   5.267830E-8
        2500.   3.796200E-8
        2510.   2.885850E-8
        2520.   1.991820E-8
        2530.  1.000230E-10
        2540.   2.024190E-8
        2550.   2.669600E-8
        2560.   3.039790E-8
        2570.   5.073240E-8
        2580.   2.093380E-8
        2590.   4.783320E-8
        2600.   3.308730E-8
        2610.   1.539440E-8
        2620.   6.050550E-8
        2630.   5.375640E-8
        2640.   3.226560E-8
        2650.   3.184540E-8
        2660.   3.074790E-8
        2670.   4.165780E-8
        2680.  1.000230E-10
        2690.   2.030460E-8
        2700.   4.053180E-8
        2710.   3.691080E-8
        2720.   2.356600E-8
        2730.   2.560400E-8
        2740.   2.302070E-8
        2750.   5.226160E-8
        2760.  1.000230E-10
        2770.   5.743640E-8
        2780.   5.843340E-8
        2790.   4.831810E-9
        2800.   2.246170E-8
        2810.   2.608370E-8
        2820.   4.035260E-8
        2830.   2.419280E-8
        2840.   3.229980E-8
        2850.   4.454700E-8
        2860.   3.757830E-8
        2870.  1.000230E-10
        2880.   2.679040E-8
        2890.   4.480500E-8
        2900.  2.560820E-10
        2910.   4.921080E-8
        2920.   1.471850E-8
        2930.   5.799700E-8
        2940.   7.036930E-8
        2950.   9.866640E-8
        2960.   7.647450E-8
        2970.   6.188360E-8
        2980.   1.201270E-7
        2990.   1.953570E-7
        3000.   1.727770E-7
        3010.   2.586060E-7
        3020.   2.095080E-7
        3030.   2.512730E-7
        3040.   2.512830E-7
        3050.   3.326440E-7
        3060.   2.485460E-7
        3070.   3.726470E-7
        3080.   4.888420E-7
        3090.   5.805400E-7
        3100.   5.760580E-7
        3110.   6.711840E-7
        3120.   8.278030E-7
        3130.   9.009070E-7
        3140.   9.194660E-7
        3150.   1.043330E-6
        3160.   1.166340E-6
        3170.   1.155020E-6
        3180.   1.172960E-6
        3190.   1.168640E-6
        3200.   1.172480E-6
        3210.   1.175100E-6
        3220.   1.254550E-6
        3230.   1.273500E-6
        3240.   1.182370E-6
        3250.   1.226620E-6
        3260.   1.310840E-6
        3270.   1.224170E-6
        3280.   1.268540E-6
        3290.   1.340080E-6
        3300.   1.311770E-6
        3310.   1.299800E-6
        3320.   1.291530E-6
        3330.   1.274130E-6
        3340.   1.148950E-6
        3350.   1.132230E-6
        3360.   1.132910E-6
        3370.   1.150610E-6
        3380.   1.242670E-6
        3390.   1.345070E-6
        3400.   1.518000E-6
        3410.   1.469220E-6
        3420.   1.541160E-6
        3430.   1.600960E-6
        3440.   1.579190E-6
        3450.   1.632550E-6
        3460.   1.673820E-6
        3470.   1.842800E-6
        3480.   1.752090E-6
        3490.   1.566800E-6
        3500.   1.698620E-6
        3510.   1.521120E-6
        3520.   1.610230E-6
        3530.   1.391380E-6
        3540.   1.144660E-6
        3550.   1.136760E-6
        3560.   1.076380E-6
        3570.   1.047590E-6
        3580.   1.382330E-6
        3590.   1.506730E-6
        3600.   1.669710E-6
        3610.   1.794170E-6
        3620.   1.805240E-6
        3630.   1.904890E-6
        3640.   1.881710E-6
        3650.   1.779580E-6
        3660.   1.760210E-6
        3670.   1.551720E-6
        3680.   1.679670E-6
        3690.   1.594970E-6
        3700.   1.701030E-6
        3710.   1.707290E-6
        3720.   1.766830E-6
        3730.   1.847450E-6
        3740.   1.884620E-6
        3750.   1.896460E-6
        3760.   1.913940E-6
        3770.   1.772580E-6
        3780.   1.690680E-6
        3790.   1.535450E-6
        3800.   1.657400E-6
        3810.   1.539080E-6
        3820.   1.619720E-6
        3830.   1.713200E-6
        3840.   1.894670E-6
        3850.   1.765900E-6
        3860.   1.951780E-6
        3870.   2.067150E-6
        3880.   1.902460E-6
        3890.   1.773520E-6
        3900.   1.833630E-6
        3910.   1.606820E-6
        3920.   1.355570E-6
        3930.   1.378470E-6
        3940.   1.327460E-6
        3950.   1.545330E-6
        3960.   1.436110E-6
        3970.   1.655580E-6
        3980.   1.696590E-6
        3990.   1.667490E-6
        4000.   1.708670E-6
        4010.   1.759670E-6
        4020.   1.794440E-6
        4030.   1.800380E-6
        4040.   1.866860E-6
        4050.   1.840890E-6
        4060.   1.767380E-6
        4070.   1.606550E-6
        4080.   1.536350E-6
        4090.   1.556070E-6
        4100.   1.554520E-6
        4110.   1.649630E-6
        4120.   1.837140E-6
        4130.   2.024030E-6
        4140.   2.182500E-6
        4150.   2.213820E-6
        4160.   2.336800E-6
        4170.   2.351970E-6
        4180.   2.448640E-6
        4190.   2.464270E-6
        4200.   2.408300E-6
        4210.   2.482890E-6
        4220.   2.356640E-6
        4230.   2.353780E-6
        4240.   2.287470E-6
        4250.   2.345070E-6
        4260.   2.437060E-6
        4270.   2.456400E-6
        4280.   2.530790E-6
        4290.   2.536670E-6
        4300.   2.545940E-6
        4310.   2.572620E-6
        4320.   2.599850E-6
        4330.   2.603110E-6
        4340.   2.629970E-6
        4350.   2.631270E-6
        4360.   2.677840E-6
        4370.   2.683460E-6
        4380.   2.687170E-6
        4390.   2.731680E-6
        4400.   2.701040E-6
        4410.   2.744270E-6
        4420.   2.774450E-6
        4430.   2.743140E-6
        4440.   2.751630E-6
        4450.   2.836320E-6
        4460.   2.846510E-6
        4470.   2.901110E-6
        4480.   2.953680E-6
        4490.   2.962740E-6
        4500.   2.930010E-6
        4510.   2.867020E-6
        4520.   2.825930E-6
        4530.   2.698440E-6
        4540.   2.662950E-6
        4550.   2.561010E-6
        4560.   2.498600E-6
        4570.   2.546570E-6
        4580.   2.578630E-6
        4590.   2.797110E-6
        4600.   2.712370E-6
        4610.   2.666980E-6
        4620.   2.535480E-6
        4630.   2.323250E-6
        4640.   2.205460E-6
        4650.   2.161070E-6
        4660.   2.153930E-6
        4670.   2.132500E-6
        4680.   2.077800E-6
        4690.   2.038990E-6
        4700.   2.073510E-6
        4710.   2.129170E-6
        4720.   2.204860E-6
        4730.   2.261530E-6
        4740.   2.214170E-6
        4750.   2.044490E-6
        4760.   1.787380E-6
        4770.   1.640330E-6
        4780.   1.641630E-6
        4790.   1.776080E-6
        4800.   2.082890E-6
        4810.   2.380170E-6
        4820.   2.638730E-6
        4830.   2.713210E-6
        4840.   2.734000E-6
        4850.   2.697370E-6
        4860.   2.747770E-6
        4870.   2.739660E-6
        4880.   2.851480E-6
        4890.   2.962070E-6
        4900.   2.917030E-6
        4910.   2.738090E-6
        4920.   2.511000E-6
        4930.   2.334090E-6
        4940.   2.167840E-6
        4950.   2.024450E-6
        4960.   1.985580E-6
        4970.   1.816200E-6
        4980.   1.570080E-6
        4990.   1.278910E-6
        5000.   1.013890E-6
        5010.   8.986280E-7
        5020.   9.576440E-7
        5030.   1.219260E-6
        5040.   1.573990E-6
        5050.   2.035260E-6
        5060.   2.403180E-6
        5070.   2.529930E-6
        5080.   2.690350E-6
        5090.   2.519450E-6
        5100.   2.414380E-6
        5110.   2.296860E-6
        5120.   2.371200E-6
        5130.   2.440990E-6
        5140.   2.450720E-6
        5150.   2.337560E-6
        5160.   2.082700E-6
        5170.   1.869490E-6
        5180.   1.856320E-6
        5190.   1.948870E-6
        5200.   2.144180E-6
        5210.   2.292470E-6
        5220.   2.347640E-6
        5230.   2.181460E-6
        5240.   1.856130E-6
        5250.   1.563630E-6
        5260.   1.345320E-6
        5270.   1.274980E-6
        5280.   1.546570E-6
        5290.   1.893500E-6
        5300.   2.428660E-6
        5310.   3.007340E-6
        5320.   3.585440E-6
        5330.   3.985720E-6
        5340.   4.419640E-6
        5350.   4.710510E-6
        5360.   4.714900E-6
        5370.   4.847450E-6
        5380.   4.760450E-6
        5390.   4.785710E-6
        5400.   4.601050E-6
        5410.   4.563150E-6
        5420.   4.537540E-6
        5430.   4.434030E-6
        5440.   4.405270E-6
        5450.   4.256850E-6
        5460.   4.043540E-6
        5470.   3.893060E-6
        5480.   3.868330E-6
        5490.   3.711310E-6
        5500.   3.556380E-6
        5510.   3.156910E-6
        5520.   2.660250E-6
        5530.   2.089750E-6
        5540.   1.646660E-6
        5550.   1.431780E-6
        5560.   1.568510E-6
        5570.   1.890320E-6
        5580.   2.438390E-6
        5590.   2.951460E-6
        5600.   3.250770E-6
        5610.   3.473410E-6
        5620.   3.626000E-6
        5630.   3.639560E-6
        5640.   3.601430E-6
        5650.   3.496600E-6
        5660.   3.454860E-6
        5670.   3.487750E-6
        5680.   3.511330E-6
        5690.   3.389370E-6
        5700.   3.429810E-6
        5710.   3.391930E-6
        5720.   3.364880E-6
        5730.   3.295390E-6
        5740.   3.238250E-6
        5750.   3.184230E-6
        5760.   2.874500E-6
        5770.   2.565130E-6
        5780.   2.007040E-6
        5790.   1.414680E-6
        5800.   1.021400E-6
        5810.   8.274670E-7
        5820.   6.991480E-7
        5830.   6.681480E-7
        5840.   7.250080E-7
        5850.   7.662050E-7
        5860.   7.942370E-7
        5870.   8.359570E-7
        5880.   8.865600E-7
        5890.   9.292920E-7
        5900.   8.293150E-7
        5910.   6.453020E-7
        5920.   4.545590E-7
        5930.   2.797040E-7
        5940.   1.433200E-7
        5950.   9.117170E-8
        5960.   3.529800E-8
        5970.   4.371340E-8
        5980.   4.716790E-9
        5990.   2.932060E-8
        6000.   6.312640E-8
        6010.   3.379040E-8
        6020.   3.617370E-8
        6030.   7.797530E-8
        6040.   5.105860E-8
        6050.   4.365210E-8
        6060.   3.926310E-8
        6070.   3.011920E-8
        6080.   4.100640E-8
        6090.   4.568530E-8
        6100.   5.168970E-8
        6110.   6.552040E-8
        6120.   7.975020E-8
        6130.   5.367510E-8
        6140.   6.921930E-8
        6150.   1.934510E-8
        6160.   5.361130E-8
        6170.   6.169110E-8
        6180.   4.836740E-8
        6190.   6.610710E-8
        6200.   4.035680E-8
        6210.   5.117200E-8
        6220.   4.160310E-8
        6230.   2.279070E-8
        6240.   5.757910E-8
        6250.   4.056080E-8
        6260.   8.035020E-8
        6270.   4.340850E-8
        6280.   3.786600E-8
        6290.   4.326900E-8
        6300.   4.473520E-8
        6310.   5.155220E-8
        6320.   2.489280E-8
        6330.   2.661260E-8
        6340.   3.553220E-8
        6350.   4.587280E-8
        6360.   7.708340E-8
        6370.   6.734060E-8
        6380.   6.444900E-8
        6390.   4.211510E-8
        6400.   4.055220E-8
        6410.   5.263340E-8
        6420.   6.662420E-8
        6430.   5.896770E-8
        6440.   3.314480E-8
        6450.   4.349180E-8
        6460.   8.706240E-8
        6470.   7.419710E-8
        6480.   9.172550E-8
        6490.   7.398350E-8
        6500.   6.930810E-8
        6510.   6.631600E-8
        6520.   9.397230E-8
        6530.   8.983690E-8
        6540.   8.493510E-8
        6550.   5.960350E-8
        6560.   7.359910E-8
        6570.   1.125350E-7
        6580.   8.050320E-8
        6590.   9.474270E-8
        6600.   1.118860E-7
       6683.6   4.000000E-6
       6683.8   2.000000E-6
        6684.   6.000000E-6
       6684.2   2.000000E-6
       6684.4   4.000000E-6
       6684.6   1.000000E-6
       6684.8   5.000000E-6
        6685.   5.000000E-6
       6685.2   1.000000E-6
       6685.4   9.000000E-6
       6685.6   4.000000E-6
       6685.8   5.000000E-6
        6686.   1.000000E-5
       6686.2   4.000000E-6
       6686.4   6.000000E-6
       6686.6   4.000000E-6
       6686.8   6.000000E-6
        6687.   5.000000E-6
       6687.2   6.000000E-6
       6687.4   1.100000E-5
       6687.6   1.200000E-5
       6687.8   1.300000E-5
        6688.   1.100000E-5
       6688.2   9.000000E-6
       6688.4   9.000000E-6
       6688.6   1.100000E-5
       6688.8   1.500000E-5
        6689.   1.700000E-5
       6689.2   1.700000E-5
       6689.4   1.600000E-5
       6689.6   1.700000E-5
       6689.8   1.200000E-5
        6690.   2.100000E-5
       6690.2   2.100000E-5
       6690.4   2.500000E-5
       6690.6   2.700000E-5
       6690.8   3.100000E-5
        6691.   2.800000E-5
       6691.2   3.400000E-5
       6691.4   4.500000E-5
       6691.6   5.200000E-5
       6691.8   4.700000E-5
        6692.   5.400000E-5
       6692.2   5.900000E-5
       6692.4   6.800000E-5
       6692.6   7.100000E-5
       6692.8   8.000000E-5
        6693.   8.300000E-5
       6693.2   9.100000E-5
       6693.4   1.060000E-4
       6693.6   1.090000E-4
       6693.8   1.220000E-4
        6694.   1.350000E-4
       6694.2   1.410000E-4
       6694.4   1.560000E-4
       6694.6   1.740000E-4
       6694.8   1.950000E-4
        6695.   2.150000E-4
       6695.2   2.300000E-4
       6695.4   2.460000E-4
       6695.6   2.890000E-4
       6695.8   3.180000E-4
        6696.   3.500000E-4
       6696.2   3.860000E-4
       6696.4   4.050000E-4
       6696.6   4.540000E-4
       6696.8   5.200000E-4
        6697.   5.780000E-4
       6697.2   6.230000E-4
       6697.4   6.930000E-4
       6697.6   7.790000E-4
       6697.8   8.770000E-4
        6698.   9.830000E-4
       6698.2       0.00111
       6698.4      0.001206
       6698.6       0.00133
       6698.8      0.001544
        6699.      0.001747
       6699.2      0.002014
       6699.4      0.002268
       6699.6      0.002545
       6699.8      0.002973
        6700.      0.003596
       6700.2      0.004123
       6700.4      0.004728
       6700.6       0.00536
       6700.8      0.006136
        6701.      0.007338
       6701.2      0.008977
       6701.4      0.010354
       6701.6      0.012176
       6701.8      0.014033
        6702.      0.017386
       6702.2      0.020518
       6702.4      0.024256
       6702.6      0.028395
       6702.8      0.032567
        6703.       0.03825
       6703.2      0.046948
       6703.4      0.055829
       6703.6      0.065415
       6703.8      0.076235
        6704.      0.088273
       6704.2      0.107546
       6704.4      0.129792
       6704.6      0.147323
       6704.8      0.168599
        6705.      0.187412
       6705.2      0.215027
       6705.4      0.251744
       6705.6      0.290308
       6705.8      0.323856
        6706.      0.355585
       6706.2      0.395248
       6706.4      0.440267
       6706.6      0.482656
       6706.8      0.518202
        6707.      0.553755
       6707.2       0.58285
       6707.4      0.622295
       6707.6      0.665993
       6707.8      0.698629
        6708.      0.728306
       6708.2      0.752134
       6708.4      0.776774
       6708.6      0.800773
       6708.8      0.821813
        6709.      0.834037
       6709.2      0.843378
       6709.4      0.850547
       6709.6       0.86039
       6709.8       0.86691
        6710.      0.869077
       6710.2      0.873272
       6710.4      0.875595
       6710.6       0.87708
       6710.8      0.878088
        6711.      0.880395
       6711.2      0.882109
       6711.4       0.88112
       6711.6      0.882895
       6711.8      0.884234
        6712.      0.884694
       6712.2      0.884046
       6712.4       0.88598
       6712.6      0.886407
       6712.8      0.886342
        6713.      0.888396
       6713.2      0.887425
       6713.4      0.888671
       6713.6      0.887784
       6713.8      0.889034
        6714.      0.887965
       6714.2      0.888109
       6714.4      0.886539
       6714.6      0.887233
       6714.8      0.886302
        6715.      0.884173
       6715.2      0.884326
       6715.4       0.88287
       6715.6      0.881433
       6715.8      0.880978
        6716.      0.881863
       6716.2      0.878896
       6716.4      0.878091
       6716.6      0.876877
       6716.8      0.877074
        6717.      0.877039
       6717.2      0.875531
       6717.4      0.874058
       6717.6      0.872792
       6717.8      0.872147
        6718.       0.87226
       6718.2      0.872866
       6718.4      0.872262
       6718.6      0.872095
       6718.8      0.871072
        6719.      0.872719
       6719.2      0.872898
       6719.4      0.872019
       6719.6      0.872093
       6719.8       0.87322
        6720.      0.873289
       6720.2      0.873383
       6720.4      0.872799
       6720.6      0.873069
       6720.8      0.873952
        6721.      0.871597
       6721.2      0.871051
       6721.4      0.871297
       6721.6      0.869819
       6721.8      0.867362
        6722.       0.86555
       6722.2       0.86115
       6722.4      0.858986
       6722.6      0.849839
       6722.8      0.840566
        6723.      0.833259
       6723.2      0.820635
       6723.4      0.808316
       6723.6      0.791422
       6723.8      0.771164
        6724.      0.749184
       6724.2      0.729432
       6724.4      0.706216
       6724.6      0.679562
       6724.8      0.643832
        6725.      0.607066
       6725.2      0.568753
       6725.4      0.532792
       6725.6      0.498508
       6725.8      0.451695
        6726.      0.397118
       6726.2       0.36234
       6726.4      0.327493
       6726.6      0.294729
       6726.8      0.260898
        6727.      0.220875
       6727.2      0.181316
       6727.4      0.157665
       6727.6      0.135059
       6727.8       0.11511
        6728.      0.095216
       6728.2      0.078157
       6728.4      0.066397
       6728.6      0.056422
       6728.8       0.04883
        6729.      0.040154
       6729.2      0.032329
       6729.4      0.026729
       6729.6      0.022404
       6729.8      0.019118
        6730.       0.01617
       6730.2      0.013142
       6730.4      0.010688
       6730.6      0.009256
       6730.8      0.008036
        6731.      0.006946
       6731.2       0.00584
       6731.4      0.004858
       6731.6      0.004083
       6731.8      0.003576
        6732.      0.003108
       6732.2      0.002627
       6732.4      0.002306
       6732.6      0.001981
       6732.8      0.001745
        6733.       0.00156
       6733.2      0.001391
       6733.4      0.001226
       6733.6      0.001051
       6733.8   9.410000E-4
        6734.   8.330000E-4
       6734.2   7.630000E-4
       6734.4   6.820000E-4
       6734.6   5.810000E-4
       6734.8   5.160000E-4
        6735.   4.700000E-4
       6735.2   4.300000E-4
       6735.4   3.930000E-4
       6735.6   3.560000E-4
       6735.8   3.020000E-4
        6736.   2.750000E-4
       6736.2   2.530000E-4
       6736.4   2.350000E-4
       6736.6   2.110000E-4
       6736.8   1.900000E-4
        6737.   1.720000E-4
       6737.2   1.570000E-4
       6737.4   1.430000E-4
       6737.6   1.330000E-4
       6737.8   1.220000E-4
        6738.   1.050000E-4
       6738.2   1.040000E-4
       6738.4   9.400000E-5
       6738.6   8.700000E-5
       6738.8   8.200000E-5
        6739.   7.500000E-5
       6739.2   7.000000E-5
       6739.4   6.500000E-5
       6739.6   5.800000E-5
       6739.8   5.300000E-5
        6740.   5.200000E-5
       6740.2   4.100000E-5
       6740.4   3.500000E-5
       6740.6   3.900000E-5
       6740.8   3.200000E-5
        6741.   2.800000E-5
       6741.2   3.000000E-5
       6741.4   2.600000E-5
       6741.6   2.400000E-5
       6741.8   1.200000E-5
        6742.   2.100000E-5
       6742.2   1.700000E-5
       6742.4   1.700000E-5
       6742.6   1.900000E-5
       6742.8   2.200000E-5
        6743.   1.300000E-5
       6743.2   1.200000E-5
       6743.4   1.100000E-5
       6743.6   6.000000E-6
       6743.8   1.000000E-5
        6744.   1.500000E-5
       6744.2   1.000000E-5
       6744.4   1.100000E-5
       6744.6   1.300000E-5
       6744.8   1.000000E-5
        6745.   6.000000E-6
       6745.2   1.200000E-5
       6745.4   8.000000E-6
       6745.6   7.000000E-6
       6745.8   1.000000E-6
        6746.   7.000000E-6
       6746.2   3.000000E-6
       6746.4   4.000000E-6
       6746.6   6.000000E-6
       6746.8   8.000000E-6
        6747.   7.000000E-6
       6747.2   4.000000E-6
       6747.4   9.000000E-6
       6747.6   1.000000E-6
       6747.8   5.000000E-6
        6830.   1.241080E-7
        6840.   1.027950E-7
        6850.   4.556390E-8
        6860.   6.637290E-8
        6870.   7.121160E-8
        6880.   8.583990E-8
        6890.   4.526890E-8
        6900.   7.403020E-8
        6910.   5.604260E-8
        6920.   8.376550E-8
        6930.   8.090530E-8
        6940.   4.304730E-8
        6950.   6.061240E-8
        6960.   1.026380E-7
        6970.   5.234320E-8
        6980.   5.736620E-8
        6990.   7.196480E-8
        7000.   5.698260E-8
        7010.   8.438340E-8
        7020.   8.759170E-8
        7030.   7.951540E-8
        7040.   5.407520E-8
        7050.   6.562730E-8
        7060.   8.429720E-8
        7070.   7.303610E-8
        7080.   5.386970E-8
        7090.   5.802940E-8
        7100.   9.269190E-9
        7110.   4.640310E-8
        7120.   4.665870E-8
        7130.   5.520470E-8
        7140.   2.647210E-8
        7150.   4.720930E-8
        7160.   3.799070E-8
        7170.   3.849530E-8
        7180.   4.702830E-8
        7190.   6.637770E-8
        7200.  1.000230E-10
        7210.   5.629790E-8
        7220.   4.267670E-8
        7230.   1.068650E-8
        7240.   1.576700E-8
        7250.   9.946610E-9
        7260.   1.668200E-8
        7270.   5.150600E-8
        7280.   6.672230E-8
        7290.   6.318510E-8
        7300.   5.515500E-8
        7310.   4.997090E-8
        7320.   5.186240E-8
        7330.   1.510030E-8
        7340.   2.059970E-8
        7350.   7.198070E-8
        7360.   6.291950E-8
        7370.   3.460380E-8
        7380.   6.017110E-8
        7390.   5.236030E-8
        7400.   3.159280E-8
        7410.   2.767410E-8
        7420.   5.943130E-8
        7430.   3.610170E-8
        7440.   1.686690E-8
        7450.   2.405320E-8
        7460.   6.768140E-8
        7470.   1.712060E-8
        7480.   5.473430E-8
        7490.   7.868520E-8
        7500.   7.198980E-8
        7510.   7.063730E-8
        7520.   2.204750E-9
        7530.   7.838570E-8
        7540.   8.353380E-8
        7550.   6.487500E-8
        7560.   3.484630E-8
        7570.   3.936260E-8
        7580.   4.140630E-8
        7590.   3.614240E-8
        7600.   8.874540E-8
        7610.   3.843210E-8
        7620.   6.215740E-8
        7630.   7.373840E-8
        7640.   9.545000E-8
        7650.   5.895720E-8
        7660.   5.620650E-8
        7670.   1.203550E-7
        7680.   8.668200E-8
        7690.   1.686400E-7
        7700.   2.458280E-7
        7710.   3.273950E-7
        7720.   5.062630E-7
        7730.   5.536180E-7
        7740.   6.898120E-7
        7750.   9.123070E-7
        7760.   1.112600E-6
        7770.   1.384780E-6
        7780.   1.884450E-6
        7790.   2.631880E-6
        7800.   3.607410E-6
        7810.   4.990760E-6
        7820.   6.119710E-6
        7830.   6.834990E-6
        7840.   6.325050E-6
        7850.   5.096520E-6
        7860.   3.739200E-6
        7870.   2.397300E-6
        7880.   1.598970E-6
        7890.   1.070770E-6
        7900.   1.039780E-6
        7910.   1.034600E-6
        7920.   1.026780E-6
        7930.   1.016660E-6
        7940.   1.100440E-6
        7950.   1.223150E-6
        7960.   1.441770E-6
        7970.   1.936440E-6
        7980.   2.696430E-6
        7990.   3.646420E-6
        8000.   4.436190E-6
        8010.   4.697390E-6
        8020.   4.275800E-6
        8030.   3.736420E-6
        8040.   2.736890E-6
        8050.   1.882100E-6
        8060.   1.271750E-6
        8070.   8.576280E-7
        8080.   6.633200E-7
        8090.   5.992540E-7
        8100.   5.054750E-7
        8110.   4.377160E-7
        8120.   4.120470E-7
        8130.   4.231640E-7
        8140.   8.010750E-7
        8150.   1.748540E-6
        8160.   3.753010E-6
        8170.   6.491240E-6
        8180.   8.411470E-6
        8190.   9.284750E-6
        8200.   8.227730E-6
        8210.   5.991120E-6
        8220.   3.952820E-6
        8230.   2.624070E-6
        8240.   1.839580E-6
        8250.   1.560750E-6
        8260.   1.290840E-6
        8270.   1.006390E-6
        8280.   8.257570E-7
        8290.   6.493000E-7
        8300.   7.476330E-7
        8310.   1.190860E-6
        8320.   2.817020E-6
        8330.   5.090820E-6
        8340.   7.405850E-6
        8350.   7.810810E-6
        8360.   6.764330E-6
        8370.   4.534820E-6
        8380.   2.345780E-6
        8390.   8.027160E-7
        8400.   5.492060E-7
        8410.   5.084950E-7
        8420.   5.028360E-7
        8430.   7.991510E-7
        8440.   1.380890E-6
        8450.   3.242470E-6
        8460.   5.727340E-6
        8470.   8.331550E-6
        8480.   9.374700E-6
        8490.   8.122380E-6
        8500.  1.000230E-10
        8510.   1.203950E-5
        8520.   1.166160E-6
        8530.   1.535830E-5
        8540.   2.261090E-6
        8550.  1.000230E-10
        8560.  1.000230E-10
        8570.   1.146490E-7
        8580.   2.557900E-8
        8590.   1.141070E-5
        8600.   6.043460E-6
        8610.   4.745920E-6
        8620.   1.317130E-5
        8630.   7.019220E-6
        8640.  1.000230E-10
        8650.  1.000230E-10
        8660.  1.000230E-10
        8670.   3.593650E-7
        8680.  1.000230E-10
        8690.   5.224650E-6
        8700.  1.000230E-10
        8710.   9.598930E-6
        8720.  1.000230E-10
        8730.   6.866650E-7
        8740.  1.000230E-10
        8750.  1.000230E-10
        8760.   3.476160E-6
        8770.  1.000230E-10
        8780.  1.000230E-10
        8790.   4.823000E-7
        8800.   2.856640E-6
        8810.   4.089700E-6
        8820.  1.000230E-10
        8830.   2.097970E-6
        8840.   2.909100E-6
        8850.   1.529970E-6
        8860.   1.728060E-6
        8870.   1.893550E-6
        8880.  1.000230E-10
        8890.   2.236770E-6
        8900.  1.000230E-10
        8910.  1.000230E-10
        8920.   2.369470E-6
        8930.   4.050650E-6
        8940.   3.416730E-7
        8950.  1.000230E-10
        8960.   2.344170E-6
        8970.  1.000230E-10
        8980.   6.920140E-6
        8990.   2.197070E-6
        9000.   1.632000E-6
        9010.   2.379490E-6
        9020.   7.083260E-6
        9030.   3.979370E-6
        9040.   1.618340E-6
        9050.   2.107720E-6
        9060.   6.021100E-6
        9070.   3.566400E-6
        9080.  1.000230E-10
        9090.   9.324210E-7
        9100.  1.000230E-10
        9110.   4.758750E-6
        9120.   3.906460E-6
        9130.   1.093280E-6
        9140.  1.000230E-10
        9150.   2.359060E-6
        9160.   2.407650E-6
        9170.   3.053260E-6
        9180.   1.277190E-6
        9190.   1.475310E-6
        9200.   1.667140E-6
        9210.   5.773870E-7
        9220.   5.013230E-7
        9230.   2.214190E-6
        9240.   1.843550E-6
        9250.   9.578050E-7
        9260.   7.592140E-7
        9270.  1.000230E-10
        9280.   3.608270E-6
        9290.   2.961540E-7
        9300.   6.037230E-7
        9310.   3.018280E-6
        9320.   1.518880E-6
        9330.   2.882940E-7
        9340.  1.000230E-10
        9350.   2.061200E-6
        9360.   3.075200E-6
        9370.   1.898920E-6
        9380.  1.000230E-10
        9390.  1.000230E-10
        9400.   1.461000E-6
        9410.  1.000230E-10
        9420.   1.813430E-6
        9430.   4.565670E-7
        9440.  1.000230E-10
        9450.  1.000230E-10
        9460.   1.342120E-6
        9470.   8.082800E-7
        9480.   1.952490E-6
        9490.   1.707640E-6
        9500.  1.000230E-10
        9510.   7.669160E-7
        9520.   1.666430E-6
        9530.   1.601160E-6
        9540.   7.723460E-7
        9550.  1.000230E-10
        9560.   1.084250E-6
        9570.   9.486940E-7
        9580.   9.724980E-7
        9590.  1.000230E-10
        9600.   1.981990E-6
        9610.  1.000230E-10
        9620.   2.612350E-6
        9630.   1.017450E-6
        9640.   1.115030E-6
        9650.  1.000230E-10
        9660.   1.464840E-6
        9670.   1.183030E-6
        9680.   4.187100E-7
        9690.   8.836940E-7
        9700.   4.827830E-7
        9710.   2.323620E-7
        9720.  1.000230E-10
        9730.  1.000230E-10
        9740.   1.564050E-6
        9750.   1.192560E-6
        9760.   1.280710E-6
        9770.   1.374200E-6
        9780.   9.387440E-7
        9790.  1.000230E-10
        9800.   8.442130E-8
        9810.   1.825920E-7
        9820.   3.440670E-7
        9830.   1.452980E-6
        9840.  1.000230E-10
        9850.   1.698310E-6
        9860.   1.022510E-6
        9870.   3.714040E-7
        9880.   3.397500E-7
        9890.  1.000230E-10
        9900.   3.317750E-7
        9910.   7.724000E-7
        9920.   6.169250E-7
        9930.   2.205500E-6
        9940.   1.934110E-7
        9950.   6.757860E-7
        9960.   1.603930E-6
        9970.  1.000230E-10
        9980.   8.373300E-7
        9990.   8.284750E-8
       10000.   5.436130E-7
       10010.   6.714110E-7
       10020.   2.556640E-7
       10030.   1.077440E-6
       10040.   1.350150E-6
       10050.   2.105930E-7
       10060.   1.118470E-6
       10070.   4.073020E-7
       10080.   1.088670E-6
       10090.   8.489870E-7
       10100.  1.000230E-10
       10110.   1.484200E-6
       10120.  1.000230E-10
       10130.  1.000230E-10
       10140.   3.074380E-7
       10150.   7.118430E-7
       10160.   5.915610E-7
       10170.   4.204410E-7
       10180.   5.849380E-8
       10190.   6.490920E-7
       10200.   3.408200E-7
       10210.   1.752260E-7
       10220.  1.000230E-10
       10230.  1.000230E-10
       10240.   7.477220E-7
       10250.  1.000230E-10
       10260.   1.330680E-6
       10270.   2.282440E-7
       10280.   4.765080E-7
       10290.   1.471740E-6
       10300.  1.000230E-10
       10310.   5.438540E-7
       10320.   3.921140E-7
       10330.   3.715540E-7
       10340.  1.000230E-10
       10350.   5.462460E-7
       10360.   5.262250E-7
       10370.  1.000230E-10
       10380.   1.509850E-7
       10390.  1.000230E-10
       10400.   3.654160E-7
       10410.   4.311910E-7
       10420.  1.000230E-10
       10430.  1.000230E-10
       10440.  1.000230E-10
       10450.   7.634940E-8
       10460.  1.000230E-10
       10470.   1.023840E-6
       10480.   1.084840E-6
       10490.   3.789080E-7
       10500.   2.445540E-7
       10510.  1.000230E-10
       10520.   1.775700E-7
       10530.   3.216900E-7
       10540.   7.011410E-7
       10550.  1.000230E-10
       10560.  1.000230E-10
       10570.   2.286370E-7
       10580.  1.000230E-10
       10590.  1.000230E-10
       10600.   1.158320E-7
       10610.   1.028340E-7
       10620.   4.735810E-7
       10630.  1.000230E-10
       10640.  1.000230E-10
       10650.   5.119610E-7
       10660.  1.000230E-10
       10670.   8.678570E-7
       10680.  1.000230E-10
       10690.   2.412360E-7
       10700.   1.086320E-6
       10710.   4.055550E-7
       10720.  1.000230E-10
       10730.  1.000230E-10
       10740.  1.000230E-10
       10750.  1.000230E-10
       10760.   2.066110E-7
       10770.   2.687300E-7
       10780.   6.232250E-7
       10790.   4.298210E-7
       10800.  1.000230E-10
       10810.   4.127440E-7
       10820.   1.145570E-7
       10830.  1.000230E-10
       10840.   4.917810E-7
       10850.   9.455340E-7
       10860.   2.955150E-7
       10870.   4.283260E-7
       10880.  1.000230E-10
       10890.   1.980900E-7
       10900.   1.542990E-7
       10910.   5.679420E-7
       10920.  1.000230E-10
       10930.  1.000230E-10
       10940.  1.000230E-10
       10950.  1.000230E-10
       10960.  1.000230E-10
       10970.   4.832000E-7
       10980.   2.325040E-7
       10990.  1.000230E-10
       11000.   4.877230E-8
       11001.            0.
       11002.            0.
