        1938.            0.
        1939.            0.
        1940.  1.000230E-10
        1950.  1.000230E-10
        1960.   2.562690E-8
        1970.  1.000230E-10
        1980.  1.000230E-10
        1990.  1.000230E-10
        2000.  1.000230E-10
        2010.  1.000230E-10
        2020.  1.000230E-10
        2030.   4.431480E-8
        2040.   5.321940E-8
        2050.  1.000230E-10
        2060.  1.000230E-10
        2070.   3.854840E-8
        2080.   4.026010E-8
        2090.   2.789160E-8
        2100.   2.464950E-8
        2110.   2.395570E-8
        2120.   2.322870E-8
        2130.   3.270100E-9
        2140.  1.000230E-10
        2150.   4.218870E-9
        2160.   2.159990E-8
        2170.   7.441280E-8
        2180.   3.562650E-8
        2190.   4.091290E-8
        2200.   1.801330E-8
        2210.   1.947050E-8
        2220.   1.962720E-8
        2230.   3.868330E-8
        2240.   3.421680E-8
        2250.   3.492610E-8
        2260.   5.788160E-8
        2270.   1.388990E-8
        2280.   7.341690E-9
        2290.   2.305140E-8
        2300.   1.408100E-8
        2310.   1.632050E-8
        2320.   3.806300E-8
        2330.   1.840860E-8
        2340.   3.862730E-8
        2350.   3.010230E-8
        2360.  1.000230E-10
        2370.   2.422520E-8
        2380.   2.848350E-8
        2390.   1.200010E-8
        2400.   1.312050E-8
        2410.   2.791570E-8
        2420.   4.719940E-8
        2430.   2.657750E-8
        2440.   7.714300E-9
        2450.   4.250780E-8
        2460.   1.569220E-8
        2470.   3.829640E-8
        2480.   2.909370E-8
        2490.   6.178660E-8
        2500.   2.223230E-8
        2510.   3.031080E-8
        2520.   7.362370E-9
        2530.   3.520830E-8
        2540.   6.817790E-8
        2550.   3.474810E-9
        2560.   1.974760E-8
        2570.   4.316420E-8
        2580.   4.743700E-8
        2590.   5.015750E-8
        2600.   1.822700E-8
        2610.   3.554550E-8
        2620.   3.946060E-9
        2630.   3.797900E-8
        2640.   2.242330E-8
        2650.   4.043020E-8
        2660.   2.428910E-8
        2670.  1.000230E-10
        2680.   3.287390E-8
        2690.   4.348110E-8
        2700.   3.581200E-8
        2710.   5.053290E-8
        2720.   4.429460E-8
        2730.   6.956340E-9
        2740.  1.000230E-10
        2750.   1.582300E-8
        2760.   1.420780E-8
        2770.   2.358440E-8
        2780.   3.158560E-8
        2790.   4.164270E-8
        2800.   1.993260E-8
        2810.  1.000230E-10
        2820.   3.912030E-8
        2830.   2.243920E-8
        2840.   4.127670E-8
        2850.   4.484380E-8
        2860.   5.066560E-8
        2870.   8.443000E-8
        2880.   5.220970E-8
        2890.   6.343540E-8
        2900.   1.658450E-7
        2910.   1.518480E-7
        2920.   2.078090E-7
        2930.   3.314990E-7
        2940.   3.120580E-7
        2950.   4.435370E-7
        2960.   5.733720E-7
        2970.   6.898480E-7
        2980.   8.028340E-7
        2990.   9.130050E-7
        3000.   9.471700E-7
        3010.   1.119510E-6
        3020.   1.184390E-6
        3030.   1.188250E-6
        3040.   1.279370E-6
        3050.   1.261350E-6
        3060.   1.261140E-6
        3070.   1.343770E-6
        3080.   1.211980E-6
        3090.   1.281260E-6
        3100.   1.352740E-6
        3110.   1.444950E-6
        3120.   1.577080E-6
        3130.   1.746010E-6
        3140.   1.973940E-6
        3150.   1.974440E-6
        3160.   2.027350E-6
        3170.   1.936940E-6
        3180.   1.921630E-6
        3190.   1.890500E-6
        3200.   1.800180E-6
        3210.   1.770540E-6
        3220.   1.854190E-6
        3230.   1.875840E-6
        3240.   1.892940E-6
        3250.   1.823980E-6
        3260.   1.916130E-6
        3270.   2.018380E-6
        3280.   2.024890E-6
        3290.   1.805740E-6
        3300.   1.980130E-6
        3310.   1.954360E-6
        3320.   1.654310E-6
        3330.   1.513080E-6
        3340.   1.138500E-6
        3350.   9.105840E-7
        3360.   7.494850E-7
        3370.   6.985120E-7
        3380.   7.232970E-7
        3390.   1.119320E-6
        3400.   1.095100E-6
        3410.   1.651590E-6
        3420.   1.518440E-6
        3430.   1.863110E-6
        3440.   1.855260E-6
        3450.   1.730860E-6
        3460.   1.979130E-6
        3470.   2.124470E-6
        3480.   2.137970E-6
        3490.   2.212000E-6
        3500.   2.356550E-6
        3510.   2.304710E-6
        3520.   2.381080E-6
        3530.   2.439950E-6
        3540.   2.402340E-6
        3550.   2.333910E-6
        3560.   2.338240E-6
        3570.   2.467340E-6
        3580.   2.171880E-6
        3590.   2.412230E-6
        3600.   2.281090E-6
        3610.   2.372500E-6
        3620.   2.408860E-6
        3630.   2.383150E-6
        3640.   2.379830E-6
        3650.   2.364190E-6
        3660.   2.263190E-6
        3670.   2.113670E-6
        3680.   2.198200E-6
        3690.   2.084470E-6
        3700.   2.370920E-6
        3710.   2.015120E-6
        3720.   2.160050E-6
        3730.   2.297180E-6
        3740.   2.422330E-6
        3750.   2.339710E-6
        3760.   2.397770E-6
        3770.   2.408540E-6
        3780.   2.482490E-6
        3790.   2.541970E-6
        3800.   2.476520E-6
        3810.   2.449670E-6
        3820.   2.400070E-6
        3830.   2.541890E-6
        3840.   2.570690E-6
        3850.   2.591070E-6
        3860.   2.473450E-6
        3870.   2.528480E-6
        3880.   2.411060E-6
        3890.   2.544700E-6
        3900.   2.196200E-6
        3910.   2.322360E-6
        3920.   2.496090E-6
        3930.   2.426840E-6
        3940.   2.325510E-6
        3950.   2.416070E-6
        3960.   2.516940E-6
        3970.   2.774960E-6
        3980.   2.427550E-6
        3990.   2.518870E-6
        4000.   2.452650E-6
        4010.   2.378420E-6
        4020.   2.367820E-6
        4030.   2.355580E-6
        4040.   2.378050E-6
        4050.   2.445350E-6
        4060.   2.654510E-6
        4070.   2.746280E-6
        4080.   2.807370E-6
        4090.   2.917610E-6
        4100.   2.853310E-6
        4110.   2.698710E-6
        4120.   2.536320E-6
        4130.   2.394380E-6
        4140.   2.156950E-6
        4150.   2.037200E-6
        4160.   1.998540E-6
        4170.   1.955750E-6
        4180.   2.044070E-6
        4190.   2.165340E-6
        4200.   2.290790E-6
        4210.   2.267760E-6
        4220.   2.236280E-6
        4230.   2.217800E-6
        4240.   2.114530E-6
        4250.   2.001600E-6
        4260.   1.944540E-6
        4270.   2.080650E-6
        4280.   2.135110E-6
        4290.   2.361930E-6
        4300.   2.523950E-6
        4310.   2.738020E-6
        4320.   2.779440E-6
        4330.   2.751930E-6
        4340.   2.773110E-6
        4350.   2.750670E-6
        4360.   2.822130E-6
        4370.   2.700080E-6
        4380.   2.613010E-6
        4390.   2.550390E-6
        4400.   2.397870E-6
        4410.   2.168980E-6
        4420.   2.015090E-6
        4430.   2.007150E-6
        4440.   2.037000E-6
        4450.   2.263000E-6
        4460.   2.378950E-6
        4470.   2.621400E-6
        4480.   2.681250E-6
        4490.   2.671990E-6
        4500.   2.505820E-6
        4510.   2.251910E-6
        4520.   2.041130E-6
        4530.   1.817120E-6
        4540.   1.634180E-6
        4550.   1.498910E-6
        4560.   1.355810E-6
        4570.   1.290710E-6
        4580.   1.276260E-6
        4590.   1.332840E-6
        4600.   1.450250E-6
        4610.   1.672580E-6
        4620.   1.956020E-6
        4630.   2.291430E-6
        4640.   2.690980E-6
        4650.   2.932190E-6
        4660.   3.132570E-6
        4670.   3.261470E-6
        4680.   3.361450E-6
        4690.   3.378670E-6
        4700.   3.328860E-6
        4710.   3.303780E-6
        4720.   3.158750E-6
        4730.   2.948490E-6
        4740.   2.764410E-6
        4750.   2.539800E-6
        4760.   2.421540E-6
        4770.   2.487570E-6
        4780.   2.601030E-6
        4790.   2.672790E-6
        4800.   2.689160E-6
        4810.   2.704760E-6
        4820.   2.414880E-6
        4830.   2.056080E-6
        4840.   1.693260E-6
        4850.   1.264420E-6
        4860.   1.061860E-6
        4870.   7.976770E-7
        4880.   7.245050E-7
        4890.   6.831370E-7
        4900.   6.689060E-7
        4910.   7.166930E-7
        4920.   7.992840E-7
        4930.   9.141510E-7
        4940.   1.111840E-6
        4950.   1.390480E-6
        4960.   1.703300E-6
        4970.   2.127420E-6
        4980.   2.602930E-6
        4990.   2.986440E-6
        5000.   3.311190E-6
        5010.   3.495920E-6
        5020.   3.542520E-6
        5030.   3.671470E-6
        5040.   3.547310E-6
        5050.   3.519830E-6
        5060.   3.551670E-6
        5070.   3.494760E-6
        5080.   3.363160E-6
        5090.   3.264620E-6
        5100.   3.047790E-6
        5110.   2.847650E-6
        5120.   2.641090E-6
        5130.   2.696030E-6
        5140.   2.741620E-6
        5150.   2.967710E-6
        5160.   3.238280E-6
        5170.   3.256890E-6
        5180.   3.247780E-6
        5190.   2.890580E-6
        5200.   2.359250E-6
        5210.   1.701890E-6
        5220.   1.141360E-6
        5230.   7.408680E-7
        5240.   4.919040E-7
        5250.   3.434340E-7
        5260.   3.420270E-7
        5270.   3.149110E-7
        5280.   2.662730E-7
        5290.   3.047470E-7
        5300.   4.261170E-7
        5310.   5.653920E-7
        5320.   6.878600E-7
        5330.   8.313120E-7
        5340.   8.473720E-7
        5350.   7.679390E-7
        5360.   6.894950E-7
        5370.   5.822200E-7
        5380.   6.167990E-7
        5390.   7.045440E-7
        5400.   8.274790E-7
        5410.   9.108080E-7
        5420.   9.070690E-7
        5430.   7.853410E-7
        5440.   5.756600E-7
        5450.   4.148490E-7
        5460.   2.080800E-7
        5470.   1.940370E-7
        5480.   1.089400E-7
        5490.   1.180660E-7
        5500.   1.281530E-7
        5510.   9.426690E-8
        5520.   7.681660E-8
        5530.   7.125380E-8
        5540.   7.203160E-8
        5550.   6.681320E-8
        5560.   4.541140E-8
        5570.   9.908980E-8
        5580.   9.303020E-8
        5590.   5.375920E-8
        5600.   5.924920E-8
        5610.   7.807920E-8
        5620.   8.938030E-8
        5630.   6.023340E-8
        5640.   8.553030E-8
        5650.   9.036450E-8
        5660.   1.165570E-7
        5670.   7.578920E-8
        5680.   6.922500E-8
        5690.   1.026920E-7
        5700.   6.727750E-8
        5710.   8.012320E-8
        5720.   9.722190E-8
        5730.   1.006540E-7
        5740.   6.373260E-8
        5750.   9.654900E-8
        5760.   4.678660E-8
        5770.   7.228110E-8
        5780.   6.224670E-8
        5790.   7.823680E-8
        5800.   5.725530E-8
        5810.   5.313810E-8
        5820.   1.009380E-7
        5830.   5.519550E-8
        5840.   6.298820E-8
        5850.   8.761250E-8
        5860.   8.926680E-8
        5870.   6.277440E-8
        5880.   9.190710E-8
        5890.   4.835170E-8
        5900.   5.654860E-8
        5910.   3.546120E-8
        5920.   5.997590E-8
        5930.   7.123180E-8
        5940.   7.715870E-8
        5950.   8.593940E-8
        5960.   2.894570E-8
        5970.   6.845910E-8
        5980.   3.399350E-8
        5990.   8.032520E-8
        6000.   6.971720E-8
        6010.   6.085610E-8
        6020.   6.894400E-8
        6030.   9.280450E-8
        6040.   1.037040E-7
        6050.   1.175500E-7
        6060.   1.160790E-7
        6070.   1.150160E-7
        6080.   1.376000E-7
        6090.   1.467230E-7
        6100.   1.571450E-7
        6110.   2.172630E-7
        6120.   2.555950E-7
        6130.   3.330860E-7
        6140.   4.447430E-7
        6150.   5.612030E-7
        6160.   8.563280E-7
        6170.   1.328720E-6
        6180.   2.012580E-6
        6190.   3.440500E-6
        6200.   6.160100E-6
        6250.   9.300000E-5
       6250.2   8.400000E-5
       6250.4   8.300000E-5
       6250.6   8.600000E-5
       6250.8   9.700000E-5
        6251.   7.300000E-5
       6251.2   9.400000E-5
       6251.4   9.300000E-5
       6251.6   9.100000E-5
       6251.8   9.400000E-5
        6252.   9.600000E-5
       6252.2   8.900000E-5
       6252.4   9.800000E-5
       6252.6   7.700000E-5
       6252.8   9.500000E-5
        6253.   9.200000E-5
       6253.2   7.600000E-5
       6253.4   9.300000E-5
       6253.6   9.100000E-5
       6253.8   7.900000E-5
        6254.   9.200000E-5
       6254.2   9.500000E-5
       6254.4   1.030000E-4
       6254.6   1.120000E-4
       6254.8   1.140000E-4
        6255.   1.120000E-4
       6255.2   1.050000E-4
       6255.4   1.120000E-4
       6255.6   9.700000E-5
       6255.8   1.150000E-4
        6256.   1.250000E-4
       6256.2   1.150000E-4
       6256.4   1.200000E-4
       6256.6   1.390000E-4
       6256.8   1.160000E-4
        6257.   1.380000E-4
       6257.2   1.310000E-4
       6257.4   1.430000E-4
       6257.6   1.330000E-4
       6257.8   1.520000E-4
        6258.   1.570000E-4
       6258.2   1.600000E-4
       6258.4   1.470000E-4
       6258.6   1.520000E-4
       6258.8   1.640000E-4
        6259.   1.660000E-4
       6259.2   1.530000E-4
       6259.4   1.650000E-4
       6259.6   1.800000E-4
       6259.8   1.780000E-4
        6260.   1.910000E-4
       6260.2   1.870000E-4
       6260.4   1.910000E-4
       6260.6   2.000000E-4
       6260.8   1.960000E-4
        6261.   2.030000E-4
       6261.2   1.930000E-4
       6261.4   2.030000E-4
       6261.6   2.060000E-4
       6261.8   1.960000E-4
        6262.   2.290000E-4
       6262.2   2.220000E-4
       6262.4   2.480000E-4
       6262.6   2.200000E-4
       6262.8   2.460000E-4
        6263.   2.320000E-4
       6263.2   2.510000E-4
       6263.4   2.300000E-4
       6263.6   2.450000E-4
       6263.8   2.580000E-4
        6264.   2.650000E-4
       6264.2   2.750000E-4
       6264.4   2.890000E-4
       6264.6   2.780000E-4
       6264.8   2.930000E-4
        6265.   3.020000E-4
       6265.2   3.170000E-4
       6265.4   3.310000E-4
       6265.6   3.160000E-4
       6265.8   3.200000E-4
        6266.   3.260000E-4
       6266.2   3.180000E-4
       6266.4   3.070000E-4
       6266.6   3.550000E-4
       6266.8   3.730000E-4
        6267.   3.600000E-4
       6267.2   3.630000E-4
       6267.4   3.720000E-4
       6267.6   3.780000E-4
       6267.8   3.970000E-4
        6268.   4.060000E-4
       6268.2   4.150000E-4
       6268.4   4.140000E-4
       6268.6   4.190000E-4
       6268.8   4.430000E-4
        6269.   4.370000E-4
       6269.2   4.420000E-4
       6269.4   4.490000E-4
       6269.6   4.910000E-4
       6269.8   4.700000E-4
        6270.   4.970000E-4
       6270.2   5.030000E-4
       6270.4   5.220000E-4
       6270.6   5.150000E-4
       6270.8   5.340000E-4
        6271.   5.720000E-4
       6271.2   5.750000E-4
       6271.4   5.750000E-4
       6271.6   5.980000E-4
       6271.8   6.000000E-4
        6272.   6.180000E-4
       6272.2   6.110000E-4
       6272.4   6.600000E-4
       6272.6   6.640000E-4
       6272.8   6.570000E-4
        6273.   6.910000E-4
       6273.2   7.140000E-4
       6273.4   7.440000E-4
       6273.6   7.420000E-4
       6273.8   7.880000E-4
        6274.   7.950000E-4
       6274.2   8.110000E-4
       6274.4   8.310000E-4
       6274.6   8.410000E-4
       6274.8   8.770000E-4
        6275.   8.660000E-4
       6275.2   9.050000E-4
       6275.4   9.350000E-4
       6275.6   9.340000E-4
       6275.8   9.510000E-4
        6276.   9.700000E-4
       6276.2         0.001
       6276.4      0.001035
       6276.6      0.001058
       6276.8      0.001061
        6277.      0.001091
       6277.2      0.001113
       6277.4      0.001142
       6277.6       0.00117
       6277.8      0.001218
        6278.      0.001235
       6278.2      0.001269
       6278.4      0.001317
       6278.6       0.00133
       6278.8      0.001376
        6279.      0.001367
       6279.2      0.001424
       6279.4       0.00145
       6279.6      0.001497
       6279.8       0.00155
        6280.      0.001574
       6280.2      0.001594
       6280.4      0.001672
       6280.6      0.001716
       6280.8      0.001742
        6281.      0.001789
       6281.2      0.001846
       6281.4      0.001877
       6281.6      0.001924
       6281.8       0.00197
        6282.      0.002036
       6282.2      0.002074
       6282.4      0.002143
       6282.6      0.002202
       6282.8      0.002257
        6283.      0.002333
       6283.2      0.002392
       6283.4      0.002416
       6283.6      0.002484
       6283.8      0.002582
        6284.       0.00264
       6284.2        0.0027
       6284.4      0.002764
       6284.6      0.002868
       6284.8      0.002957
        6285.      0.003042
       6285.2      0.003118
       6285.4      0.003202
       6285.6       0.00325
       6285.8      0.003356
        6286.      0.003502
       6286.2      0.003582
       6286.4      0.003667
       6286.6      0.003764
       6286.8       0.00392
        6287.      0.004026
       6287.2      0.004135
       6287.4      0.004232
       6287.6      0.004362
       6287.8      0.004438
        6288.      0.004604
       6288.2      0.004748
       6288.4      0.004869
       6288.6      0.005027
       6288.8      0.005158
        6289.      0.005311
       6289.2      0.005545
       6289.4      0.005681
       6289.6      0.005844
       6289.8      0.005967
        6290.      0.006182
       6290.2      0.006417
       6290.4      0.006657
       6290.6      0.006823
       6290.8      0.007015
        6291.      0.007257
       6291.2      0.007481
       6291.4      0.007786
       6291.6      0.007971
       6291.8      0.008208
        6292.      0.008418
       6292.2      0.008618
       6292.4      0.009035
       6292.6      0.009268
       6292.8      0.009576
        6293.      0.009852
       6293.2      0.010164
       6293.4      0.010576
       6293.6      0.010969
       6293.8      0.011293
        6294.       0.01159
       6294.2      0.011933
       6294.4      0.012357
       6294.6       0.01296
       6294.8      0.013384
        6295.      0.013851
       6295.2      0.014267
       6295.4      0.014776
       6295.6      0.015397
       6295.8      0.015909
        6296.      0.016384
       6296.2      0.016877
       6296.4      0.017383
       6296.6      0.018023
       6296.8      0.018822
        6297.      0.019409
       6297.2      0.020057
       6297.4      0.020685
       6297.6      0.021437
       6297.8      0.022436
        6298.      0.023282
       6298.2      0.024097
       6298.4      0.024702
       6298.6      0.025606
       6298.8      0.026692
        6299.      0.027915
       6299.2      0.029044
       6299.4      0.030042
       6299.6      0.031018
       6299.8      0.032317
        6300.      0.033836
       6300.2      0.034962
       6300.4      0.036217
       6300.6      0.037365
       6300.8      0.038668
        6301.      0.040347
       6301.2      0.042197
       6301.4      0.043698
       6301.6      0.045214
       6301.8      0.046909
        6302.      0.048997
       6302.2      0.051296
       6302.4      0.053218
       6302.6      0.054985
       6302.8      0.056854
        6303.      0.059158
       6303.2      0.062351
       6303.4      0.065026
       6303.6      0.067593
       6303.8      0.070023
        6304.      0.073025
       6304.2      0.076341
       6304.4      0.079836
       6304.6      0.082841
       6304.8      0.086068
        6305.      0.088937
       6305.2      0.092616
       6305.4      0.096936
       6305.6      0.101214
       6305.8      0.105026
        6306.       0.10877
       6306.2      0.113514
       6306.4      0.119286
       6306.6      0.124468
       6306.8      0.128957
        6307.      0.133587
       6307.2      0.138452
       6307.4      0.144655
       6307.6      0.152522
       6307.8      0.158524
        6308.       0.16487
       6308.2         0.171
       6308.4      0.178421
       6308.6      0.186751
       6308.8      0.194314
        6309.      0.201185
       6309.2      0.208661
       6309.4      0.215978
       6309.6       0.22502
       6309.8       0.23451
        6310.      0.243073
       6310.2      0.251691
       6310.4      0.260194
       6310.6      0.270607
       6310.8      0.282676
        6311.      0.291512
       6311.2      0.301419
       6311.4      0.310099
       6311.6      0.320725
       6311.8      0.333746
        6312.      0.347475
       6312.2      0.357724
       6312.4      0.368861
       6312.6      0.380572
       6312.8      0.392887
        6313.      0.406972
       6313.2      0.417923
       6313.4      0.429129
       6313.6      0.439672
       6313.8       0.45142
        6314.       0.46441
       6314.2      0.476326
       6314.4      0.488466
       6314.6      0.499265
       6314.8      0.510153
        6315.      0.522597
       6315.2      0.535592
       6315.4      0.545124
       6315.6      0.555632
       6315.8      0.563749
        6316.      0.574704
       6316.2       0.58717
       6316.4      0.597428
       6316.6      0.606042
       6316.8      0.614518
        6317.      0.623707
       6317.2      0.633969
       6317.4      0.641521
       6317.6      0.648866
       6317.8      0.655358
        6318.      0.661384
       6318.2      0.668184
       6318.4      0.675634
       6318.6      0.680814
       6318.8      0.686161
        6319.      0.691243
       6319.2      0.696282
       6319.4      0.701193
       6319.6      0.704642
       6319.8      0.708955
        6320.      0.711721
       6320.2      0.714134
       6320.4        0.7174
       6320.6      0.721315
       6320.8        0.7235
        6321.      0.725174
       6321.2      0.728024
       6321.4       0.72973
       6321.6       0.73159
       6321.8      0.732866
        6322.      0.733942
       6322.2      0.735148
       6322.4      0.735602
       6322.6      0.736749
       6322.8       0.73723
        6323.        0.7382
       6323.2      0.738344
       6323.4      0.739214
       6323.6      0.739477
       6323.8      0.739823
        6324.      0.740109
       6324.2      0.740416
       6324.4      0.740334
       6324.6      0.740846
       6324.8      0.741014
        6325.      0.741085
       6325.2      0.741081
       6325.4       0.74092
       6325.6      0.741387
       6325.8       0.74187
        6326.      0.741451
       6326.2      0.741822
       6326.4      0.742251
       6326.6      0.742103
       6326.8      0.742161
        6327.      0.742473
       6327.2      0.743384
       6327.4      0.743223
       6327.6      0.744004
       6327.8      0.744642
        6328.      0.744529
       6328.2      0.745572
       6328.4      0.746009
       6328.6      0.746618
       6328.8      0.746865
        6329.      0.747479
       6329.2      0.748278
       6329.4      0.749082
       6329.6      0.749554
       6329.8      0.750994
        6330.      0.751287
       6330.2      0.752454
       6330.4      0.753654
       6330.6      0.754214
       6330.8       0.75559
        6331.      0.755909
       6331.2      0.757353
       6331.4      0.758704
       6331.6      0.759738
       6331.8      0.761223
        6332.      0.762587
       6332.2      0.763944
       6332.4      0.765386
       6332.6      0.767156
       6332.8      0.768275
        6333.      0.769413
       6333.2      0.770335
       6333.4      0.772384
       6333.6      0.773773
       6333.8      0.775246
        6334.      0.777235
       6334.2      0.778375
       6334.4      0.780065
       6334.6      0.782349
       6334.8      0.783898
        6335.      0.785175
       6335.2      0.786672
       6335.4      0.788347
       6335.6      0.790426
       6335.8      0.792138
        6336.      0.793719
       6336.2      0.795312
       6336.4      0.797304
       6336.6      0.799273
       6336.8       0.80094
        6337.      0.802541
       6337.2      0.803999
       6337.4      0.805479
       6337.6      0.807003
       6337.8       0.80881
        6338.      0.811671
       6338.2      0.813567
       6338.4      0.814438
       6338.6      0.816069
       6338.8      0.818218
        6339.      0.820215
       6339.2      0.821547
       6339.4      0.823657
       6339.6      0.824595
       6339.8      0.826717
        6340.      0.828379
       6340.2      0.830372
       6340.4      0.832286
       6340.6      0.833534
       6340.8        0.8353
        6341.      0.836801
       6341.2      0.838726
       6341.4      0.839551
       6341.6       0.84079
       6341.8      0.842557
        6342.      0.843569
       6342.2      0.845903
       6342.4      0.846828
       6342.6      0.848768
       6342.8      0.850093
        6343.       0.85156
       6343.2      0.852725
       6343.4      0.854625
       6343.6      0.855035
       6343.8      0.856584
        6344.      0.857459
       6344.2      0.859418
       6344.4      0.859898
       6344.6      0.860981
       6344.8      0.862643
        6345.      0.863772
       6345.2      0.864997
       6345.4       0.86602
       6345.6      0.867013
       6345.8      0.868047
        6346.      0.868574
       6346.2      0.869671
       6346.4       0.87067
       6346.6      0.871533
       6346.8      0.872631
        6347.      0.873221
       6347.2      0.873795
       6347.4      0.875071
       6347.6      0.875889
       6347.8      0.876871
        6348.      0.877276
       6348.2      0.876855
       6348.4      0.877428
       6348.6      0.878586
       6348.8      0.879596
        6349.      0.880308
       6349.2      0.880229
       6349.4      0.881425
       6349.6        0.8819
       6349.8      0.881909
        6350.      0.882425
       6350.2      0.882623
       6350.4      0.882725
       6350.6      0.883831
       6350.8      0.884044
        6351.      0.884108
       6351.2      0.884151
       6351.4      0.884656
       6351.6      0.884565
       6351.8      0.884101
        6352.      0.884647
       6352.2      0.885125
       6352.4      0.884782
       6352.6      0.885257
       6352.8      0.885062
        6353.      0.884956
       6353.2      0.884629
       6353.4      0.885476
       6353.6      0.884869
       6353.8      0.885117
        6354.      0.884401
       6354.2      0.884086
       6354.4      0.884157
       6354.6      0.884212
       6354.8      0.884187
        6355.      0.883459
       6355.2      0.883206
       6355.4      0.882688
       6355.6      0.882267
       6355.8      0.882542
        6356.      0.881393
       6356.2      0.881356
       6356.4       0.88107
       6356.6      0.880851
       6356.8      0.879871
        6357.      0.879568
       6357.2      0.878684
       6357.4      0.877869
       6357.6      0.877982
       6357.8      0.877254
        6358.      0.876513
       6358.2      0.875842
       6358.4      0.874778
       6358.6      0.874513
       6358.8      0.873482
        6359.      0.872866
       6359.2      0.871838
       6359.4      0.871225
       6359.6      0.869835
       6359.8      0.869069
        6360.      0.868874
       6360.2      0.867776
       6360.4      0.866468
       6360.6      0.865423
       6360.8      0.864127
        6361.      0.863497
       6361.2      0.862317
       6361.4      0.860973
       6361.6      0.860102
       6361.8      0.859051
        6362.      0.857726
       6362.2      0.857205
       6362.4      0.855639
       6362.6       0.85352
       6362.8      0.852525
        6363.      0.851371
       6363.2      0.850698
       6363.4      0.849113
       6363.6      0.847701
       6363.8      0.845382
        6364.      0.844037
       6364.2      0.843326
       6364.4      0.841368
       6364.6      0.839051
       6364.8      0.837671
        6365.      0.835871
       6365.2      0.834367
       6365.4      0.832922
       6365.6      0.830431
       6365.8      0.828853
        6366.      0.826908
       6366.2      0.824335
       6366.4      0.822463
       6366.6      0.820935
       6366.8      0.818608
        6367.      0.815461
       6367.2      0.813896
       6367.4      0.811208
       6367.6      0.809754
       6367.8       0.80728
        6368.       0.80417
       6368.2      0.801231
       6368.4      0.798349
       6368.6       0.79636
       6368.8       0.79293
        6369.      0.790005
       6369.2      0.786444
       6369.4      0.783338
       6369.6      0.780574
       6369.8      0.777786
        6370.      0.774963
       6370.2      0.770778
       6370.4      0.766638
       6370.6      0.762854
       6370.8      0.759374
        6371.      0.754754
       6371.2      0.751442
       6371.4       0.74612
       6371.6      0.741796
       6371.8      0.737552
        6372.      0.733595
       6372.2      0.728283
       6372.4      0.723293
       6372.6      0.718275
       6372.8      0.713082
        6373.      0.708355
       6373.2      0.702625
       6373.4      0.695768
       6373.6      0.690983
       6373.8      0.685358
        6374.      0.679964
       6374.2      0.673811
       6374.4      0.668031
       6374.6       0.66069
       6374.8      0.653176
        6375.      0.646885
       6375.2      0.640326
       6375.4      0.632291
       6375.6      0.624594
       6375.8      0.615871
        6376.      0.609301
       6376.2      0.602521
       6376.4      0.595497
       6376.6      0.586747
       6376.8      0.576878
        6377.      0.569397
       6377.2      0.561022
       6377.4      0.553689
       6377.6      0.544649
       6377.8      0.534223
        6378.      0.526213
       6378.2      0.518662
       6378.4      0.510869
       6378.6      0.502274
       6378.8      0.493922
        6379.      0.482051
       6379.2      0.473443
       6379.4      0.465061
       6379.6      0.455676
       6379.8      0.444741
        6380.      0.434552
       6380.2       0.42596
       6380.4      0.417535
       6380.6      0.409468
       6380.8      0.400297
        6381.      0.389235
       6381.2      0.378969
       6381.4       0.37077
       6381.6      0.362422
       6381.8      0.353099
        6382.      0.343844
       6382.2      0.334652
       6382.4      0.326851
       6382.6      0.319844
       6382.8      0.312486
        6383.      0.304286
       6383.2       0.29553
       6383.4      0.286586
       6383.6      0.279149
       6383.8      0.272253
        6384.      0.264398
       6384.2      0.255683
       6384.4      0.247644
       6384.6      0.240891
       6384.8      0.234893
        6385.      0.228502
       6385.2      0.221906
       6385.4      0.213315
       6385.6      0.206457
       6385.8      0.200885
        6386.      0.194844
       6386.2      0.188218
       6386.4      0.182408
       6386.6      0.176532
       6386.8      0.171222
        6387.      0.166661
       6387.2      0.162035
       6387.4      0.157013
       6387.6      0.151078
       6387.8      0.146245
        6388.      0.141961
       6388.2      0.138065
       6388.4      0.133235
       6388.6      0.127401
       6388.8      0.123798
        6389.      0.120047
       6389.2      0.116779
       6389.4      0.113054
       6389.6      0.108912
       6389.8       0.10452
        6390.      0.101301
       6390.2      0.098195
       6390.4      0.094931
       6390.6      0.091636
       6390.8      0.088452
        6391.      0.085641
       6391.2      0.082906
       6391.4        0.0809
       6391.6      0.078291
       6391.8      0.075443
        6392.      0.072684
       6392.2      0.070484
       6392.4      0.068398
       6392.6      0.066386
       6392.8      0.063794
        6393.      0.061255
       6393.2      0.059584
       6393.4      0.057956
       6393.6      0.056101
       6393.8      0.054269
        6394.      0.052158
       6394.2      0.050304
       6394.4      0.048697
       6394.6      0.047336
       6394.8      0.045737
        6395.      0.044045
       6395.2      0.042614
       6395.4      0.041509
       6395.6      0.040322
       6395.8      0.039214
        6396.       0.03805
       6396.2      0.036641
       6396.4      0.035424
       6396.6      0.034398
       6396.8        0.0334
        6397.       0.03231
       6397.2      0.031193
       6397.4        0.0301
       6397.6      0.029228
       6397.8       0.02843
        6398.      0.027653
       6398.2      0.026712
       6398.4      0.025752
       6398.6      0.024941
       6398.8      0.024196
        6399.      0.023507
       6399.2      0.022773
       6399.4      0.021891
       6399.6       0.02134
       6399.8      0.020746
        6400.      0.020217
       6400.2      0.019674
       6400.4      0.019081
       6400.6      0.018382
       6400.8      0.017866
        6401.      0.017405
       6401.2      0.016925
       6401.4       0.01637
       6401.6      0.015807
       6401.8      0.015393
        6402.      0.014951
       6402.2      0.014641
       6402.4      0.014165
       6402.6      0.013609
       6402.8      0.013253
        6403.      0.012819
       6403.2      0.012498
       6403.4      0.012207
       6403.6      0.011787
       6403.8      0.011392
        6404.      0.011101
       6404.2      0.010824
       6404.4      0.010603
       6404.6      0.010335
       6404.8       0.00996
        6405.      0.009688
       6405.2      0.009465
       6405.4      0.009221
       6405.6      0.008951
       6405.8      0.008644
        6406.      0.008421
       6406.2      0.008201
       6406.4      0.007985
       6406.6      0.007826
       6406.8      0.007626
        6407.      0.007327
       6407.2      0.007106
       6407.4      0.006986
       6407.6      0.006749
       6407.8      0.006594
        6408.      0.006412
       6408.2      0.006219
       6408.4      0.006069
       6408.6       0.00595
       6408.8      0.005831
        6409.       0.00563
       6409.2      0.005501
       6409.4      0.005345
       6409.6      0.005192
       6409.8      0.005079
        6410.      0.004964
       6410.2      0.004812
       6410.4      0.004722
       6410.6      0.004603
       6410.8      0.004507
        6411.      0.004366
       6411.2      0.004247
       6411.4      0.004112
       6411.6      0.004055
       6411.8       0.00394
        6412.      0.003849
       6412.2       0.00368
       6412.4      0.003633
       6412.6      0.003553
       6412.8       0.00349
        6413.      0.003429
       6413.2        0.0033
       6413.4      0.003237
       6413.6      0.003122
       6413.8      0.003084
        6414.      0.003033
       6414.2      0.002938
       6414.4      0.002894
       6414.6      0.002785
       6414.8      0.002752
        6415.      0.002676
       6415.2      0.002619
       6415.4      0.002527
       6415.6       0.00247
       6415.8      0.002418
        6416.      0.002376
       6416.2      0.002308
       6416.4      0.002267
       6416.6      0.002208
       6416.8      0.002159
        6417.      0.002116
       6417.2      0.002042
       6417.4      0.002029
       6417.6      0.001971
       6417.8      0.001912
        6418.      0.001884
       6418.2      0.001827
       6418.4      0.001796
       6418.6      0.001741
       6418.8      0.001707
        6419.      0.001684
       6419.2      0.001663
       6419.4      0.001629
       6419.6      0.001589
       6419.8       0.00155
        6420.      0.001503
       6420.2      0.001482
       6420.4      0.001463
       6420.6      0.001397
       6420.8      0.001374
        6421.      0.001323
       6421.2      0.001333
       6421.4      0.001292
       6421.6      0.001248
       6421.8      0.001253
        6422.      0.001182
       6422.2      0.001179
       6422.4      0.001142
       6422.6      0.001146
       6422.8      0.001124
        6423.       0.00109
       6423.2      0.001088
       6423.4      0.001059
       6423.6      0.001034
       6423.8      0.001001
        6424.   9.860001E-4
       6424.2   9.560000E-4
       6424.4   9.400000E-4
       6424.6   9.300000E-4
       6424.8   8.980000E-4
        6425.   9.040000E-4
       6425.2   8.790000E-4
       6425.4   8.540000E-4
       6425.6   8.440000E-4
       6425.8   8.180000E-4
        6426.   8.120000E-4
       6426.2   7.880000E-4
       6426.4   7.540000E-4
       6426.6   7.520000E-4
       6426.8   7.300000E-4
        6427.   7.250000E-4
       6427.2   6.910000E-4
       6427.4   7.030000E-4
       6427.6   6.860000E-4
       6427.8   6.740000E-4
        6428.   6.470000E-4
       6428.2   6.430000E-4
       6428.4   6.320000E-4
       6428.6   6.170000E-4
       6428.8   5.790000E-4
        6429.   5.760000E-4
       6429.2   5.690000E-4
       6429.4   5.920000E-4
       6429.6   5.630000E-4
       6429.8   5.300000E-4
        6430.   5.400000E-4
       6430.2   5.090000E-4
       6430.4   5.180000E-4
       6430.6   5.050000E-4
       6430.8   4.720000E-4
        6431.   4.950000E-4
       6431.2   4.570000E-4
       6431.4   4.640000E-4
       6431.6   4.630000E-4
       6431.8   4.610000E-4
        6432.   4.390000E-4
       6432.2   4.510000E-4
       6432.4   4.330000E-4
       6432.6   4.350000E-4
       6432.8   3.930000E-4
        6433.   4.040000E-4
       6433.2   3.870000E-4
       6433.4   3.880000E-4
       6433.6   3.670000E-4
       6433.8   3.590000E-4
        6434.   3.300000E-4
       6434.2   3.630000E-4
       6434.4   3.570000E-4
       6434.6   3.390000E-4
       6434.8   3.440000E-4
        6435.   3.210000E-4
       6435.2   3.380000E-4
       6435.4   3.360000E-4
       6435.6   3.140000E-4
       6435.8   2.890000E-4
        6436.   3.160000E-4
       6436.2   2.990000E-4
       6436.4   2.930000E-4
       6436.6   2.740000E-4
       6436.8   2.820000E-4
        6437.   2.780000E-4
       6437.2   2.630000E-4
       6437.4   2.720000E-4
       6437.6   2.420000E-4
       6437.8   2.680000E-4
        6438.   2.670000E-4
       6438.2   2.730000E-4
       6438.4   2.280000E-4
       6438.6   2.390000E-4
       6438.8   2.220000E-4
        6439.   2.350000E-4
       6439.2   2.310000E-4
       6439.4   2.450000E-4
       6439.6   2.290000E-4
       6439.8   1.990000E-4
        6440.   2.330000E-4
       6440.2   1.950000E-4
       6440.4   2.160000E-4
       6440.6   2.050000E-4
       6440.8   2.280000E-4
        6441.   1.920000E-4
       6441.2   1.940000E-4
       6441.4   1.910000E-4
       6441.6   1.910000E-4
       6441.8   1.710000E-4
        6442.   1.740000E-4
       6442.2   1.810000E-4
       6442.4   1.750000E-4
       6442.6   1.870000E-4
       6442.8   1.760000E-4
        6443.   1.670000E-4
       6443.2   1.770000E-4
       6443.4   1.660000E-4
       6443.6   1.590000E-4
       6443.8   1.650000E-4
        6444.   1.450000E-4
       6444.2   1.380000E-4
       6444.4   1.380000E-4
       6444.6   1.560000E-4
       6444.8   1.290000E-4
        6445.   1.360000E-4
       6445.2   1.270000E-4
       6445.4   1.350000E-4
       6445.6   1.500000E-4
       6445.8   1.240000E-4
        6446.   1.300000E-4
       6446.2   1.280000E-4
       6446.4   1.400000E-4
       6446.6   1.240000E-4
       6446.8   1.320000E-4
        6447.   1.230000E-4
       6447.2   1.300000E-4
       6447.4   1.130000E-4
       6447.6   1.230000E-4
       6447.8   1.160000E-4
        6448.   1.150000E-4
        6490.   1.549490E-5
        6500.   8.697570E-6
        6510.   5.186680E-6
        6520.   3.307180E-6
        6530.   2.176500E-6
        6540.   1.535190E-6
        6550.   1.107350E-6
        6560.   8.527050E-7
        6570.   6.718460E-7
        6580.   5.471420E-7
        6590.   4.529830E-7
        6600.   3.894080E-7
        6610.   3.357310E-7
        6620.   3.076100E-7
        6630.   2.965700E-7
        6640.   3.018880E-7
        6650.   2.563340E-7
        6660.   2.657260E-7
        6670.   2.563830E-7
        6680.   2.235260E-7
        6690.   2.467400E-7
        6700.   2.509930E-7
        6710.   2.392360E-7
        6720.   2.275090E-7
        6730.   2.293730E-7
        6740.   2.709450E-7
        6750.   2.588730E-7
        6760.   2.672860E-7
        6770.   2.884700E-7
        6780.   2.942310E-7
        6790.   2.550940E-7
        6800.   2.691830E-7
        6810.   2.793340E-7
        6820.   2.715260E-7
        6830.   3.169140E-7
        6840.   3.054840E-7
        6850.   3.405680E-7
        6860.   3.416070E-7
        6870.   2.572620E-7
        6880.   2.904320E-7
        6890.   2.629790E-7
        6900.   2.604170E-7
        6910.   2.162410E-7
        6920.   1.978700E-7
        6930.   1.076630E-7
        6940.   1.345670E-7
        6950.   1.165710E-7
        6960.   1.355750E-7
        6970.   1.046430E-7
        6980.   8.539980E-8
        6990.   6.277810E-8
        7000.   5.515980E-8
        7010.   9.178650E-8
        7020.   6.569300E-8
        7030.   1.306250E-7
        7040.   1.178960E-7
        7050.   8.352910E-8
        7060.   1.103980E-7
        7070.   6.825910E-8
        7080.   1.319130E-7
        7090.   8.799910E-8
        7100.   4.238900E-8
        7110.   6.431500E-8
        7120.   4.989280E-8
        7130.   5.762330E-8
        7140.   6.336100E-8
        7150.   6.670570E-8
        7160.   7.824940E-8
        7170.   7.079650E-8
        7180.   5.085000E-8
        7190.   8.083220E-8
        7200.   7.501600E-8
        7210.   7.171840E-8
        7220.   7.409370E-8
        7230.   9.404200E-8
        7240.   7.928850E-8
        7250.   9.660860E-8
        7260.   1.077460E-7
        7270.   8.920940E-8
        7280.   7.840670E-8
        7290.   8.124470E-8
        7300.   6.734740E-8
        7310.   9.998430E-8
        7320.   1.441300E-7
        7330.   1.842780E-7
        7340.   1.966730E-7
        7350.   4.435810E-7
        7360.   1.015010E-6
        7370.   2.028570E-6
        7380.   3.083360E-6
        7390.   4.143340E-6
        7400.   4.945450E-6
        7410.   4.705530E-6
        7420.   3.934860E-6
        7430.   3.060310E-6
        7440.   1.835760E-6
        7450.   1.361140E-6
        7460.   1.406210E-6
        7470.   1.389830E-6
        7480.   1.544490E-6
        7490.   1.803530E-6
        7500.   2.302080E-6
        7510.   3.162660E-6
        7520.   4.192410E-6
        7530.   5.688460E-6
        7540.   7.021340E-6
        7550.   8.365710E-6
        7560.   8.936870E-6
        7570.   8.853540E-6
        7580.   8.072250E-6
        7590.   7.107740E-6
        7600.   6.394440E-6
        7610.   6.443020E-6
        7620.   6.962050E-6
        7630.   7.627570E-6
        7640.   7.714860E-6
        7650.   7.619740E-6
        7660.   7.135840E-6
        7670.   6.946710E-6
        7680.   7.036390E-6
        7690.   7.482260E-6
        7700.   7.973300E-6
        7710.   7.686100E-6
        7720.   7.105290E-6
        7730.   5.811570E-6
        7740.   4.252490E-6
        7750.   2.976550E-6
        7760.   2.197530E-6
        7770.   1.825460E-6
        7780.   1.448330E-6
        7790.   1.343490E-6
        7800.   1.275600E-6
        7810.   1.114480E-6
        7820.   1.118130E-6
        7830.   1.019180E-6
        7840.   9.173630E-7
        7850.   8.815180E-7
        7860.   8.993450E-7
        7870.   8.117270E-7
        7880.   9.280130E-7
        7890.   9.110960E-7
        7900.   8.939290E-7
        7910.   8.751950E-7
        7920.   8.625580E-7
        7930.   8.954520E-7
        7940.   8.646150E-7
        7950.   9.219600E-7
        7960.   1.010560E-6
        7970.   1.189650E-6
        7980.   1.289870E-6
        7990.   1.468170E-6
        8000.   1.660700E-6
        8010.   1.670400E-6
        8020.   1.947530E-6
        8030.   1.971940E-6
        8040.   2.444940E-6
        8050.   2.905790E-6
        8060.   3.513490E-6
        8070.   4.213130E-6
        8080.   4.777040E-6
        8090.   5.221860E-6
        8100.   5.340830E-6
        8110.   5.460620E-6
        8120.   6.068140E-6
        8130.   1.029830E-5
        8140.   1.709100E-5
        8150.   2.456170E-5
        8160.   3.032350E-5
        8170.   3.209480E-5
        8180.   2.621710E-5
        8190.   1.820600E-5
        8200.   1.119340E-5
        8210.   5.748490E-6
        8220.   4.186290E-6
        8230.   4.827250E-6
        8240.   5.986490E-6
        8250.   7.425300E-6
        8260.   9.726690E-6
        8270.   1.364630E-5
        8280.   1.740700E-5
        8290.   2.048510E-5
        8300.   2.110270E-5
        8310.   1.836190E-5
        8320.   1.419450E-5
        8330.   9.627020E-6
        8340.   6.333940E-6
        8350.   4.188780E-6
        8360.   3.266130E-6
        8370.   2.920310E-6
        8380.   2.548240E-6
        8390.   2.450190E-6
        8400.   2.460810E-6
        8410.   2.586710E-6
        8420.   2.730830E-6
        8430.   3.675160E-6
        8440.   5.122260E-6
        8450.   6.987790E-6
        8460.   8.666640E-6
        8470.   9.886600E-6
        8480.   9.420810E-6
        8490.   8.706630E-6
        8500.  1.000230E-10
        8510.   3.252420E-6
        8520.   3.116500E-6
        8530.   1.081000E-5
        8540.   1.580550E-6
        8550.   1.080680E-5
        8560.   4.410780E-6
        8570.   3.647770E-6
        8580.   3.477490E-6
        8590.   6.818510E-6
        8600.   2.644200E-6
        8610.   8.024740E-6
        8620.   3.457520E-6
        8630.  1.000230E-10
        8640.   6.246620E-6
        8650.   3.019240E-6
        8660.   3.351750E-6
        8670.   1.271940E-5
        8680.   4.411750E-6
        8690.   1.244680E-5
        8700.   1.086570E-5
        8710.   1.344660E-5
        8720.   6.264730E-6
        8730.   1.259790E-5
        8740.   5.845290E-6
        8750.   3.608670E-6
        8760.   9.244680E-6
        8770.   1.378550E-5
        8780.   1.489320E-5
        8790.   7.686330E-6
        8800.   1.266000E-5
        8810.   7.481870E-6
        8820.   1.321630E-5
        8830.   1.184910E-5
        8840.   1.437810E-5
        8850.   8.945960E-6
        8860.   1.300100E-5
        8870.   6.622990E-6
        8880.   9.334260E-6
        8890.   1.319490E-5
        8900.   2.882390E-6
        8910.   1.008140E-5
        8920.   9.235040E-6
        8930.   9.146710E-6
        8940.   4.855200E-6
        8950.   8.319400E-6
        8960.   5.708750E-6
        8970.   4.297960E-6
        8980.   3.694750E-6
        8990.   1.094930E-5
        9000.   7.102020E-6
        9010.   2.348130E-6
        9020.   5.828380E-6
        9030.   4.183560E-6
        9040.   7.872090E-6
        9050.   4.051320E-6
        9060.   7.722610E-6
        9070.   1.267510E-6
        9080.   3.189600E-6
        9090.   2.343230E-6
        9100.   4.725680E-6
        9110.   5.582010E-6
        9120.   5.397010E-6
        9130.   5.874600E-6
        9140.   4.399710E-6
        9150.   1.997380E-6
        9160.   1.729750E-6
        9170.   1.627750E-6
        9180.   2.713460E-6
        9190.   6.904960E-6
        9200.   3.103240E-6
        9210.   6.677500E-6
        9220.   3.980810E-6
        9230.  1.000230E-10
        9240.   2.894700E-6
        9250.   3.681910E-6
        9260.   4.871120E-6
        9270.   2.170310E-6
        9280.   4.976490E-6
        9290.   1.618760E-6
        9300.   3.246740E-6
        9310.   1.029290E-8
        9320.   3.138670E-6
        9330.   1.864950E-6
        9340.   1.435980E-6
        9350.   3.486370E-6
        9360.  1.000230E-10
        9370.   1.311120E-6
        9380.  1.000230E-10
        9390.   1.593330E-6
        9400.   2.134670E-6
        9410.   2.251380E-6
        9420.   6.683190E-7
        9430.   2.391850E-6
        9440.   2.122940E-6
        9450.   3.059070E-7
        9460.   2.629310E-6
        9470.   2.540120E-6
        9480.   2.097350E-6
        9490.   2.480960E-6
        9500.   4.567050E-6
        9510.   2.678630E-6
        9520.   1.890380E-6
        9530.   1.313570E-6
        9540.   1.928190E-6
        9550.   1.103640E-6
        9560.   6.247380E-7
        9570.   1.626640E-7
        9580.   1.746160E-6
        9590.  1.000230E-10
        9600.   9.032090E-7
        9610.   1.240730E-6
        9620.   2.736630E-6
        9630.   2.807430E-6
        9640.   9.988240E-7
        9650.   2.747070E-6
        9660.   1.122340E-6
        9670.   4.901750E-7
        9680.   1.969580E-6
        9690.   2.123860E-6
        9700.   2.079310E-6
        9710.   1.811330E-6
        9720.   9.229480E-7
        9730.   1.782590E-6
        9740.   7.080540E-7
        9750.   1.891530E-6
        9760.   3.938750E-6
        9770.   1.732430E-6
        9780.   1.754300E-6
        9790.   2.233100E-6
        9800.   1.408880E-6
        9810.   9.812260E-7
        9820.   4.949590E-7
        9830.   1.860120E-6
        9840.   1.945850E-6
        9850.   1.832210E-6
        9860.   1.775630E-7
        9870.   3.297300E-7
        9880.   1.631000E-6
        9890.   1.594250E-6
        9900.   1.608850E-6
        9910.   6.715770E-7
        9920.   1.279990E-6
        9930.   1.179200E-6
        9940.   1.827070E-6
        9950.   1.724170E-6
        9960.  1.000230E-10
        9970.   2.013840E-6
        9980.   1.633680E-6
        9990.   1.369370E-6
       10000.   7.226720E-7
       10010.   1.712460E-6
       10020.   1.563220E-6
       10030.   6.584440E-7
       10040.   3.053490E-6
       10050.   1.370820E-6
       10060.  1.000230E-10
       10070.   1.082740E-6
       10080.   2.483380E-6
       10090.   4.513470E-7
       10100.   1.841860E-6
       10110.   8.996510E-7
       10120.   1.657590E-6
       10130.   1.423180E-6
       10140.   6.998740E-7
       10150.   1.936860E-6
       10160.   1.600530E-7
       10170.   1.096100E-6
       10180.   3.496140E-7
       10190.   8.863410E-7
       10200.   1.007700E-6
       10210.   1.438830E-6
       10220.   1.594480E-6
       10230.   1.098480E-6
       10240.   1.349500E-6
       10250.   1.220950E-6
       10260.   8.381300E-7
       10270.   7.227810E-7
       10280.   2.081850E-7
       10290.   5.891310E-7
       10300.   9.165880E-7
       10310.  1.000230E-10
       10320.   6.964790E-7
       10330.   5.024430E-7
       10340.  1.000230E-10
       10350.   3.737240E-7
       10360.   5.243330E-7
       10370.  1.000230E-10
       10380.   2.747620E-7
       10390.  1.000230E-10
       10400.   4.887430E-7
       10410.  1.000230E-10
       10420.   1.604660E-7
       10430.   4.772450E-7
       10440.   6.761470E-9
       10450.  1.000230E-10
       10460.   2.614290E-7
       10470.  1.000230E-10
       10480.  1.000230E-10
       10490.   1.765970E-7
       10500.  1.000230E-10
       10510.   6.831370E-8
       10520.   4.522360E-7
       10530.  1.000230E-10
       10540.  1.000230E-10
       10550.  1.000230E-10
       10560.  1.000230E-10
       10570.   6.907910E-8
       10580.  1.000230E-10
       10590.   2.770340E-7
       10600.  1.000230E-10
       10610.  1.000230E-10
       10620.   1.646350E-7
       10630.  1.000230E-10
       10640.  1.000230E-10
       10650.   4.319840E-7
       10660.   4.951860E-7
       10670.  1.000230E-10
       10680.   4.370400E-7
       10690.  1.000230E-10
       10700.   5.593550E-7
       10710.   1.025980E-7
       10720.  1.000230E-10
       10730.   4.160610E-7
       10740.  1.000230E-10
       10750.   1.362360E-7
       10760.  1.000230E-10
       10770.  1.000230E-10
       10780.  1.000230E-10
       10790.   5.342240E-7
       10800.   1.251490E-7
       10810.   1.894210E-7
       10820.   1.797290E-7
       10830.  1.000230E-10
       10840.   3.040520E-7
       10850.  1.000230E-10
       10860.  1.000230E-10
       10870.   2.447860E-7
       10880.  1.000230E-10
       10890.   4.372490E-7
       10900.   7.828960E-8
       10910.  1.000230E-10
       10920.   3.086990E-7
       10930.   1.932370E-7
       10940.  1.000230E-10
       10950.   1.441920E-7
       10960.  1.000230E-10
       10970.  1.000230E-10
       10980.  1.000230E-10
       10990.   5.947480E-7
       11000.  1.000230E-10
       11001.            0.
       11002.            0.
