        1998.            0.
        1999.            0.
        2000.   6.941660E-7
        2020.   7.245140E-7
        2040.   1.214810E-6
        2060.   1.885160E-6
        2080.   5.208820E-6
        2100.   1.457270E-5
        2110.   2.700000E-5
        2120.   2.320000E-5
        2130.   5.830000E-5
        2140.   9.670000E-5
        2150.   1.150000E-4
        2160.   1.360000E-4
        2170.   1.730000E-4
        2180.   3.120000E-4
        2190.   5.680000E-4
        2200.   7.320000E-4
        2210.   7.900000E-4
        2220.   9.850000E-4
        2230.       0.00158
        2240.       0.00254
        2250.      0.003244
        2260.      0.003193
        2270.      0.003161
        2280.      0.003915
        2290.       0.00588
        2300.      0.008977
        2310.      0.011467
        2320.      0.011842
        2330.      0.011701
        2340.      0.012882
        2350.      0.015758
        2360.      0.019836
        2370.      0.023611
        2380.      0.026069
        2390.      0.028255
        2400.      0.032132
        2410.      0.039607
        2420.      0.051885
        2430.      0.068542
        2440.      0.086985
        2450.      0.104459
        2460.       0.12177
        2470.      0.143301
        2480.      0.173403
        2490.      0.212803
        2500.      0.256797
        2510.      0.297084
        2520.      0.328564
        2530.      0.353284
        2540.      0.376495
        2550.      0.400613
        2560.      0.423824
        2570.      0.441949
        2580.      0.453263
        2590.      0.459037
        2600.       0.46127
        2610.      0.461257
        2620.      0.458652
        2630.      0.453082
        2640.      0.444791
        2650.      0.435597
        2660.      0.427303
        2670.      0.421011
        2680.       0.41715
        2690.      0.414413
        2700.      0.410956
        2710.      0.405392
        2720.      0.398035
        2730.      0.389817
        2740.      0.381831
        2750.      0.375178
        2760.      0.369769
        2770.      0.364371
        2780.      0.357728
        2790.      0.349295
        2800.      0.338739
        2810.      0.326978
        2820.      0.315491
        2830.      0.305514
        2840.      0.297972
        2850.       0.29296
        2860.      0.289472
        2870.      0.286421
        2880.      0.282574
        2890.      0.276995
        2900.      0.269755
        2910.      0.261295
        2920.      0.252846
        2930.       0.24505
        2940.      0.238011
        2950.      0.231308
        2960.      0.224471
        2970.      0.216575
        2980.      0.207362
        2990.      0.197455
        3000.      0.187189
        3010.      0.176833
        3020.      0.165452
        3030.      0.150323
        3040.      0.128422
        3050.      0.100089
        3060.      0.070471
        3070.      0.045836
        3080.      0.028552
        3090.      0.017571
        3100.      0.010939
        3110.      0.006939
        3120.      0.004525
        3130.      0.003017
        3140.      0.002082
        3150.      0.001449
        3160.      0.001062
        3170.   7.690000E-4
        3180.   5.360000E-4
        3190.   4.260000E-4
        3200.   3.240000E-4
        3210.   2.660000E-4
        3220.   1.920000E-4
        3230.   1.710000E-4
        3240.   1.370000E-4
        3250.   9.830000E-5
        3260.   1.020000E-4
        3270.   6.700000E-5
        3280.   6.590000E-5
        3290.   6.270000E-5
        3300.   4.650000E-5
        3310.   3.350000E-5
        3320.   3.284840E-5
        3340.   2.240560E-5
        3360.   1.496260E-5
        3380.   9.430460E-6
        3400.   5.798450E-6
        3420.   3.573560E-6
        3440.   2.690290E-6
        3460.   2.072940E-6
        3480.   1.059030E-6
        3500.   6.794550E-7
        3520.   1.341250E-6
        3540.   7.352350E-7
        3560.   4.027730E-7
        3580.   3.869030E-7
        3600.   3.139850E-7
        3620.   7.479820E-7
        3640.   6.916430E-7
        3660.   3.936040E-7
        3680.   2.573440E-7
        3700.   3.208660E-8
        3720.   1.363280E-7
        3740.   8.001340E-8
        3760.   1.043850E-6
        3780.   9.451790E-7
        3800.   1.219400E-6
        3820.   1.824290E-6
        3840.   2.535810E-6
        3860.   6.263260E-6
        3880.   2.203090E-5
        3900.   8.216410E-5
        3920.   1.367080E-4
        3940.   7.558240E-5
        3960.   2.477960E-5
        3980.   1.391640E-5
        4000.   1.058390E-5
        4020.   9.495850E-6
        4040.   9.584840E-6
        4060.   1.117610E-5
        4080.   1.461670E-5
        4100.   2.183690E-5
        4120.   3.598140E-5
        4140.   5.676360E-5
        4160.   6.673520E-5
        4180.   5.269630E-5
        4200.   3.254310E-5
        4220.   2.043130E-5
        4240.   1.433970E-5
        4260.   1.101010E-5
        4280.   9.275710E-6
        4300.   8.470830E-6
        4320.   8.306290E-6
        4340.   8.949090E-6
        4360.   9.970480E-6
        4380.   1.138130E-5
        4400.   1.381970E-5
        4420.   1.819860E-5
        4440.   2.364720E-5
        4460.   2.757030E-5
        4480.   2.781990E-5
        4500.   2.416770E-5
        4520.   1.900570E-5
        4540.   1.471740E-5
        4560.   1.164360E-5
        4580.   9.639620E-6
        4600.   7.880310E-6
        4620.   6.888700E-6
        4640.   6.467090E-6
        4660.   6.093810E-6
        4680.   6.212640E-6
        4700.   6.534940E-6
        4720.   7.012130E-6
        4740.   7.739580E-6
        4760.   8.732710E-6
        4780.   9.691210E-6
        4800.   1.108430E-5
        4820.   1.220080E-5
        4840.   1.267150E-5
        4860.   1.258580E-5
        4880.   1.176360E-5
        4900.   1.005200E-5
        4920.   8.646460E-6
        4940.   7.483900E-6
        4960.   6.424410E-6
        4980.   5.615100E-6
        5000.   5.085810E-6
        5020.   4.528720E-6
        5040.   4.146850E-6
        5060.   4.035600E-6
        5080.   3.766840E-6
        5100.   4.018180E-6
        5120.   4.038420E-6
        5140.   3.843010E-6
        5160.   4.101940E-6
        5180.   4.756210E-6
        5200.   4.917030E-6
        5220.   5.050190E-6
        5240.   5.731930E-6
        5260.   6.157520E-6
        5280.   6.391060E-6
        5300.   6.649580E-6
        5320.   6.416380E-6
        5340.   6.266540E-6
        5360.   5.813000E-6
        5380.   5.612860E-6
        5400.   4.941660E-6
        5420.   4.498340E-6
        5440.   4.002050E-6
        5460.   3.569120E-6
        5480.   3.501340E-6
        5500.   3.197680E-6
        5520.   2.978720E-6
        5540.   2.684130E-6
        5560.   2.445140E-6
        5580.   2.361480E-6
        5600.   2.403160E-6
        5620.   2.385240E-6
        5640.   2.572630E-6
        5660.   2.266260E-6
        5680.   2.406350E-6
        5700.   2.585280E-6
        5720.   2.508190E-6
        5740.   2.916440E-6
        5760.   3.063830E-6
        5780.   3.494670E-6
        5800.   3.591150E-6
        5820.   3.645570E-6
        5840.   3.474080E-6
        5860.   4.025050E-6
        5880.   3.976520E-6
        5900.   3.765150E-6
        5920.   3.932410E-6
        5940.   3.577610E-6
        5960.   3.794120E-6
        5980.   3.614820E-6
        6000.   3.397040E-6
        6020.   3.102640E-6
        6040.   2.887470E-6
        6060.   2.689910E-6
        6080.   2.794790E-6
        6100.   2.314720E-6
        6120.   2.384090E-6
        6140.   2.532780E-6
        6160.   2.158140E-6
        6180.   1.594000E-6
        6200.   1.955180E-6
        6220.   2.104010E-6
        6240.   1.679860E-6
        6260.   2.078020E-6
        6280.   1.892180E-6
        6300.   1.859380E-6
        6320.   1.975780E-6
        6340.   1.607020E-6
        6360.   2.215510E-6
        6380.   2.056980E-6
        6400.   2.103540E-6
        6420.   1.277650E-6
        6440.   1.457100E-6
        6460.   1.923470E-6
        6480.   2.283710E-6
        6500.   2.729610E-6
        6520.   2.269090E-6
        6540.   2.059050E-6
        6560.   2.491100E-6
        6580.   2.444980E-6
        6600.   2.298900E-6
        6620.   3.151970E-6
        6640.   2.589450E-6
        6660.   2.629020E-6
        6680.   2.544150E-6
        6700.   3.058830E-6
        6720.   2.282750E-6
        6740.   3.145590E-6
        6760.   2.613270E-6
        6780.   3.337590E-6
        6800.   2.230350E-6
        6820.   2.606920E-6
        6840.   2.824100E-6
        6860.   2.365070E-6
        6880.   2.305370E-6
        6900.   2.433580E-6
        6920.   2.630580E-6
        6940.   2.441870E-6
        6960.   2.184250E-6
        6980.   2.070780E-6
        7000.   2.559150E-6
        7020.   2.355210E-6
        7040.   2.195130E-6
        7060.   2.084900E-6
        7080.   2.108860E-6
        7100.   1.310830E-6
        7120.   1.049240E-6
        7140.   2.315300E-6
        7160.   1.172320E-6
        7180.   1.774730E-6
        7200.   1.716700E-6
        7220.   2.213710E-6
        7240.   2.062830E-6
        7260.   2.157500E-6
        7280.   1.568870E-6
        7300.   2.412040E-6
        7320.   2.285560E-6
        7340.   1.022880E-6
        7360.   1.247890E-6
        7380.   2.727600E-6
        7400.   3.165380E-6
        7420.   3.023810E-6
        7440.   2.266220E-6
        7460.   2.032990E-6
        7480.   3.394240E-6
        7500.   3.127780E-6
        7520.   2.548060E-6
        7540.   3.456000E-6
        7560.   3.629690E-6
        7580.   2.953740E-6
        7600.   3.766760E-6
        7620.   3.604380E-6
        7640.   4.087620E-6
        7660.   4.043030E-6
        7680.   3.178610E-6
        7700.   3.821000E-6
        7720.   4.582020E-6
        7740.   4.764030E-6
        7760.   4.487120E-6
        7780.   4.301680E-6
        7800.   4.403660E-6
        7820.   4.334090E-6
        7840.   4.395760E-6
        7860.   5.161450E-6
        7880.   6.190570E-6
        7900.   5.570640E-6
        7920.   5.439730E-6
        7940.   5.060670E-6
        7960.   4.570480E-6
        7980.   4.898960E-6
        8000.   5.686010E-6
        8020.   5.289220E-6
        8040.   4.285510E-6
        8060.   4.408370E-6
        8080.   5.115320E-6
        8100.   5.718420E-6
        8120.   6.333010E-6
        8140.   4.974800E-6
        8160.   5.595900E-6
        8180.   5.498650E-6
        8200.   5.069790E-6
        8220.   5.416850E-6
        8240.   5.850730E-6
        8260.   6.061900E-6
        8280.   5.500090E-6
        8300.   6.030070E-6
        8320.   6.896500E-6
        8340.   7.349080E-6
        8360.   6.368700E-6
        8380.   6.209200E-6
        8400.   6.296540E-6
        8420.   5.502340E-6
        8440.   5.859550E-6
        8460.   7.123210E-6
        8480.   7.084360E-6
        8500.   9.197040E-6
        8520.   1.012120E-5
        8540.   5.743580E-6
        8600.   1.015640E-5
        8620.   8.396940E-6
        8640.   8.249770E-7
        8660.   1.913350E-6
        8680.   9.169110E-7
        8700.   9.389900E-6
        8720.   9.677920E-6
        8740.   6.356150E-6
        8760.   1.152050E-5
        8780.   1.097080E-5
        8800.   7.095160E-6
        8820.   8.966010E-6
        8840.   1.128480E-5
        8860.   4.577540E-6
        8880.   4.952900E-6
        8900.   6.875690E-6
        8920.   1.461970E-6
        8940.   8.686730E-6
        8960.   8.573660E-6
        8980.   1.437410E-6
        9000.   9.861680E-6
        9020.   1.075960E-5
        9040.   8.401310E-6
        9060.   8.562290E-6
        9080.   4.094260E-6
        9100.   9.244850E-6
        9120.   8.988500E-6
        9140.   4.658520E-6
        9160.   1.151520E-5
        9180.   9.737330E-6
        9200.   4.346930E-6
        9220.   1.057450E-5
        9240.   9.581020E-6
        9260.   4.644890E-6
        9280.   9.060250E-6
        9300.   8.803070E-6
        9320.   1.711680E-6
        9340.   4.896200E-6
        9360.   6.192880E-6
        9380.   1.062240E-5
        9400.   7.412570E-6
        9420.   2.489010E-6
        9440.   9.316910E-6
        9460.   7.259750E-6
        9480.   3.052920E-6
        9500.   7.447700E-6
        9520.   6.753030E-6
        9540.   3.974520E-6
        9560.   7.593290E-6
        9580.   5.775980E-6
        9600.   2.871310E-6
        9620.   6.788160E-6
        9640.   5.422200E-6
        9660.   2.293000E-6
        9680.   5.622650E-6
        9700.   3.505340E-6
        9720.   3.767820E-6
        9740.   6.867020E-6
        9760.   7.061400E-6
        9780.   1.030440E-5
        9800.   8.243710E-6
        9820.   7.697520E-6
        9840.   1.242400E-5
        9860.   9.540430E-6
        9880.   7.633690E-6
        9900.   1.226850E-5
        9920.   1.317630E-5
        9940.   2.797290E-6
        9960.   8.142710E-6
        9980.   9.019120E-6
       10000.   7.441100E-6
       10020.   6.651430E-6
       10040.   8.853110E-6
       10060.   7.913780E-6
       10080.   9.257890E-6
       10100.   9.339980E-6
       10120.   9.849560E-6
       10140.   6.614140E-6
       10160.   2.826700E-6
       10180.   8.566170E-6
       10200.   8.107220E-6
       10220.   7.750580E-6
       10240.   1.172040E-5
       10260.   8.293350E-6
       10280.   2.017690E-6
       10300.   6.846760E-6
       10320.   8.619030E-6
       10340.   7.037930E-6
       10360.   6.770240E-6
       10380.   9.253560E-6
       10400.   4.527650E-6
       10420.   1.080170E-5
       10440.   5.598210E-6
       10460.   5.368070E-6
       10480.   5.220670E-6
       10500.   5.941010E-6
       10520.   1.012160E-5
       10540.   3.688380E-6
       10560.   2.056970E-6
       10580.   1.259360E-5
       10600.   7.714900E-6
       10620.   3.813260E-6
       10640.   8.939720E-6
       10660.   7.310450E-6
       10680.   4.079630E-6
       10700.   1.208400E-5
       10720.   3.420320E-6
       10740.   4.813200E-6
       10760.   2.516440E-5
       10780.   5.181460E-6
       10800.   1.455890E-6
       10820.   5.205260E-6
       10840.   8.501450E-6
       10860.   2.116080E-6
       10880.   9.165200E-6
       10900.   6.682670E-6
       10920.   1.087210E-5
       10940.   8.679190E-6
       10960.   3.095990E-6
       10980.   3.648320E-6
       11000.   1.475050E-6
       11001.            0.
       11002.            0.
