        1938.            0.
        1939.            0.
        1940.   1.006230E-7
        1950.   4.239100E-8
        1960.   4.947390E-8
        1970.   5.852340E-8
        1980.   6.211890E-8
        1990.   4.760210E-8
        2000.   4.723880E-8
        2010.   5.648160E-8
        2020.   5.895260E-8
        2030.   6.400780E-8
        2040.   5.016400E-8
        2050.   5.741210E-8
        2060.   6.267310E-8
        2070.   5.189360E-8
        2080.   5.177430E-8
        2090.   5.531760E-8
        2100.   4.228970E-8
        2110.   6.753920E-8
        2120.   5.906500E-8
        2130.   3.615070E-8
        2140.   6.751030E-8
        2150.   4.335990E-8
        2160.   1.777440E-8
        2170.   3.276170E-8
        2180.   4.576360E-8
        2190.   5.513150E-8
        2200.   4.780650E-8
        2210.   4.171690E-8
        2220.   4.687830E-8
        2230.   5.039440E-8
        2240.   4.666210E-8
        2250.   4.712520E-8
        2260.   4.917760E-8
        2270.   3.809790E-8
        2280.   6.090240E-8
        2290.   6.475060E-8
        2300.   5.360440E-8
        2310.   5.386680E-8
        2320.   3.988080E-8
        2330.   3.646370E-8
        2340.   4.280530E-8
        2350.   4.597810E-8
        2360.   5.068340E-8
        2370.   1.097070E-8
        2380.   4.993650E-8
        2390.   5.564550E-8
        2400.   5.494390E-8
        2410.   3.932420E-8
        2420.   6.216440E-8
        2430.   3.114090E-8
        2440.   6.322910E-8
        2450.   3.834060E-8
        2460.   8.459760E-8
        2470.   5.384970E-8
        2480.   6.269120E-8
        2490.   6.178340E-8
        2500.   7.692410E-8
        2510.   6.505060E-8
        2520.   4.864530E-8
        2530.   5.396960E-8
        2540.   4.863850E-8
        2550.   7.612370E-8
        2560.   5.206860E-8
        2570.   7.450730E-8
        2580.   5.134900E-8
        2590.   7.801170E-8
        2600.   6.705440E-8
        2610.   7.342060E-8
        2620.   6.827270E-8
        2630.   5.834800E-8
        2640.   5.869200E-8
        2650.   8.122880E-8
        2660.   5.848120E-8
        2670.   6.806400E-8
        2680.   5.515700E-8
        2690.   5.095380E-8
        2700.   6.749100E-8
        2710.   5.855380E-8
        2720.   3.374130E-8
        2730.   7.184000E-8
        2740.   4.090780E-8
        2750.   4.929400E-8
        2760.   6.909550E-8
        2770.   4.496100E-8
        2780.   7.116220E-8
        2790.   4.794850E-8
        2800.   5.286970E-8
        2810.   5.885750E-8
        2820.   4.553210E-8
        2830.   5.873880E-8
        2840.   6.625210E-8
        2850.   7.014060E-8
        2860.   5.151750E-8
        2870.   6.980640E-8
        2880.   3.397090E-8
        2890.   9.426210E-8
        2900.   5.616210E-8
        2910.   6.827270E-8
        2920.   6.250820E-8
        2930.   6.306290E-8
        2940.   6.554320E-8
        2950.   7.553120E-8
        2960.   6.844830E-8
        2970.   5.835820E-8
        2980.   4.283100E-8
        2990.   4.726710E-8
        3000.   6.232690E-8
        3010.   8.043890E-8
        3020.   4.492470E-8
        3030.   7.248900E-8
        3040.   5.165210E-8
        3050.   6.439870E-8
        3060.   8.141920E-8
        3070.   7.864630E-8
        3080.   7.439540E-8
        3090.   9.330240E-8
        3100.   9.233350E-8
        3110.   6.135070E-8
        3120.   7.187120E-8
        3130.   6.876150E-8
        3140.   9.581070E-8
        3150.   7.863290E-8
        3160.   8.883650E-8
        3170.   7.396460E-8
        3180.   9.914780E-8
        3190.   6.597240E-8
        3200.   9.922840E-8
        3210.   7.214780E-8
        3220.   5.507660E-8
        3230.   1.112790E-7
        3240.   1.056680E-7
        3250.   6.291420E-8
        3260.   6.702680E-8
        3270.   9.321590E-8
        3280.   7.776190E-8
        3290.   1.316290E-7
        3300.   8.099140E-8
        3310.   8.751950E-8
        3320.   1.080680E-7
        3330.   5.405770E-8
        3340.   7.318800E-8
        3350.   1.081790E-7
        3360.   1.034770E-7
        3370.   7.382730E-8
        3380.   6.680570E-8
        3390.   1.150610E-7
        3400.   5.983560E-8
        3410.   6.850220E-8
        3420.   1.057100E-7
        3430.   9.424630E-8
        3440.   7.811620E-8
        3450.   5.372280E-8
        3460.   5.815060E-8
        3470.   4.297150E-8
        3480.   7.688010E-8
        3490.   1.085830E-7
        3500.   7.667940E-8
        3510.   4.873760E-8
        3520.   1.241640E-7
        3530.   5.696510E-8
        3540.   1.102530E-7
        3550.   2.814830E-8
        3560.   8.336040E-8
        3570.   9.702390E-8
        3580.   9.515680E-8
        3590.   9.367600E-8
        3600.   1.472110E-7
        3610.   7.390860E-8
        3620.   7.103640E-8
        3630.   8.002430E-8
        3640.   7.155440E-8
        3650.   7.743330E-8
        3660.   7.015720E-8
        3670.   2.634100E-8
        3680.   7.092560E-8
        3690.   9.946440E-8
        3700.   6.132140E-8
        3710.   1.033690E-7
        3720.   5.378400E-8
        3730.   7.155700E-8
        3740.   1.002910E-7
        3750.   1.261960E-7
        3760.   8.451410E-8
        3770.   1.078870E-7
        3780.   4.379070E-8
        3790.   1.179800E-7
        3800.   9.938530E-8
        3810.   1.609180E-7
        3820.   1.142020E-7
        3830.   3.402130E-8
        3840.   1.283420E-7
        3850.   6.330220E-8
        3860.   8.874630E-8
        3870.   1.043770E-7
        3880.   1.143550E-7
        3890.   9.685750E-8
        3900.   4.711710E-8
        3910.   7.873200E-8
        3920.   1.366190E-7
        3930.   1.017620E-7
        3940.   4.844630E-8
        3950.   8.219940E-8
        3960.   6.585330E-8
        3970.   5.923400E-8
        3980.   5.837220E-8
        3990.   7.949240E-8
        4000.  6.940800E-10
        4010.   6.594390E-8
        4020.   2.571850E-8
        4030.   2.844950E-8
        4040.   5.311790E-8
        4050.   6.890450E-9
        4060.   5.704040E-8
        4070.   3.681070E-8
        4080.   6.967170E-8
        4090.   1.319070E-8
        4100.  1.000230E-10
        4110.  1.000230E-10
        4120.   5.225830E-8
        4130.   3.585550E-8
        4140.   4.832470E-8
        4150.   1.645310E-8
        4160.   3.407090E-8
        4170.   7.366400E-8
        4180.   1.994840E-8
        4190.   5.500400E-8
        4200.   6.829740E-8
        4210.   2.467990E-8
        4220.   2.245020E-8
        4230.   3.025550E-8
        4240.   3.387340E-8
        4250.   6.091080E-8
        4260.   4.792710E-8
        4270.   3.124500E-8
        4280.   8.490020E-8
        4290.   7.064020E-8
        4300.   6.602350E-8
        4310.   5.502940E-8
        4320.   7.002400E-8
        4330.   5.040740E-8
        4340.   4.882360E-8
        4350.   4.425650E-8
        4360.   7.454560E-8
        4370.   7.572150E-8
        4380.   4.464670E-8
        4390.   5.830950E-8
        4400.   7.263670E-8
        4410.   8.028490E-8
        4420.   5.010160E-8
        4430.   6.129180E-8
        4440.   4.236800E-8
        4450.   3.719620E-8
        4460.   5.478190E-8
        4470.   5.615580E-8
        4480.   5.289310E-8
        4490.   4.407310E-8
        4500.   6.112500E-8
        4510.   8.959880E-8
        4520.   5.315950E-8
        4530.   6.496760E-8
        4540.   5.121250E-8
        4550.   4.293670E-8
        4560.   9.631220E-8
        4570.   3.963450E-8
        4580.   5.514410E-8
        4590.   4.012910E-8
        4600.   5.062670E-8
        4610.   1.091030E-7
        4620.   6.412340E-8
        4630.   7.149210E-8
        4640.   4.898040E-8
        4650.   7.755500E-8
        4660.   8.209170E-8
        4670.   7.044270E-8
        4680.   5.679160E-8
        4690.   9.770800E-8
        4700.   8.041720E-8
        4710.   5.763760E-8
        4720.   3.139770E-8
        4730.   8.944300E-8
        4740.   5.222680E-8
        4750.   3.701800E-8
        4760.   6.254880E-8
        4770.   5.716940E-8
        4780.   3.209420E-8
        4790.   9.468130E-8
        4800.   3.647000E-8
        4810.   5.078530E-8
        4820.   5.065240E-8
        4830.   7.743960E-8
        4840.   4.166410E-8
        4850.   3.341260E-8
        4860.   5.410980E-8
        4870.   6.662930E-8
        4880.   3.247150E-8
        4890.   3.398800E-8
        4900.   7.474740E-8
        4910.   6.208610E-8
        4920.   6.056920E-8
        4930.   3.875290E-8
        4940.   5.837490E-8
        4950.   3.910460E-8
        4960.   6.239600E-8
        4970.   4.062550E-8
        4980.   7.146050E-8
        4990.   5.455980E-8
        5000.   4.794880E-8
        5010.   4.495360E-8
        5020.   6.337240E-8
        5030.   4.663900E-8
        5040.   1.928390E-8
        5050.   5.518830E-8
        5060.   4.550680E-8
        5070.   5.381770E-8
        5080.   6.625340E-8
        5090.   6.217330E-8
        5100.   6.512350E-8
        5110.   7.611930E-8
        5120.   6.278000E-8
        5130.   8.902010E-8
        5140.   4.171820E-8
        5150.   4.726910E-8
        5160.   5.809300E-8
        5170.   4.884120E-8
        5180.   6.120410E-8
        5190.   3.764770E-8
        5200.   4.835460E-8
        5210.   7.080210E-8
        5220.   5.284430E-8
        5230.   7.268620E-8
        5240.   6.822180E-8
        5250.   3.443750E-8
        5260.   6.820230E-8
        5270.   3.137830E-8
        5280.   6.363490E-8
        5290.   6.075420E-8
        5300.   5.320570E-8
        5310.   9.510860E-8
        5320.   5.153400E-8
        5330.   6.620110E-8
        5340.   9.903800E-8
        5350.   5.424300E-8
        5360.   7.875260E-8
        5370.   5.219330E-8
        5380.   7.747590E-8
        5390.   4.552360E-8
        5400.   5.083380E-8
        5410.   6.528700E-8
        5420.   7.758110E-8
        5430.   5.231630E-8
        5440.   5.921160E-8
        5450.   5.262240E-8
        5460.   9.461390E-8
        5470.   7.514710E-8
        5480.   1.229560E-7
        5490.   5.492410E-8
        5500.   8.528250E-8
        5510.   4.161390E-8
        5520.   2.162940E-8
        5530.   7.122080E-8
        5540.   6.052610E-8
        5550.   7.105180E-8
        5560.   6.627170E-8
        5570.   2.800120E-8
        5580.   5.578370E-8
        5590.   1.331430E-7
        5600.   1.034130E-7
        5610.   6.772730E-8
        5620.   6.142680E-8
        5630.   6.433610E-8
        5640.   7.640770E-8
        5650.   3.334860E-8
        5660.   7.005480E-8
        5670.   5.931740E-8
        5680.   7.648750E-8
        5690.   8.110050E-8
        5700.   8.806890E-8
        5710.   7.234350E-9
        5720.   3.114920E-8
        5730.   7.511590E-8
        5740.   4.708720E-8
        5750.   4.975780E-8
        5760.   7.183030E-8
        5770.   7.795590E-8
        5780.   3.817650E-8
        5790.   7.370230E-8
        5800.   3.308090E-8
        5810.   6.130360E-8
        5820.   3.751310E-9
        5830.   2.839240E-8
        5840.   6.203150E-8
        5850.   1.705680E-8
        5860.   4.922650E-8
        5870.   8.873140E-9
        5880.   8.940920E-8
        5890.   1.428890E-8
        5900.   3.633740E-8
        5910.   2.510090E-8
        5920.   2.334490E-8
        5930.   1.959990E-8
        5940.   2.394560E-8
        5950.   5.941170E-8
        5960.   2.506280E-8
        5970.   4.244520E-8
        5980.  1.000230E-10
        5990.   1.225930E-8
        6000.  1.000230E-10
        6010.   3.457400E-8
        6020.   3.554840E-8
        6030.   2.276420E-8
        6040.   3.750400E-8
        6050.   3.018300E-8
        6060.  1.000230E-10
        6070.  1.000230E-10
        6080.   3.103060E-8
        6090.   3.312650E-8
        6100.   3.152360E-8
        6110.   4.441520E-8
        6120.   1.555710E-8
        6130.   4.833040E-8
        6140.  1.000230E-10
        6150.   9.827220E-9
        6160.   3.993970E-8
        6170.   3.118680E-8
        6180.   5.455290E-8
        6190.   3.357210E-8
        6200.   1.720230E-9
        6210.   3.082130E-8
        6220.   2.029830E-8
        6230.   4.874550E-8
        6240.   3.389150E-8
        6250.   5.241080E-8
        6260.   2.294250E-8
        6270.   4.761080E-8
        6280.   5.518760E-8
        6290.   2.229400E-8
        6300.   4.853310E-8
        6310.   4.993740E-8
        6320.   3.067130E-8
        6330.   2.893300E-8
        6340.   5.164890E-8
        6350.   5.003200E-8
        6360.   4.941600E-8
        6370.   4.241940E-8
        6380.   3.279650E-8
        6390.   2.640940E-8
        6400.   2.716960E-8
        6410.   5.979530E-8
        6420.   5.184420E-8
        6430.   4.387600E-8
        6440.   3.689210E-8
        6450.   3.941230E-8
        6460.   1.875890E-8
        6470.   5.964030E-8
        6480.   6.535130E-8
        6490.  1.000230E-10
        6500.   8.063470E-8
        6510.   8.204610E-8
        6520.   5.007230E-8
        6530.   2.028070E-8
        6540.   4.127070E-8
        6550.   3.558060E-8
        6560.   8.134750E-8
        6570.   1.966870E-8
        6580.   8.367950E-8
        6590.   4.032700E-8
        6600.   3.515830E-8
        6610.   8.488740E-8
        6620.   5.803540E-8
        6630.   3.956220E-8
        6640.   1.151800E-7
        6650.   9.932070E-8
        6660.   3.947210E-8
        6670.   6.498720E-8
        6680.   3.166990E-8
        6690.   1.072600E-7
        6700.   8.959540E-8
        6710.   8.475080E-8
        6720.   4.749370E-8
        6730.   7.497670E-8
        6740.   9.639050E-8
        6750.   6.513810E-8
        6760.   3.015480E-8
        6770.   8.706710E-8
        6780.   8.813010E-8
        6790.   8.601900E-8
        6800.   1.039650E-7
        6810.   7.942050E-8
        6820.   7.641590E-8
        6830.   8.674570E-8
        6840.   8.130110E-8
        6850.   5.367810E-8
        6860.   3.518960E-8
        6870.   6.940760E-8
        6880.   5.681830E-8
        6890.   5.736100E-8
        6900.   4.706570E-8
        6910.   7.841970E-8
        6920.   6.125010E-8
        6930.   7.985220E-8
        6940.   5.079710E-8
        6950.   9.697550E-8
        6960.   6.897390E-8
        6970.   9.176520E-8
        6980.   1.126080E-7
        6990.   6.966510E-8
        7000.   9.938320E-8
        7010.   7.245530E-8
        7020.   5.882150E-8
        7030.   7.418960E-8
        7040.   6.520290E-8
        7050.   5.871210E-8
        7060.   6.741910E-8
        7070.   6.145690E-8
        7080.   6.315620E-8
        7090.   5.963490E-8
        7100.   8.944170E-8
        7110.   3.479170E-8
        7120.   6.397100E-8
        7130.   5.446080E-8
        7140.   6.241890E-8
        7150.   8.226810E-8
        7160.   6.525370E-8
        7170.   9.548260E-8
        7180.   7.398880E-8
        7190.   4.816880E-8
        7200.   8.399840E-8
        7210.   6.074260E-8
        7220.   3.885650E-8
        7230.   6.565980E-8
        7240.   9.048470E-8
        7250.   7.818190E-8
        7260.   7.848430E-8
        7270.   6.584460E-8
        7280.   9.670150E-8
        7290.   7.793130E-8
        7300.   9.703130E-8
        7310.   4.647870E-8
        7320.   3.952110E-8
        7330.   9.094800E-8
        7340.   7.040220E-8
        7350.   7.188990E-8
        7360.   4.709140E-8
        7370.   7.156600E-8
        7380.   9.754170E-8
        7390.   2.877190E-8
        7400.   7.489130E-8
        7410.   9.013340E-8
        7420.   1.067010E-7
        7430.   7.157560E-8
        7440.   5.876360E-8
        7450.   2.909490E-8
        7460.   5.895520E-8
        7470.   6.988600E-8
        7480.   7.504120E-8
        7490.   7.587040E-8
        7500.   5.269960E-8
        7510.   9.497640E-8
        7520.   9.707360E-8
        7530.   8.857270E-8
        7540.   1.397060E-7
        7550.   9.564100E-8
        7560.   1.007970E-7
        7570.   1.071350E-7
        7580.   1.133620E-7
        7590.   7.904970E-8
        7600.   1.201370E-7
        7610.   8.532370E-8
        7620.   9.248130E-8
        7630.   7.306600E-8
        7640.   1.078610E-7
        7650.   1.259970E-7
        7660.   1.099920E-7
        7670.   1.062570E-7
        7680.   1.120760E-7
        7690.   1.093460E-7
        7700.   1.319190E-7
        7710.   1.551470E-7
        7720.   1.308110E-7
        7730.   2.011410E-7
        7740.   1.244050E-7
        7750.   1.810470E-7
        7760.   2.165900E-7
        7770.   2.192000E-7
        7780.   2.193910E-7
        7790.   2.440100E-7
        7800.   3.089820E-7
        7810.   3.621550E-7
        7820.   4.020480E-7
        7830.   4.726070E-7
        7840.   4.964530E-7
        7850.   6.388030E-7
        7860.   7.366040E-7
        7870.   8.601520E-7
        7880.   1.059090E-6
        7890.   1.265820E-6
        7900.   1.478260E-6
        7910.   1.757290E-6
        7920.   2.226980E-6
        7930.   2.702230E-6
        7940.   3.426370E-6
        7950.   4.228650E-6
        7960.   5.266460E-6
        7970.   6.720350E-6
        7980.   8.670170E-6
        7990.   1.083040E-5
        8000.   1.402260E-5
        8010.   1.799140E-5
        8020.   2.293300E-5
        8030.   2.976460E-5
        8040.   3.799790E-5
        8050.   3.600000E-5
        8060.   5.200000E-5
        8070.   6.600000E-5
        8080.   8.600000E-5
        8090.   1.160000E-4
        8100.   1.470000E-4
        8110.   1.860000E-4
        8120.   2.400000E-4
        8130.   3.250000E-4
        8140.   4.230000E-4
        8150.   5.410000E-4
        8160.   7.030000E-4
        8170.   8.930000E-4
        8180.      0.001175
        8190.      0.001497
        8200.      0.001923
        8210.      0.002482
        8220.      0.003221
        8230.       0.00415
        8240.      0.005272
        8250.      0.006681
        8260.      0.008502
        8270.      0.010766
        8280.      0.013561
        8290.      0.016888
        8300.      0.021052
        8310.      0.026088
        8320.      0.032109
        8330.      0.039271
        8340.      0.047768
        8350.      0.057544
        8360.      0.068921
        8370.      0.081712
        8380.      0.095844
        8390.      0.111471
        8400.      0.129096
        8410.      0.148253
        8420.      0.169046
        8430.      0.191266
        8440.      0.216289
        8450.      0.240879
        8460.      0.266184
        8470.      0.292014
        8480.      0.318486
        8490.      0.345392
        8500.      0.371981
        8510.       0.39869
        8520.      0.424495
        8530.       0.45038
        8540.      0.475291
        8550.       0.50025
        8560.      0.523542
        8570.      0.546711
        8580.      0.568481
        8590.      0.588909
        8600.      0.609285
        8610.      0.628021
        8620.      0.646615
        8630.      0.664601
        8640.      0.680315
        8650.      0.697348
        8660.       0.71161
        8670.        0.7263
        8680.      0.739742
        8690.      0.751193
        8700.       0.76298
        8710.      0.773646
        8720.      0.785699
        8730.      0.795184
        8740.      0.803243
        8750.      0.812045
        8760.      0.820774
        8770.      0.828592
        8780.      0.835176
        8790.      0.841078
        8800.      0.845671
        8810.      0.853532
        8820.      0.860462
        8830.       0.86541
        8840.      0.868834
        8850.      0.871801
        8860.      0.878273
        8870.      0.882149
        8880.      0.885801
        8890.      0.889937
        8900.      0.892258
        8910.       0.89703
        8920.      0.903214
        8930.      0.901075
        8940.      0.902739
        8950.      0.903248
        8960.      0.909601
        8970.       0.90923
        8980.      0.914239
        8990.      0.914291
        9000.      0.916464
        9010.      0.916854
        9020.      0.921582
        9030.      0.925018
        9040.      0.923738
        9050.      0.923565
        9060.      0.925058
        9070.      0.926482
        9080.       0.92728
        9090.      0.929323
        9100.       0.93102
        9110.      0.931068
        9120.      0.932075
        9130.      0.932526
        9140.      0.932418
        9150.       0.93398
        9160.      0.933619
        9170.      0.935498
        9180.      0.935351
        9190.      0.936037
        9200.      0.935969
        9210.      0.937034
        9220.      0.939746
        9230.      0.938869
        9240.      0.939539
        9250.      0.938585
        9260.      0.940198
        9270.      0.940358
        9280.      0.940552
        9290.      0.940813
        9300.      0.940762
        9310.      0.941758
        9320.      0.941754
        9330.      0.941983
        9340.      0.942298
        9350.      0.941978
        9360.      0.942347
        9370.      0.944378
        9380.      0.943745
        9390.      0.943811
        9400.      0.943948
        9410.      0.944913
        9420.      0.944305
        9430.      0.944314
        9440.      0.944687
        9450.      0.945263
        9460.      0.944116
        9470.      0.945965
        9480.      0.945704
        9490.      0.945531
        9500.      0.945846
        9510.      0.945806
        9520.      0.945473
        9530.      0.946766
        9540.      0.946351
        9550.      0.946718
        9560.      0.946704
        9570.      0.946894
        9580.      0.946612
        9590.      0.947331
        9600.      0.947373
        9610.      0.946898
        9620.       0.94741
        9630.      0.947373
        9640.       0.94725
        9650.      0.948113
        9660.       0.94775
        9670.      0.947836
        9680.       0.94852
        9690.      0.948678
        9700.      0.947951
        9710.      0.948175
        9720.       0.94859
        9730.      0.948326
        9740.      0.948677
        9750.      0.948643
        9760.      0.948876
        9770.      0.949551
        9780.      0.948927
        9790.      0.949294
        9800.      0.949158
        9810.      0.949297
        9820.      0.949622
        9830.      0.949503
        9840.       0.94958
        9850.      0.950481
        9860.      0.950136
        9870.      0.950325
        9880.      0.950189
        9890.      0.950841
        9900.      0.950604
        9910.      0.950178
        9920.      0.950324
        9930.      0.950092
        9940.      0.950218
        9950.      0.950752
        9960.       0.95043
        9970.      0.950656
        9980.       0.95116
        9990.      0.951301
       10000.       0.95121
       10010.      0.951356
       10020.      0.952001
       10030.      0.951491
       10040.      0.951514
       10050.      0.951998
       10060.      0.951664
       10070.      0.951929
       10080.      0.952355
       10090.      0.952362
       10100.      0.952256
       10110.       0.95218
       10120.      0.952698
       10130.       0.95227
       10140.      0.952244
       10150.      0.953349
       10160.      0.952393
       10170.      0.952962
       10180.       0.95323
       10190.      0.953071
       10200.      0.953217
       10210.      0.953454
       10220.      0.953121
       10230.       0.95336
       10240.      0.953468
       10250.        0.9535
       10260.      0.954182
       10270.      0.953955
       10280.      0.953816
       10290.      0.954268
       10300.      0.954128
       10310.      0.954066
       10320.      0.954266
       10330.      0.954629
       10340.      0.955025
       10350.      0.954424
       10360.      0.954907
       10370.      0.954886
       10380.      0.955528
       10390.      0.955304
       10400.      0.955081
       10410.      0.955269
       10420.       0.95526
       10430.      0.955741
       10440.      0.955835
       10450.      0.955926
       10460.      0.955922
       10470.        0.9559
       10480.      0.955847
       10490.      0.956401
       10500.      0.956446
       10510.       0.95637
       10520.      0.956275
       10530.      0.956884
       10540.      0.956647
       10550.        0.9569
       10560.      0.956995
       10570.      0.957097
       10580.      0.957224
       10590.      0.957046
       10600.      0.957321
       10610.      0.957351
       10620.       0.95754
       10630.      0.957427
       10640.      0.957875
       10650.      0.957958
       10660.       0.95777
       10670.      0.957974
       10680.      0.958169
       10690.      0.958191
       10700.      0.958257
       10710.      0.958268
       10720.      0.958197
       10730.      0.958471
       10740.      0.958751
       10750.      0.958733
       10760.      0.958657
       10770.      0.959059
       10780.      0.958761
       10790.      0.959364
       10800.       0.95924
       10810.      0.959122
       10820.       0.95951
       10830.      0.959434
       10840.      0.959149
       10850.        0.9597
       10860.      0.959501
       10870.      0.959704
       10880.      0.959644
       10890.      0.960272
       10900.      0.960003
       10910.      0.960238
       10920.      0.959935
       10930.       0.96036
       10940.      0.960575
       10950.       0.96034
       10960.      0.960283
       10970.      0.960169
       10980.      0.960392
       10990.      0.960417
       11000.      0.960702
       11001.            0.
       11002.            0.
