        1938.            0.
        1939.            0.
        1940.   5.470130E-8
        1950.   8.708850E-8
        1960.   6.895820E-8
        1970.   7.804040E-8
        1980.   1.174330E-7
        1990.   1.125650E-7
        2000.   6.773980E-8
        2010.   5.815060E-8
        2020.   8.254410E-8
        2030.   7.766350E-8
        2040.   8.628750E-8
        2050.   2.866160E-8
        2060.   8.848610E-8
        2070.   8.527570E-8
        2080.   5.197530E-8
        2090.   8.053180E-8
        2100.   5.065630E-8
        2110.   7.656160E-8
        2120.   6.292140E-8
        2130.   1.076690E-7
        2140.   3.756750E-8
        2150.   6.923720E-8
        2160.   6.926570E-8
        2170.   5.230230E-8
        2180.   4.209890E-8
        2190.   7.354140E-8
        2200.   4.990790E-8
        2210.   5.126820E-8
        2220.   5.029150E-8
        2230.   6.352370E-8
        2240.   6.149300E-8
        2250.   3.887780E-8
        2260.   4.612900E-8
        2270.   7.772630E-8
        2280.   3.649200E-8
        2290.   5.438960E-8
        2300.   4.908330E-8
        2310.   4.163800E-8
        2320.   8.551520E-8
        2330.   6.087760E-8
        2340.   5.034990E-8
        2350.   5.048450E-8
        2360.   6.193210E-8
        2370.   4.907700E-8
        2380.   4.694240E-8
        2390.   6.010460E-8
        2400.   5.308830E-8
        2410.   4.659510E-8
        2420.   7.347830E-8
        2430.   3.644090E-8
        2440.   5.200570E-8
        2450.   5.843280E-8
        2460.   3.548770E-8
        2470.   3.285380E-8
        2480.   6.239530E-8
        2490.   2.499710E-8
        2500.   4.898780E-8
        2510.   7.407370E-8
        2520.   8.508440E-8
        2530.   2.649240E-8
        2540.   5.658560E-8
        2550.   7.463420E-8
        2560.   7.790100E-8
        2570.   6.516060E-8
        2580.   5.055490E-8
        2590.   4.989830E-8
        2600.   9.769270E-8
        2610.   5.260910E-8
        2620.   4.410780E-8
        2630.   7.523300E-8
        2640.   8.736710E-8
        2650.   7.981990E-8
        2660.   4.594900E-8
        2670.   6.605810E-8
        2680.   8.534730E-8
        2690.   6.888890E-8
        2700.   7.845780E-8
        2710.   8.062670E-8
        2720.   6.858910E-8
        2730.   9.945000E-8
        2740.   1.295420E-7
        2750.   1.467040E-7
        2760.   1.497690E-7
        2770.   1.852440E-7
        2780.   2.262880E-7
        2790.   2.543400E-7
        2800.   3.070040E-7
        2810.   4.173460E-7
        2820.   4.455950E-7
        2830.   6.576310E-7
        2840.   8.700760E-7
        2850.   1.160300E-6
        2860.   1.446280E-6
        2870.   1.720340E-6
        2880.   1.968590E-6
        2890.   2.072260E-6
        2900.   2.122300E-6
        2910.   2.055480E-6
        2920.   1.994360E-6
        2930.   1.884430E-6
        2940.   1.635530E-6
        2950.   1.401030E-6
        2960.   1.080590E-6
        2970.   7.784470E-7
        2980.   5.384190E-7
        2990.   3.222610E-7
        3000.   2.235220E-7
        3010.   1.755400E-7
        3020.   2.277410E-7
        3030.   3.365820E-7
        3040.   5.164170E-7
        3050.   6.570820E-7
        3060.   8.063640E-7
        3070.   9.432050E-7
        3080.   9.988470E-7
        3090.   1.048960E-6
        3100.   9.530330E-7
        3110.   9.189720E-7
        3120.   8.226670E-7
        3130.   8.358240E-7
        3140.   6.909610E-7
        3150.   6.243650E-7
        3160.   5.362090E-7
        3170.   5.485100E-7
        3180.   5.031350E-7
        3190.   5.260500E-7
        3200.   6.289930E-7
        3210.   5.800070E-7
        3220.   6.349990E-7
        3230.   6.427650E-7
        3240.   6.858670E-7
        3250.   7.233860E-7
        3260.   7.568450E-7
        3270.   7.402540E-7
        3280.   7.196010E-7
        3290.   6.420350E-7
        3300.   5.833710E-7
        3310.   5.005080E-7
        3320.   3.946720E-7
        3330.   3.047900E-7
        3340.   2.255560E-7
        3350.   1.666860E-7
        3360.   7.415750E-8
        3370.   7.033000E-8
        3380.   9.820410E-8
        3390.   1.033670E-7
        3400.   1.436600E-7
        3410.   1.397550E-7
        3420.   1.169950E-7
        3430.   8.332490E-8
        3440.   9.937070E-8
        3450.   1.030340E-7
        3460.   6.864740E-8
        3470.   6.991530E-8
        3480.   1.192450E-7
        3490.   9.539730E-8
        3500.   1.138310E-7
        3510.   1.338130E-7
        3520.   1.232240E-7
        3530.   9.620730E-8
        3540.   8.957670E-8
        3550.   1.324860E-7
        3560.   1.098290E-7
        3570.   1.741480E-7
        3580.   1.808750E-7
        3669.   5.600000E-5
        3670.   9.100000E-5
        3671.   5.100000E-5
        3672.   7.900000E-5
        3673.   1.280000E-4
        3674.   9.100000E-5
        3675.   1.250000E-4
        3676.   1.630000E-4
        3677.   1.900000E-4
        3678.   2.190000E-4
        3679.   2.460000E-4
        3680.   3.610000E-4
        3681.   4.140000E-4
        3682.   4.890000E-4
        3683.   6.370000E-4
        3684.   7.800000E-4
        3685.      0.001063
        3686.      0.001313
        3687.      0.001653
        3688.      0.002098
        3689.      0.002722
        3690.      0.003493
        3691.      0.004647
        3692.       0.00596
        3693.      0.008044
        3694.      0.010871
        3695.       0.01482
        3696.      0.020586
        3697.      0.028705
        3698.      0.040884
        3699.      0.058724
        3700.      0.085338
        3701.      0.122817
        3702.      0.175469
        3703.      0.246481
        3704.      0.331343
        3705.      0.433407
        3706.      0.530935
        3707.      0.623062
        3708.      0.685135
        3709.      0.724731
        3710.      0.740994
        3711.      0.744671
        3712.      0.745101
        3713.      0.742093
        3714.      0.740411
        3715.      0.742923
        3716.      0.748466
        3717.      0.753047
        3718.      0.761491
        3719.      0.765244
        3720.      0.772762
        3721.      0.775856
        3722.      0.780475
        3723.      0.782777
        3724.      0.784488
        3725.      0.782871
        3726.      0.781992
        3727.      0.781824
        3728.       0.77926
        3729.      0.777371
        3730.      0.776884
        3731.       0.77728
        3732.      0.776037
        3733.      0.776597
        3734.      0.776442
        3735.      0.776754
        3736.      0.778497
        3737.      0.781102
        3738.      0.781748
        3739.      0.782884
        3740.      0.783137
        3741.      0.781737
        3742.      0.782135
        3743.      0.778106
        3744.      0.773161
        3745.      0.762269
        3746.      0.747469
        3747.      0.726398
        3748.      0.703807
        3749.      0.669391
        3750.       0.62723
        3751.      0.577077
        3752.      0.519839
        3753.      0.459858
        3754.      0.392852
        3755.      0.330713
        3756.      0.272792
        3757.      0.221989
        3758.      0.178385
        3759.      0.138996
        3760.      0.107536
        3761.      0.083454
        3762.      0.064018
        3763.      0.048928
        3764.      0.037134
        3765.      0.028292
        3766.       0.02171
        3767.      0.016564
        3768.      0.012794
        3769.      0.009936
        3770.      0.007814
        3771.      0.006224
        3772.      0.004797
        3773.      0.003852
        3774.      0.003038
        3775.      0.002467
        3776.      0.002025
        3777.      0.001582
        3778.      0.001294
        3779.      0.001003
        3780.   8.300000E-4
        3781.   6.970000E-4
        3782.   5.990000E-4
        3783.   4.720000E-4
        3784.   4.020000E-4
        3785.   3.880000E-4
        3786.   2.840000E-4
        3787.   2.450000E-4
        3788.   2.270000E-4
        3789.   1.860000E-4
        3790.   1.820000E-4
        3791.   1.050000E-4
        3792.   1.150000E-4
        3793.   1.010000E-4
        3794.   9.400000E-5
        3795.   7.400000E-5
        3796.   7.300000E-5
        3797.   7.700000E-5
        3798.   7.200000E-5
        3799.   4.500000E-5
        3800.   6.100000E-5
        3801.   4.600000E-5
        3802.   2.500000E-5
        3803.   2.800000E-5
        3804.   1.600000E-5
        3805.   1.400000E-5
        3806.   2.000000E-5
        3880.   3.307360E-7
        3890.   3.031920E-7
        3900.   2.313150E-7
        3910.   2.466730E-7
        3920.   2.762600E-7
        3930.   3.049200E-7
        3940.   2.407880E-7
        3950.   2.203840E-7
        3960.   2.545300E-7
        3970.   2.751690E-7
        3980.   2.277230E-7
        3990.   2.713560E-7
        4000.   2.356610E-7
        4010.   2.517800E-7
        4020.   2.025750E-7
        4030.   2.225130E-7
        4040.   2.541600E-7
        4050.   1.895630E-7
        4060.   2.716690E-7
        4070.   2.581650E-7
        4080.   2.531140E-7
        4090.   2.720150E-7
        4100.   2.519120E-7
        4110.   2.441360E-7
        4120.   2.300540E-7
        4130.   2.274810E-7
        4140.   1.750080E-7
        4150.   1.421780E-7
        4160.   1.308440E-7
        4170.   1.580420E-7
        4180.   1.346420E-7
        4190.   8.375100E-8
        4200.   9.102340E-8
        4210.   6.525110E-8
        4220.   1.185810E-7
        4230.   2.575480E-7
        4240.   1.034430E-6
        4250.   2.604130E-6
        4260.   4.692350E-6
        4270.   6.695020E-6
        4280.   8.093470E-6
        4290.   8.317470E-6
        4300.   7.945770E-6
        4310.   7.476610E-6
        4320.   7.189510E-6
        4330.   7.228150E-6
        4340.   7.152410E-6
        4350.   6.658330E-6
        4360.   5.913110E-6
        4370.   5.168040E-6
        4380.   4.553970E-6
        4390.   4.074100E-6
        4400.   3.824010E-6
        4410.   3.386620E-6
        4420.   2.923190E-6
        4430.   2.377950E-6
        4440.   1.974120E-6
        4450.   1.644770E-6
        4460.   1.489130E-6
        4470.   1.345000E-6
        4480.   1.206150E-6
        4490.   9.853170E-7
        4500.   8.239510E-7
        4510.   6.933510E-7
        4520.   5.460260E-7
        4530.   4.534720E-7
        4540.   3.195640E-7
        4550.   2.633350E-7
        4560.   2.375660E-7
        4570.   1.755480E-7
        4580.   1.518320E-7
        4590.   1.058180E-7
        4600.   1.509190E-7
        4610.   1.585350E-7
        4620.   1.770830E-7
        4630.   2.382690E-7
        4640.   2.859860E-7
        4650.   4.049290E-7
        4660.   4.655740E-7
        4670.   4.204650E-7
        4680.   3.777270E-7
        4690.   2.681080E-7
        4700.   1.975380E-7
        4710.   1.783010E-7
        4720.   1.302310E-7
        4730.   1.218490E-7
        4740.   1.365710E-7
        4750.   1.355060E-7
        4760.   1.440150E-7
        4770.   1.833100E-7
        4780.   1.948240E-7
        4790.   2.582110E-7
        4800.   2.093360E-7
        4810.   2.083530E-7
        4820.   1.706380E-7
        4830.   1.554930E-7
        4840.   1.683920E-7
        4850.   1.273420E-7
        4860.   8.884190E-8
        4870.   6.262650E-8
        4880.   1.110120E-9
        4890.   1.235900E-7
        4900.   5.195660E-8
        4910.   7.886620E-8
        4920.   6.154110E-8
        4930.   1.257140E-7
        4940.   1.040270E-7
        4950.   7.797590E-8
        4960.   1.160710E-7
        4970.   8.286960E-8
        4980.   8.926560E-8
        4990.   8.901880E-8
        5000.   1.188140E-7
        5010.   9.749580E-8
        5020.   9.108120E-8
        5030.   9.066710E-8
        5040.   9.200530E-8
        5050.   1.124410E-7
        5060.   5.918320E-8
        5070.   7.150560E-8
        5080.   7.643410E-8
        5090.   7.858890E-8
        5100.   6.734230E-8
        5110.   7.514590E-8
        5120.   9.084160E-8
        5130.   9.530440E-8
        5140.   8.442670E-8
        5150.   8.021750E-8
        5160.   8.671410E-8
        5170.   1.164190E-7
        5180.   7.872500E-8
        5190.   8.233600E-8
        5200.   8.349300E-8
        5210.   9.749110E-8
        5220.   8.781090E-8
        5230.   6.502560E-8
        5240.   1.000930E-7
        5250.   9.999400E-8
        5260.   1.425730E-7
        5270.   1.760160E-7
        5280.   2.169400E-7
        5290.   3.119410E-7
        5300.   3.253910E-7
        5310.   3.742700E-7
        5320.   4.198740E-7
        5330.   4.518750E-7
        5340.   3.701490E-7
        5350.   2.796340E-7
        5360.   1.850920E-7
        5370.   1.578560E-7
        5380.   1.321390E-7
        5390.   1.121320E-7
        5400.   1.073830E-7
        5410.   8.898930E-8
        5420.   2.090500E-7
        5430.   1.846920E-7
        5440.   2.767160E-7
        5450.   3.076150E-7
        5460.   4.118070E-7
        5470.   6.217040E-7
        5480.   8.415760E-7
        5490.   1.134440E-6
        5500.   1.444820E-6
        5510.   1.737540E-6
        5520.   1.898890E-6
        5530.   1.957040E-6
        5540.   2.061650E-6
        5550.   2.033880E-6
        5560.   2.019210E-6
        5570.   1.950630E-6
        5580.   1.959950E-6
        5590.   2.025880E-6
        5600.   2.035530E-6
        5610.   2.088360E-6
        5620.   2.183000E-6
        5630.   2.277410E-6
        5640.   2.301550E-6
        5650.   2.367980E-6
        5660.   2.312500E-6
        5670.   2.264590E-6
        5680.   2.072450E-6
        5690.   1.960740E-6
        5700.   1.786550E-6
        5710.   1.502470E-6
        5720.   1.294270E-6
        5730.   1.072670E-6
        5740.   8.439530E-7
        5750.   6.581020E-7
        5760.   5.064960E-7
        5770.   3.748210E-7
        5780.   2.342480E-7
        5790.   2.394610E-7
        5800.   1.525300E-7
        5810.   1.165690E-7
        5820.   8.576660E-8
        5830.   1.180380E-7
        5840.   1.045050E-7
        5850.   9.297150E-8
        5860.   6.393840E-8
        5870.   5.918230E-8
        5880.   8.703620E-8
        5890.   1.048770E-7
        5900.   8.047240E-8
        5910.   2.690390E-8
        5920.   1.229460E-7
        5930.   7.025760E-8
        5940.   1.237790E-7
        5950.   1.043820E-7
        5960.   1.073830E-7
        5970.   8.267290E-8
        5980.   1.208090E-7
        5990.   1.145400E-7
        6000.   1.174030E-7
        6010.   1.036910E-7
        6020.   6.787690E-8
        6030.   6.751450E-8
        6040.   5.744980E-8
        6050.   5.773480E-8
        6060.   3.156170E-8
        6070.   3.890190E-8
        6080.   6.230090E-8
        6090.   6.759720E-8
        6100.   2.624550E-8
        6110.   5.869470E-8
        6120.   7.010850E-8
        6130.   9.003310E-8
        6140.   6.836630E-8
        6150.   8.129130E-8
        6160.   7.970660E-8
        6170.   8.924610E-8
        6180.   7.222020E-8
        6190.   4.106420E-8
        6200.   6.747210E-8
        6210.   6.214710E-8
        6220.   7.555790E-8
        6230.   7.223390E-8
        6240.   7.161420E-8
        6250.   5.097120E-8
        6260.   5.808220E-8
        6270.   7.075870E-8
        6280.   2.112400E-8
        6290.   1.980710E-9
        6300.   4.755720E-8
        6310.   6.376690E-8
        6320.   4.101140E-8
        6330.   6.819700E-8
        6340.   9.041420E-8
        6350.   6.113700E-8
        6360.   1.061720E-7
        6370.   1.044550E-7
        6380.   8.804690E-8
        6390.   1.031640E-7
        6400.   7.673000E-8
        6410.   6.746030E-8
        6420.   5.639310E-8
        6430.   7.933210E-8
        6440.   7.646500E-8
        6450.   1.004140E-7
        6460.   7.998880E-8
        6470.   1.331400E-7
        6480.   4.536720E-8
        6490.   9.161200E-8
        6500.   7.704580E-8
        6510.   9.981690E-8
        6520.   9.925790E-8
        6530.   1.086300E-7
        6540.   7.508640E-8
        6550.   6.946860E-8
        6560.   5.327930E-8
        6570.   8.427480E-8
        6580.   4.332890E-8
        6590.   4.977900E-8
        6600.   8.209130E-8
        6610.   1.513490E-7
        6620.   1.065070E-7
        6630.   1.103770E-7
        6640.   1.278700E-7
        6650.   1.098720E-7
        6660.   8.400040E-8
        6670.   5.770660E-8
        6680.   6.198090E-8
        6690.   1.224200E-7
        6700.   1.288400E-7
        6710.   1.032810E-7
        6720.   1.400380E-7
        6730.   1.134720E-7
        6740.   1.343910E-7
        6750.   4.948570E-8
        6760.   8.925770E-8
        6770.   5.267100E-8
        6780.   8.644030E-8
        6790.   1.206390E-7
        6800.   1.192090E-7
        6810.   1.656940E-7
        6820.   1.472390E-7
        6830.   1.701390E-7
        6840.   1.829040E-7
        6850.   2.058710E-7
        6860.   2.384430E-7
        6870.   2.555750E-7
        6880.   3.225950E-7
        6890.   3.310980E-7
        6900.   3.667850E-7
        6910.   4.427450E-7
        6920.   4.898280E-7
        6930.   5.385690E-7
        6940.   6.022560E-7
        6950.   5.827740E-7
        6960.   5.982510E-7
        6970.   6.903560E-7
        6980.   6.934560E-7
        6990.   7.685870E-7
        7000.   7.274580E-7
        7010.   7.381930E-7
        7020.   6.890040E-7
        7030.   6.309180E-7
        7040.   5.829170E-7
        7050.   5.470320E-7
        7060.   5.166710E-7
        7070.   4.801410E-7
        7080.   4.321940E-7
        7090.   3.624170E-7
        7100.   3.838150E-7
        7110.   3.132370E-7
        7120.   2.533840E-7
        7130.   2.371990E-7
        7140.   1.673260E-7
        7150.   1.901620E-7
        7160.   2.213380E-7
        7170.   1.385700E-7
        7180.   1.441100E-7
        7190.   9.019240E-8
        7200.   1.289660E-7
        7210.   1.073010E-7
        7220.   1.545940E-7
        7230.   1.418350E-7
        7240.   1.093460E-7
        7250.   1.117190E-7
        7260.   1.117520E-7
        7270.   8.808070E-8
        7280.   1.267280E-7
        7290.   1.079440E-7
        7300.   1.087700E-7
        7310.   8.369260E-8
        7320.   7.885750E-8
        7330.   6.443380E-8
        7340.   1.037250E-7
        7350.   1.092520E-7
        7360.   9.890400E-8
        7370.   1.224630E-7
        7380.   1.237380E-7
        7390.   1.269390E-7
        7400.   1.575110E-7
        7410.   1.183150E-7
        7420.   1.146350E-7
        7430.   1.559730E-7
        7440.   1.247430E-7
        7450.   1.255530E-7
        7460.   1.066130E-7
        7470.   8.753450E-8
        7480.   8.958350E-8
        7490.   5.539860E-8
        7500.   2.648990E-8
        7510.   5.682850E-8
        7520.   6.023690E-8
        7530.   9.163830E-8
        7540.   9.394100E-8
        7550.   6.625870E-8
        7560.   1.403540E-7
        7570.   7.488590E-8
        7580.   1.102570E-7
        7590.   7.519870E-8
        7600.   1.054700E-7
        7610.   8.129670E-8
        7620.   1.144830E-7
        7630.   8.359530E-8
        7640.   1.178360E-7
        7650.   7.062720E-8
        7660.   9.319600E-8
        7670.   1.122600E-7
        7680.   8.194530E-8
        7690.   7.190450E-8
        7700.   8.541010E-8
        7710.   8.790160E-8
        7720.   7.739890E-8
        7730.   6.476210E-8
        7740.   7.338020E-8
        7750.   6.185150E-8
        7760.   6.791800E-8
        7770.   2.747320E-8
        7780.   8.219080E-8
        7790.   2.353230E-8
        7800.   7.500220E-8
        7810.   8.539320E-8
        7820.   1.827010E-8
        7830.   5.080850E-8
        7840.   1.661040E-8
        7850.   6.184080E-8
        7860.   3.910620E-8
        7870.   6.553510E-8
        7880.   6.978930E-8
        7890.   1.357060E-7
        7900.   8.200160E-8
        7910.   1.079170E-7
        7920.   9.680320E-8
        7930.   1.174660E-7
        7940.   2.042550E-8
        7950.   1.480970E-8
        7960.   5.196900E-8
        7970.   3.633440E-8
        7980.   5.811860E-8
        7990.   6.862640E-8
        8000.   8.001490E-8
        8010.   1.110070E-7
        8020.   8.011080E-8
        8030.   8.834440E-8
        8040.   8.010670E-8
        8050.   1.031780E-7
        8060.   1.101590E-7
        8070.   1.068960E-7
        8080.   1.044050E-7
        8090.   8.777830E-8
        8100.   1.191930E-7
        8110.   9.801800E-8
        8120.   1.584680E-7
        8130.   6.871260E-8
        8140.   1.148360E-7
        8150.   1.477600E-7
        8160.   1.116940E-7
        8170.   9.460000E-8
        8180.   6.521010E-8
        8190.   1.099850E-7
        8200.   1.299500E-7
        8210.   9.953920E-8
        8220.   6.194210E-8
        8230.   6.329990E-8
        8240.   6.466960E-8
        8250.   8.887630E-8
        8260.   9.866930E-8
        8270.   1.212690E-7
        8280.   4.842950E-8
        8290.   5.945360E-8
        8300.   1.300410E-7
        8310.   1.460140E-7
        8320.   7.674830E-8
        8330.   1.017660E-7
        8340.   1.093950E-7
        8350.   1.522390E-7
        8360.   8.790900E-8
        8370.   1.000040E-7
        8380.   1.454200E-7
        8390.   1.179920E-7
        8400.   8.121140E-8
        8410.   1.250370E-7
        8420.   8.310570E-8
        8430.   9.685540E-8
        8440.   9.155630E-8
        8450.   1.215870E-7
        8460.   1.369000E-7
        8470.   8.876050E-8
        8480.   7.695680E-8
        8490.   9.068990E-8
        8500.  1.000230E-10
        8510.   7.004690E-6
        8520.  1.000230E-10
        8530.  1.000230E-10
        8540.  1.000230E-10
        8550.  1.000230E-10
        8560.  1.000230E-10
        8570.   1.856650E-6
        8580.  1.000230E-10
        8590.  1.000230E-10
        8600.   2.991690E-6
        8610.  1.000230E-10
        8620.   1.898530E-6
        8630.   5.502170E-7
        8640.   2.409870E-6
        8650.  1.000230E-10
        8660.  1.000230E-10
        8670.   3.452350E-6
        8680.   1.836210E-6
        8690.  1.000230E-10
        8700.  1.000230E-10
        8710.  1.000230E-10
        8720.  1.000230E-10
        8730.  1.000230E-10
        8740.   1.536950E-7
        8750.  1.000230E-10
        8760.  1.000230E-10
        8770.  1.000230E-10
        8780.  1.000230E-10
        8790.  1.000230E-10
        8800.   2.028990E-6
        8810.   2.061790E-7
        8820.  1.000230E-10
        8830.  1.000230E-10
        8840.  1.000230E-10
        8850.  1.000230E-10
        8860.  1.000230E-10
        8870.  1.000230E-10
        8880.  1.000230E-10
        8890.   6.053800E-7
        8900.  1.000230E-10
        8910.  1.000230E-10
        8920.   1.234320E-7
        8930.   4.266470E-7
        8940.  1.000230E-10
        8950.  1.000230E-10
        8960.  1.000230E-10
        8970.  1.000230E-10
        8980.  1.000230E-10
        8990.  1.000230E-10
        9000.  1.000230E-10
        9010.  1.000230E-10
        9020.  1.000230E-10
        9030.  1.000230E-10
        9040.  1.000230E-10
        9050.  1.000230E-10
        9060.  1.000230E-10
        9070.  1.000230E-10
        9080.   6.030650E-7
        9090.   5.150960E-7
        9100.   2.324440E-8
        9110.  1.000230E-10
        9120.   6.492060E-7
        9130.  1.000230E-10
        9140.  1.000230E-10
        9150.  1.000230E-10
        9160.  1.000230E-10
        9170.  1.000230E-10
        9180.   3.326850E-7
        9190.  1.000230E-10
        9200.  1.000230E-10
        9210.   4.837010E-7
        9220.  1.000230E-10
        9230.  1.000230E-10
        9240.  1.000230E-10
        9250.  1.000230E-10
        9260.  1.000230E-10
        9270.  1.000230E-10
        9280.  1.000230E-10
        9290.  1.000230E-10
        9300.  1.000230E-10
        9310.  1.000230E-10
        9320.   1.781890E-8
        9330.  1.000230E-10
        9340.  1.000230E-10
        9350.  1.000230E-10
        9360.  1.000230E-10
        9370.  1.000230E-10
        9380.   9.886920E-9
        9390.  1.000230E-10
        9400.  1.000230E-10
        9410.  1.000230E-10
        9420.  1.000230E-10
        9430.  1.000230E-10
        9440.  1.000230E-10
        9450.  1.000230E-10
        9460.   7.849390E-8
        9470.  1.000230E-10
        9480.  1.000230E-10
        9490.  1.000230E-10
        9500.  1.000230E-10
        9510.  1.000230E-10
        9520.  1.000230E-10
        9530.  1.000230E-10
        9540.   5.330420E-8
        9550.  1.000230E-10
        9560.  1.000230E-10
        9570.  1.000230E-10
        9580.  1.000230E-10
        9590.  1.000230E-10
        9600.  1.000230E-10
        9610.  1.000230E-10
        9620.  1.000230E-10
        9630.  1.000230E-10
        9640.   2.757660E-7
        9650.  1.000230E-10
        9660.  1.000230E-10
        9670.   1.497840E-7
        9680.  1.000230E-10
        9690.  1.000230E-10
        9700.  1.000230E-10
        9710.  1.000230E-10
        9720.  1.000230E-10
        9730.  1.000230E-10
        9740.  1.000230E-10
        9750.   7.766410E-8
        9760.  1.000230E-10
        9770.  1.000230E-10
        9780.  1.000230E-10
        9790.  1.000230E-10
        9800.  1.000230E-10
        9810.  1.000230E-10
        9820.  1.000230E-10
        9830.  1.000230E-10
        9840.  1.000230E-10
        9850.  1.000230E-10
        9860.  1.000230E-10
        9870.  1.000230E-10
        9880.  1.000230E-10
        9890.  1.000230E-10
        9900.  1.000230E-10
        9910.  1.000230E-10
        9920.  1.000230E-10
        9930.   2.371290E-9
        9940.  1.000230E-10
        9950.   1.852400E-8
        9960.  1.000230E-10
        9970.   5.389530E-8
        9980.  1.000230E-10
        9990.  1.000230E-10
       10000.  1.000230E-10
       10010.  1.000230E-10
       10020.  1.000230E-10
       10030.  1.000230E-10
       10040.  1.000230E-10
       10050.  1.000230E-10
       10060.  1.000230E-10
       10070.   8.397730E-8
       10080.  1.000230E-10
       10090.  1.000230E-10
       10100.  1.000230E-10
       10110.  1.000230E-10
       10120.   5.524970E-8
       10130.  1.000230E-10
       10140.  1.000230E-10
       10150.  1.000230E-10
       10160.  1.000230E-10
       10170.  1.000230E-10
       10180.  1.000230E-10
       10190.  1.000230E-10
       10200.  1.000230E-10
       10210.  1.000230E-10
       10220.  1.000230E-10
       10230.  1.000230E-10
       10240.  1.000230E-10
       10250.  1.000230E-10
       10260.  1.000230E-10
       10270.  1.000230E-10
       10280.  1.000230E-10
       10290.  1.000230E-10
       10300.  1.000230E-10
       10310.  1.000230E-10
       10320.  1.000230E-10
       10330.  1.000230E-10
       10340.  1.000230E-10
       10350.  1.000230E-10
       10360.  1.000230E-10
       10370.  1.000230E-10
       10380.  1.000230E-10
       10390.  1.000230E-10
       10400.  1.000230E-10
       10410.  1.000230E-10
       10420.  1.000230E-10
       10430.  1.000230E-10
       10440.  1.000230E-10
       10450.  1.000230E-10
       10460.  1.000230E-10
       10470.  1.000230E-10
       10480.  1.000230E-10
       10490.  1.000230E-10
       10500.  1.000230E-10
       10510.  1.000230E-10
       10520.  1.000230E-10
       10530.  1.000230E-10
       10540.  1.000230E-10
       10550.  1.000230E-10
       10560.  1.000230E-10
       10570.  1.000230E-10
       10580.  1.000230E-10
       10590.  1.000230E-10
       10600.  1.000230E-10
       10610.  1.000230E-10
       10620.  1.000230E-10
       10630.  1.000230E-10
       10640.  1.000230E-10
       10650.  1.000230E-10
       10660.  1.000230E-10
       10670.  1.000230E-10
       10680.  1.000230E-10
       10690.  1.000230E-10
       10700.  1.000230E-10
       10710.  1.000230E-10
       10720.  1.000230E-10
       10730.  1.000230E-10
       10740.  1.000230E-10
       10750.  1.000230E-10
       10760.  1.000230E-10
       10770.  1.000230E-10
       10780.  1.000230E-10
       10790.  1.000230E-10
       10800.  1.000230E-10
       10810.  1.000230E-10
       10820.  1.000230E-10
       10830.  1.000230E-10
       10840.   5.189890E-8
       10850.  1.000230E-10
       10860.  1.000230E-10
       10870.  1.000230E-10
       10880.  1.000230E-10
       10890.  1.000230E-10
       10900.  1.000230E-10
       10910.  1.000230E-10
       10920.  1.000230E-10
       10930.  1.000230E-10
       10940.  1.000230E-10
       10950.  1.000230E-10
       10960.  1.000230E-10
       10970.  1.000230E-10
       10980.  1.000230E-10
       10990.  1.000230E-10
       11000.  1.000230E-10
       11001.            0.
       11002.            0.
