        1938.            0.
        1939.            0.
        1940.   2.966700E-7
        1950.   2.555940E-7
        1960.   1.830230E-7
        1970.   2.241480E-7
        1980.   2.208050E-7
        1990.   1.908850E-7
        2000.   2.027660E-7
        2010.   1.594850E-7
        2020.   1.479250E-7
        2030.   1.623390E-7
        2040.   1.280740E-7
        2050.   1.145300E-7
        2060.   1.148190E-7
        2070.   1.130300E-7
        2080.   9.679100E-8
        2090.   7.718310E-8
        2100.   8.265120E-8
        2110.   6.575170E-8
        2120.   6.829750E-8
        2130.   5.235520E-8
        2140.   5.307260E-8
        2150.   5.360160E-8
        2160.   4.035040E-8
        2170.   2.873220E-8
        2180.   4.324610E-8
        2190.   5.759930E-8
        2200.   4.728420E-8
        2210.   5.049310E-8
        2220.   4.372020E-8
        2230.   2.029160E-8
        2240.   3.978920E-8
        2250.   3.637580E-8
        2260.   3.358170E-8
        2270.   2.003070E-8
        2280.   4.441420E-8
        2290.   2.689740E-8
        2300.   4.388980E-8
        2310.   4.314310E-8
        2320.   4.552270E-8
        2330.   2.327450E-8
        2340.   3.507280E-8
        2350.   2.603720E-8
        2360.   4.463450E-8
        2370.   3.570710E-8
        2380.   4.507580E-8
        2390.   4.286320E-8
        2400.   3.296400E-8
        2410.   1.452190E-8
        2420.   4.023710E-8
        2430.   3.869520E-8
        2440.   3.528390E-8
        2450.   4.907930E-8
        2460.   5.525240E-8
        2470.   4.929060E-8
        2480.   3.896520E-8
        2490.   5.067610E-8
        2500.   1.872380E-8
        2510.   3.902100E-8
        2520.   3.352280E-8
        2530.   2.597750E-8
        2540.   3.680000E-8
        2550.   5.650210E-8
        2560.   3.763250E-8
        2570.   2.495060E-8
        2580.   4.978000E-8
        2590.   4.480040E-8
        2600.   3.875660E-8
        2610.   2.361390E-8
        2620.   4.737670E-8
        2630.   2.896180E-8
        2640.   2.939590E-8
        2650.   3.637810E-8
        2660.   2.288120E-8
        2670.   3.206960E-8
        2680.   4.137410E-8
        2690.   3.529780E-8
        2700.   2.256450E-8
        2710.   3.146730E-8
        2720.   1.830280E-8
        2730.   4.365680E-8
        2740.   2.009980E-8
        2750.   1.639990E-8
        2760.   1.920250E-8
        2770.   3.156050E-8
        2780.   4.083590E-8
        2790.   3.846320E-8
        2800.   5.852930E-8
        2810.   6.102340E-8
        2820.   6.365600E-8
        2830.   7.193450E-8
        2840.   1.166560E-7
        2850.   1.539220E-7
        2860.   1.620310E-7
        2870.   2.027140E-7
        2880.   2.628030E-7
        2890.   2.683060E-7
        2900.   3.081070E-7
        2910.   3.389810E-7
        2920.   3.719940E-7
        2930.   3.755290E-7
        2940.   3.704980E-7
        2950.   3.358340E-7
        2960.   3.269490E-7
        2970.   2.676100E-7
        2980.   1.944520E-7
        2990.   1.474840E-7
        3000.   9.608690E-8
        3010.   9.665630E-8
        3020.   9.020340E-8
        3030.   1.297260E-7
        3040.   1.838790E-7
        3050.   2.198520E-7
        3060.   2.516740E-7
        3070.   2.675760E-7
        3080.   2.914090E-7
        3090.   2.600980E-7
        3100.   2.949470E-7
        3110.   2.743510E-7
        3120.   3.200590E-7
        3130.   3.535220E-7
        3140.   3.350030E-7
        3150.   3.226860E-7
        3160.   3.433350E-7
        3170.   3.304820E-7
        3180.   3.211580E-7
        3190.   3.095180E-7
        3200.   3.545670E-7
        3210.   3.816000E-7
        3220.   4.044590E-7
        3230.   4.161820E-7
        3240.   4.849980E-7
        3250.   5.086980E-7
        3260.   5.122640E-7
        3270.   4.888850E-7
        3280.   4.912150E-7
        3290.   4.992950E-7
        3300.   5.561730E-7
        3310.   5.403170E-7
        3320.   6.073270E-7
        3330.   7.304090E-7
        3340.   8.616080E-7
        3350.   9.421880E-7
        3360.   1.126700E-6
        3370.   1.260100E-6
        3380.   1.455300E-6
        3390.   1.615020E-6
        3400.   1.829140E-6
        3410.   1.985690E-6
        3420.   2.260030E-6
        3430.   2.594970E-6
        3440.   3.066010E-6
        3450.   3.480040E-6
        3460.   4.295160E-6
        3470.   5.148460E-6
        3480.   6.415030E-6
        3490.   7.801030E-6
        3500.   9.886260E-6
        3510.   1.212060E-5
        3520.   1.494910E-5
        3530.   1.871940E-5
        3540.   2.336550E-5
        3550.   2.956920E-5
        3560.   3.810700E-5
        3570.   5.003640E-5
        3580.   6.558850E-5
        3590.   8.694240E-5
        3600.   8.300000E-5
        3610.   1.540000E-4
        3620.   1.900000E-4
        3630.   2.420000E-4
        3640.   3.320000E-4
        3650.   5.020000E-4
        3660.   6.950000E-4
        3670.   9.960000E-4
        3680.      0.001456
        3690.      0.002134
        3700.      0.003311
        3710.      0.005056
        3720.       0.00811
        3730.       0.01337
        3740.      0.022546
        3750.       0.03911
        3760.      0.070353
        3770.      0.129455
        3780.      0.232377
        3790.      0.390575
        3800.      0.580083
        3810.      0.747402
        3820.       0.83883
        3830.      0.865208
        3840.       0.86106
        3850.      0.857073
        3860.      0.859137
        3870.      0.865877
        3880.      0.874675
        3890.      0.879442
        3900.      0.878379
        3910.      0.867383
        3920.      0.844307
        3930.      0.811094
        3940.       0.77421
        3950.       0.74518
        3960.      0.732746
        3970.      0.744249
        3980.       0.75549
        3990.      0.693785
        4000.      0.510615
        4010.      0.279811
        4020.      0.123445
        4030.      0.048694
        4040.       0.01939
        4050.      0.008419
        4060.       0.00404
        4070.      0.002041
        4080.      0.001073
        4090.   6.050000E-4
        4100.   3.370000E-4
        4110.   2.380000E-4
        4120.   1.520000E-4
        4130.   8.700000E-5
        4140.   8.400000E-5
        4150.   5.560260E-5
        4160.   3.881630E-5
        4170.   2.830000E-5
        4180.   2.121700E-5
        4190.   1.595250E-5
        4200.   1.222410E-5
        4210.   9.499570E-6
        4220.   7.457940E-6
        4230.   5.867110E-6
        4240.   4.652550E-6
        4250.   3.636700E-6
        4260.   2.946800E-6
        4270.   2.449070E-6
        4280.   2.044780E-6
        4290.   1.689400E-6
        4300.   1.492000E-6
        4310.   1.298920E-6
        4320.   1.153590E-6
        4330.   1.066360E-6
        4340.   9.678540E-7
        4350.   9.387160E-7
        4360.   9.045280E-7
        4370.   8.900490E-7
        4380.   8.603790E-7
        4390.   7.993630E-7
        4400.   8.082060E-7
        4410.   7.762710E-7
        4420.   7.559790E-7
        4430.   7.191890E-7
        4440.   6.732650E-7
        4450.   6.524720E-7
        4460.   5.651110E-7
        4470.   5.245330E-7
        4480.   4.664660E-7
        4490.   4.407750E-7
        4500.   3.985220E-7
        4510.   3.745540E-7
        4520.   3.465830E-7
        4530.   3.476660E-7
        4540.   3.050980E-7
        4550.   3.055440E-7
        4560.   2.668170E-7
        4570.   2.707140E-7
        4580.   3.147580E-7
        4590.   2.975570E-7
        4600.   3.001280E-7
        4610.   2.971770E-7
        4620.   2.851010E-7
        4630.   2.986670E-7
        4640.   2.439840E-7
        4650.   2.766800E-7
        4660.   2.414460E-7
        4670.   2.299200E-7
        4680.   1.925720E-7
        4690.   1.786680E-7
        4700.   1.717030E-7
        4710.   1.470730E-7
        4720.   1.068060E-7
        4730.   1.068120E-7
        4740.   8.057550E-8
        4750.   1.034900E-7
        4760.   6.042390E-8
        4770.   8.135060E-8
        4780.   8.219700E-8
        4790.   6.406210E-8
        4800.   5.616760E-8
        4810.   4.118160E-8
        4820.   6.846400E-8
        4830.   6.185170E-8
        4840.   3.028500E-8
        4850.   7.430670E-8
        4860.   7.543930E-8
        4870.   8.514890E-8
        4880.   6.987290E-8
        4890.   5.688880E-8
        4900.   8.895310E-8
        4910.   2.516740E-8
        4920.   3.945260E-8
        4930.   4.563490E-8
        4940.   3.223020E-8
        4950.   4.825750E-9
        4960.   1.807150E-8
        4970.   2.721220E-8
        4980.   2.555390E-8
        4990.   1.165620E-8
        5000.   2.580550E-8
        5010.   3.584670E-8
        5020.   2.074480E-8
        5030.   4.984220E-8
        5040.  1.000230E-10
        5050.   4.071810E-8
        5060.   1.215170E-8
        5070.   7.504840E-9
        5080.   1.062690E-8
        5090.   1.048070E-8
        5100.   7.895610E-9
        5110.   3.113250E-8
        5120.   3.000360E-8
        5130.   3.523640E-8
        5140.   5.733340E-8
        5150.   5.794760E-8
        5160.   4.218110E-8
        5170.   4.159250E-8
        5180.   3.463330E-8
        5190.   7.852870E-8
        5200.   4.958730E-8
        5210.   4.546280E-8
        5220.   2.151920E-8
        5230.   3.483650E-8
        5240.   1.912850E-8
        5250.   1.674110E-8
        5260.   5.324670E-8
        5270.   3.519110E-8
        5280.   4.364650E-8
        5290.   1.433790E-8
        5300.   1.978330E-8
        5310.   5.060040E-8
        5320.   4.104760E-8
        5330.   1.761480E-8
        5340.   5.887420E-8
        5350.   6.822540E-8
        5360.   8.327740E-8
        5370.   4.571140E-8
        5380.   3.935210E-8
        5390.   6.715260E-8
        5400.   3.462160E-8
        5410.   2.976420E-8
        5420.   3.859110E-8
        5430.   6.141420E-8
        5440.   5.607140E-8
        5450.   3.603070E-8
        5460.   1.284260E-8
        5470.   3.377520E-8
        5480.   2.026830E-8
        5490.   3.607640E-8
        5500.  1.000230E-10
        5510.   8.118790E-9
        5520.   1.796650E-8
        5530.   6.484600E-9
        5540.   2.440520E-8
        5550.   1.731600E-8
        5560.   2.198650E-8
        5570.   2.883980E-8
        5580.  1.000230E-10
        5590.   9.569170E-9
        5600.   3.315760E-9
        5610.  1.000230E-10
        5620.  1.000230E-10
        5630.   6.666900E-9
        5640.   9.821590E-9
        5650.  1.000230E-10
        5660.  1.000230E-10
        5670.   3.725030E-9
        5680.  1.000230E-10
        5690.   2.282810E-9
        5700.   1.457550E-9
        5710.   7.895780E-9
        5720.  1.000230E-10
        5730.  1.000230E-10
        5740.   7.485580E-9
        5750.   1.373870E-9
        5760.  1.000230E-10
        5770.   1.019070E-8
        5780.  1.000230E-10
        5790.  1.000230E-10
        5800.   1.604190E-9
        5810.   1.516110E-8
        5820.   1.672750E-8
        5830.  1.000230E-10
        5840.   8.865620E-9
        5850.  1.000230E-10
        5860.  1.000230E-10
        5870.   9.304430E-9
        5880.   1.942050E-8
        5890.   2.204450E-9
        5900.   1.754550E-8
        5910.   1.283520E-8
        5920.   2.821410E-8
        5930.  1.000230E-10
        5940.   2.535870E-8
        5950.   1.228730E-8
        5960.  1.000230E-10
        5970.   3.421190E-8
        5980.   1.988060E-8
        5990.  1.000230E-10
        6000.   3.101850E-8
        6010.   1.781150E-8
        6020.  1.000230E-10
        6030.   5.131340E-8
        6040.   3.854290E-9
        6050.   2.444000E-8
        6060.   4.679560E-8
        6070.   3.496650E-9
        6080.   1.135930E-8
        6090.   2.469360E-8
        6100.   6.654030E-9
        6110.   1.634350E-8
        6120.   2.754620E-8
        6130.   1.390810E-8
        6140.  1.000230E-10
        6150.   2.497040E-8
        6160.   4.274880E-8
        6170.   1.385120E-8
        6180.   3.386580E-8
        6190.   4.030410E-8
        6200.   3.769460E-9
        6210.   1.634670E-8
        6220.   5.205760E-9
        6230.   3.576030E-8
        6240.   1.251750E-8
        6250.   2.769180E-8
        6260.   3.309370E-8
        6270.   1.495840E-8
        6280.   1.877440E-8
        6290.   2.611280E-8
        6300.   9.620410E-9
        6310.   2.146010E-8
        6320.   1.658350E-8
        6330.   3.379710E-8
        6340.   1.574500E-8
        6350.   2.520530E-8
        6360.  1.000230E-10
        6370.   3.797620E-8
        6380.   1.736590E-8
        6390.   3.009590E-8
        6400.  1.000230E-10
        6410.   8.523690E-9
        6420.   2.004140E-8
        6430.  1.000230E-10
        6440.   4.856160E-9
        6450.   3.078320E-9
        6460.   1.310930E-8
        6470.   5.354560E-9
        6480.   6.487900E-8
        6490.   5.193940E-9
        6500.  1.000230E-10
        6510.   5.027350E-9
        6520.  1.000230E-10
        6530.  1.000230E-10
        6540.  1.000230E-10
        6550.  1.000230E-10
        6560.   3.849230E-9
        6570.  1.000230E-10
        6580.   3.243170E-8
        6590.   1.480270E-8
        6600.  1.000230E-10
        6610.   8.546520E-9
        6620.   4.037140E-8
        6630.   1.408320E-8
        6640.   5.301810E-8
        6650.  5.717750E-10
        6660.   1.222530E-8
        6670.   2.492660E-8
        6680.   4.469760E-8
        6690.   2.230540E-8
        6700.   1.262540E-8
        6710.   4.206940E-8
        6720.   2.439230E-8
        6730.   2.218790E-8
        6740.   1.558090E-8
        6750.   1.001280E-8
        6760.   2.630640E-8
        6770.   3.975090E-8
        6780.   2.077250E-8
        6790.   5.009050E-8
        6800.   4.726470E-8
        6810.   4.150590E-8
        6820.   5.698510E-8
        6830.   5.018430E-8
        6840.   7.638160E-8
        6850.   1.212530E-7
        6860.   1.596930E-7
        6870.   2.242510E-7
        6880.   2.626190E-7
        6890.   3.161160E-7
        6900.   4.113270E-7
        6910.   5.200770E-7
        6920.   6.116630E-7
        6930.   7.289750E-7
        6940.   8.485320E-7
        6950.   9.535650E-7
        6960.   1.023760E-6
        6970.   1.069200E-6
        6980.   1.130170E-6
        6990.   1.121590E-6
        7000.   1.099350E-6
        7010.   1.076530E-6
        7020.   1.046430E-6
        7030.   9.827880E-7
        7040.   9.326720E-7
        7050.   8.597160E-7
        7060.   7.419950E-7
        7070.   7.503270E-7
        7080.   6.765340E-7
        7090.   5.896130E-7
        7100.   5.892160E-7
        7110.   5.631490E-7
        7120.   4.732390E-7
        7130.   4.310040E-7
        7140.   4.144860E-7
        7150.   3.753160E-7
        7160.   3.531610E-7
        7170.   3.550290E-7
        7180.   3.079410E-7
        7190.   2.578860E-7
        7200.   2.371020E-7
        7210.   2.202320E-7
        7220.   2.014390E-7
        7230.   1.791310E-7
        7240.   1.123480E-7
        7250.   1.192960E-7
        7260.   1.084110E-7
        7270.   9.817520E-8
        7280.   4.741330E-8
        7290.   5.595760E-8
        7300.   6.256640E-8
        7310.   5.114030E-8
        7320.   4.292410E-8
        7330.   3.850460E-8
        7340.   3.983520E-8
        7350.  1.000230E-10
        7360.   2.838910E-8
        7370.   6.928540E-9
        7380.   2.726890E-8
        7390.   5.497590E-9
        7400.   2.326820E-8
        7410.   3.506980E-8
        7420.   4.961190E-8
        7430.  1.000230E-10
        7440.   4.887130E-9
        7450.  1.000230E-10
        7460.   1.017850E-8
        7470.  1.000230E-10
        7480.   2.782030E-8
        7490.   1.633280E-8
        7500.   2.886980E-8
        7510.   2.219300E-8
        7520.   3.702010E-8
        7530.   3.338440E-8
        7540.   5.922550E-9
        7550.   4.695720E-8
        7560.   5.249020E-8
        7570.   2.450600E-8
        7580.   4.040540E-8
        7590.   1.508540E-8
        7600.   4.093630E-8
        7610.   3.710690E-8
        7620.   9.471940E-8
        7630.   7.184940E-8
        7640.   1.857890E-8
        7650.   5.595260E-8
        7660.   2.448120E-8
        7670.   5.413590E-8
        7680.   2.455970E-8
        7690.   1.366420E-8
        7700.   6.101880E-8
        7710.   8.092600E-8
        7720.   6.277520E-8
        7730.   5.917430E-8
        7740.   2.000960E-8
        7750.   3.678030E-8
        7760.   5.879610E-8
        7770.   2.671110E-8
        7780.   2.100460E-8
        7790.   5.568270E-8
        7800.   7.296560E-8
        7810.   6.221750E-8
        7820.   5.853490E-8
        7830.   1.763260E-8
        7840.   6.251580E-9
        7850.   3.493590E-8
        7860.   4.297440E-8
        7870.   5.985800E-8
        7880.   4.928860E-8
        7890.   4.553810E-8
        7900.   2.793130E-8
        7910.   5.270160E-8
        7920.   4.498960E-8
        7930.   6.950910E-8
        7940.   4.149100E-8
        7950.   3.776080E-8
        7960.   2.763140E-8
        7970.   2.925590E-8
        7980.   3.857790E-8
        7990.   5.879750E-8
        8000.   5.522250E-8
        8010.   6.430210E-8
        8020.   8.023670E-8
        8030.   3.965340E-8
        8040.   4.660870E-8
        8050.   6.458820E-8
        8060.   4.772500E-8
        8070.   4.387190E-8
        8080.   3.393120E-8
        8090.   7.859450E-9
        8100.   5.384250E-8
        8110.   4.523430E-8
        8120.   7.668420E-8
        8130.   5.029330E-8
        8140.   3.510770E-8
        8150.   4.033830E-8
        8160.   3.696900E-8
        8170.   4.203370E-8
        8180.   5.482580E-8
        8190.   2.740170E-8
        8200.   9.768100E-8
        8210.   3.203990E-8
        8220.   6.070230E-8
        8230.   5.432990E-8
        8240.   7.533010E-9
        8250.   9.644010E-9
        8260.   2.550620E-8
        8270.   7.235310E-8
        8280.   1.206040E-8
        8290.   3.249460E-8
        8300.   8.130300E-9
        8310.   3.011470E-8
        8320.   3.065280E-8
        8330.  1.000230E-10
        8340.   1.663030E-8
        8350.   3.337170E-8
        8360.   1.071830E-8
        8370.   1.241520E-8
        8380.   5.733630E-8
        8390.   6.024080E-8
        8400.  1.000230E-10
        8410.  1.000230E-10
        8420.   4.835610E-8
        8430.  1.000230E-10
        8440.   3.693850E-8
        8450.  1.000230E-10
        8460.   3.339980E-8
        8470.   4.091510E-8
        8480.  1.000230E-10
        8490.   2.163400E-8
        8500.   1.933420E-6
        8510.   7.412030E-6
        8520.   7.551500E-6
        8530.   7.287750E-6
        8540.   9.463330E-6
        8550.  1.000230E-10
        8560.   1.114090E-6
        8570.   1.086930E-5
        8580.   1.178460E-6
        8590.   5.122600E-6
        8600.  1.000230E-10
        8610.   5.885090E-6
        8620.   8.862850E-6
        8630.   6.482690E-6
        8640.   6.509060E-6
        8650.   4.085150E-6
        8660.   1.728640E-6
        8670.   9.085090E-6
        8680.   5.494180E-6
        8690.  1.000230E-10
        8700.   5.450660E-6
        8710.   4.981010E-7
        8720.   6.092010E-6
        8730.   5.596990E-6
        8740.   1.201130E-6
        8750.   3.795480E-6
        8760.   3.972810E-6
        8770.   7.529670E-7
        8780.   1.595860E-6
        8790.  1.000230E-10
        8800.   1.272920E-6
        8810.   2.381600E-6
        8820.   4.646070E-6
        8830.   5.491870E-6
        8840.   8.177280E-6
        8850.   3.171820E-6
        8860.   3.755500E-6
        8870.  1.000230E-10
        8880.   1.365470E-6
        8890.   4.597040E-6
        8900.   4.228030E-6
        8910.   2.461320E-6
        8920.   6.367160E-6
        8930.   1.844180E-6
        8940.  1.000230E-10
        8950.   2.282280E-6
        8960.   2.597630E-6
        8970.   2.297680E-6
        8980.   1.420580E-6
        8990.   7.092250E-7
        9000.   2.252390E-6
        9010.   1.422540E-6
        9020.   1.068570E-6
        9030.   4.190330E-7
        9040.   4.464680E-6
        9050.   3.790980E-7
        9060.   1.812370E-6
        9070.   4.508230E-6
        9080.   6.788100E-7
        9090.   2.468360E-6
        9100.   8.827180E-7
        9110.   1.195750E-6
        9120.   3.023790E-7
        9130.   1.760070E-6
        9140.   1.704180E-6
        9150.   9.343490E-7
        9160.   2.198210E-6
        9170.   1.150390E-6
        9180.   7.333870E-7
        9190.   8.352280E-7
        9200.   7.219730E-7
        9210.   3.351580E-6
        9220.   1.636890E-7
        9230.   3.331460E-7
        9240.   3.060870E-6
        9250.   1.557800E-6
        9260.   1.558860E-6
        9270.   1.811450E-8
        9280.   1.269690E-6
        9290.   1.275800E-6
        9300.   6.420190E-7
        9310.   3.151680E-7
        9320.   1.074700E-6
        9330.   6.411590E-7
        9340.   8.746290E-7
        9350.   2.963850E-7
        9360.   5.823950E-7
        9370.   8.082520E-7
        9380.   6.584240E-7
        9390.   7.317820E-8
        9400.   8.889410E-7
        9410.   4.528030E-7
        9420.   1.192350E-6
        9430.   1.004500E-6
        9440.   2.636540E-7
        9450.   1.520910E-6
        9460.   9.246560E-7
        9470.   5.741910E-7
        9480.   7.126530E-7
        9490.   4.634940E-7
        9500.   4.259760E-7
        9510.   1.269220E-6
        9520.   4.398310E-7
        9530.   1.140930E-6
        9540.   2.519990E-7
        9550.   9.769020E-7
        9560.   4.685050E-7
        9570.   2.792230E-7
        9580.   2.096400E-7
        9590.   6.719580E-7
        9600.   5.213940E-7
        9610.  1.000230E-10
        9620.   3.153110E-7
        9630.   7.889340E-7
        9640.   3.284040E-7
        9650.   3.024370E-7
        9660.   1.345050E-6
        9670.   4.546460E-8
        9680.   5.662790E-7
        9690.   5.076470E-7
        9700.  1.000230E-10
        9710.   1.316230E-7
        9720.  1.000230E-10
        9730.   9.449760E-8
        9740.   6.511170E-7
        9750.   8.768370E-7
        9760.   3.227390E-7
        9770.   5.866680E-8
        9780.  1.000230E-10
        9790.   3.621060E-7
        9800.   6.399600E-7
        9810.   1.159970E-7
        9820.   5.406760E-7
        9830.   1.975040E-7
        9840.   4.138620E-7
        9850.   8.504250E-7
        9860.  1.000230E-10
        9870.  1.000230E-10
        9880.   6.914630E-7
        9890.   3.072150E-7
        9900.   4.224820E-7
        9910.   7.561950E-7
        9920.   4.285720E-7
        9930.   3.166710E-8
        9940.  1.000230E-10
        9950.   2.803280E-7
        9960.   7.017770E-7
        9970.   4.651240E-7
        9980.   2.629940E-7
        9990.   4.678830E-7
       10000.   2.957200E-7
       10010.  1.000230E-10
       10020.   3.452520E-7
       10030.  1.000230E-10
       10040.   3.548080E-7
       10050.   1.895760E-7
       10060.  1.000230E-10
       10070.   6.482300E-7
       10080.   2.283550E-7
       10090.   3.288800E-7
       10100.  1.000230E-10
       10110.   2.023010E-7
       10120.   4.816660E-7
       10130.  1.000230E-10
       10140.   8.945590E-8
       10150.   1.886640E-7
       10160.   8.812720E-8
       10170.   3.125240E-8
       10180.   6.460080E-8
       10190.  1.000230E-10
       10200.   2.557330E-7
       10210.   8.175380E-7
       10220.   5.309250E-7
       10230.   4.787940E-7
       10240.   4.058500E-7
       10250.   4.622450E-7
       10260.   6.760350E-7
       10270.   3.351470E-7
       10280.   2.054370E-7
       10290.   5.640020E-7
       10300.   4.740690E-7
       10310.   6.287200E-7
       10320.   4.357440E-7
       10330.  1.000230E-10
       10340.   6.059170E-7
       10350.   7.163640E-7
       10360.   6.013120E-8
       10370.   4.261280E-7
       10380.   2.459780E-7
       10390.   3.208650E-7
       10400.   6.216590E-7
       10410.   3.891520E-7
       10420.  1.000230E-10
       10430.   1.540830E-7
       10440.   8.839500E-7
       10450.   2.221100E-7
       10460.   1.651850E-7
       10470.   2.021910E-7
       10480.   4.039890E-7
       10490.   2.716770E-7
       10500.   1.429440E-7
       10510.   8.192230E-7
       10520.   3.949840E-7
       10530.   2.491850E-7
       10540.   2.485530E-7
       10550.   4.109580E-7
       10560.   3.919810E-7
       10570.   3.013250E-7
       10580.   2.652260E-7
       10590.   1.417590E-7
       10600.   4.959510E-7
       10610.   2.500610E-7
       10620.   6.015370E-7
       10630.   3.581860E-7
       10640.   4.264500E-7
       10650.   3.926390E-7
       10660.  1.000230E-10
       10670.   2.057970E-7
       10680.   2.248870E-7
       10690.   6.903580E-7
       10700.   1.782070E-7
       10710.   4.006320E-7
       10720.   3.561740E-7
       10730.   6.074560E-7
       10740.   1.038540E-7
       10750.   3.581760E-7
       10760.   3.803590E-7
       10770.   4.650940E-7
       10780.   1.672930E-7
       10790.   3.856140E-8
       10800.   6.567070E-7
       10810.   3.783470E-7
       10820.   1.830260E-7
       10830.  1.000230E-10
       10840.  1.000230E-10
       10850.   6.997740E-7
       10860.   1.995110E-7
       10870.   4.314970E-7
       10880.   2.080870E-7
       10890.   6.762560E-8
       10900.   2.340430E-7
       10910.   1.748650E-7
       10920.   1.794690E-7
       10930.   2.174390E-7
       10940.   1.731610E-7
       10950.   1.788670E-7
       10960.   1.686850E-7
       10970.   7.947380E-7
       10980.   5.598090E-7
       10990.   2.662700E-7
       11000.   2.578600E-7
       11001.            0.
       11002.            0.
