        1938.            0.
        1939.            0.
        1940.   2.381500E-7
        1950.   2.503180E-7
        1960.   3.002930E-7
        1970.   2.532860E-7
        1980.   2.285330E-7
        1990.   2.208740E-7
        2000.   2.022250E-7
        2010.   2.333640E-7
        2020.   1.864740E-7
        2030.   1.672770E-7
        2040.   1.652160E-7
        2050.   1.453040E-7
        2060.   1.450240E-7
        2070.   1.379650E-7
        2080.   8.589250E-8
        2090.   8.342420E-8
        2100.   1.066600E-7
        2110.   9.846370E-8
        2120.   7.899280E-8
        2130.   7.723940E-8
        2140.   7.935060E-8
        2150.   4.958410E-8
        2160.   4.276840E-8
        2170.   5.270830E-8
        2180.   4.944080E-8
        2190.   5.509170E-8
        2200.   4.425470E-8
        2210.   7.520630E-8
        2220.   5.261310E-8
        2230.   4.646860E-8
        2240.   4.445990E-8
        2250.   5.591400E-8
        2260.   4.186150E-8
        2270.   4.882360E-8
        2280.   5.078840E-8
        2290.   6.163580E-8
        2300.   3.591200E-8
        2310.   4.536610E-8
        2320.   6.137590E-8
        2330.   4.644340E-8
        2340.   4.325140E-8
        2350.   4.549540E-8
        2360.   3.579020E-8
        2370.   3.649870E-8
        2380.   5.831760E-8
        2390.   5.958350E-8
        2400.   5.010350E-8
        2410.   5.091570E-8
        2420.   5.757560E-8
        2430.   4.629020E-8
        2440.   4.957870E-8
        2450.   6.296550E-8
        2460.   5.828080E-8
        2470.   4.189290E-8
        2480.   5.895420E-8
        2490.   4.664120E-8
        2500.   6.201260E-8
        2510.   4.316970E-8
        2520.   7.263840E-8
        2530.   6.312610E-8
        2540.   4.971060E-8
        2550.   6.459870E-8
        2560.   5.816420E-8
        2570.   5.889710E-8
        2580.   5.393900E-8
        2590.   5.161830E-8
        2600.   3.204930E-8
        2610.   5.641090E-8
        2620.   5.315250E-8
        2630.   3.404220E-8
        2640.   4.568900E-8
        2650.   4.970730E-8
        2660.   5.311690E-8
        2670.   4.934350E-8
        2680.   4.299050E-8
        2690.   4.778710E-8
        2700.   3.916090E-8
        2710.   5.308580E-8
        2720.   4.418520E-8
        2730.   4.450030E-8
        2740.   3.593300E-8
        2750.   3.395280E-8
        2760.   4.637720E-8
        2770.   5.749410E-8
        2780.   5.868190E-8
        2790.   3.260180E-8
        2800.   3.232150E-8
        2810.   2.561110E-8
        2820.   4.837910E-8
        2830.   2.945030E-8
        2840.   3.894540E-8
        2850.   7.301110E-8
        2860.   7.658190E-8
        2870.   7.471250E-8
        2880.   1.080390E-7
        2890.   2.354030E-7
        2900.   2.865590E-6
        2910.   1.365990E-5
        2920.   2.840790E-5
        2930.   4.675180E-5
        2940.   6.698190E-5
        2950.   8.518340E-5
        2960.   8.825760E-5
        2970.   8.300110E-5
        2980.   6.979170E-5
        2990.   5.549240E-5
        3000.   3.734930E-5
        3010.   2.646710E-5
        3020.   2.212110E-5
        3030.   1.915320E-5
        3040.   1.729040E-5
        3050.   1.670720E-5
        3060.   1.685490E-5
        3070.   1.718380E-5
        3080.   1.805590E-5
        3090.   1.989510E-5
        3100.   2.234050E-5
        3110.   2.532400E-5
        3120.   3.026620E-5
        3130.   3.671480E-5
        3140.   4.715170E-5
        3150.   6.138550E-5
        3160.   8.330920E-5
        3170.   1.178880E-4
        3180.   1.785430E-4
        3190.   2.806100E-4
        3200.   4.529500E-4
        3210.   8.032020E-4
        3261.      0.005605
        3262.      0.009538
        3263.      0.009075
        3264.       0.00538
        3265.      0.009199
        3266.      0.011974
        3267.      0.010451
        3268.      0.014815
        3269.      0.017659
        3270.      0.014092
        3271.      0.021638
        3272.      0.022068
        3273.      0.025477
        3274.      0.028489
        3275.      0.028623
        3276.       0.03152
        3277.      0.038374
        3278.      0.042332
        3279.      0.044585
        3280.      0.048866
        3281.      0.057608
        3282.      0.067558
        3283.      0.068093
        3284.      0.079839
        3285.      0.091279
        3286.      0.104119
        3287.      0.114838
        3288.       0.12557
        3289.      0.143262
        3290.      0.158654
        3291.      0.178908
        3292.      0.201935
        3293.      0.218855
        3294.      0.244546
        3295.      0.266935
        3296.      0.308645
        3297.       0.33428
        3298.      0.390481
        3299.      0.396216
        3300.      0.431224
        3301.      0.476792
        3302.      0.525373
        3303.      0.549244
        3304.      0.578397
        3305.      0.630278
        3306.      0.661428
        3307.      0.675114
        3308.      0.696515
        3309.      0.708815
        3310.      0.739144
        3311.       0.74255
        3312.      0.753456
        3313.      0.769874
        3314.      0.755657
        3315.      0.756558
        3316.       0.76045
        3317.      0.760152
        3318.      0.783677
        3319.      0.773346
        3320.      0.751208
        3321.      0.763006
        3322.      0.741857
        3323.      0.721582
        3324.      0.724372
        3325.       0.73575
        3326.        0.7323
        3327.      0.737863
        3328.      0.740224
        3329.      0.727031
        3330.      0.728013
        3331.      0.733131
        3332.      0.726954
        3333.      0.739659
        3334.      0.735389
        3335.      0.733311
        3336.      0.719654
        3337.      0.744976
        3338.      0.727047
        3339.      0.731229
        3340.      0.729363
        3341.      0.745526
        3342.      0.737466
        3343.      0.745714
        3344.      0.755814
        3345.        0.7445
        3346.       0.74468
        3347.      0.749538
        3348.      0.751982
        3349.      0.756529
        3350.      0.753636
        3351.      0.759764
        3352.      0.749309
        3353.      0.771509
        3354.       0.75486
        3355.      0.755518
        3356.      0.763093
        3357.      0.752463
        3358.      0.780603
        3359.      0.768986
        3360.      0.763754
        3361.      0.756821
        3362.      0.768549
        3363.       0.75106
        3364.      0.765832
        3365.      0.770979
        3366.      0.766714
        3367.      0.776925
        3368.      0.755944
        3369.      0.763948
        3370.      0.764053
        3371.      0.756806
        3372.      0.758439
        3373.      0.753041
        3374.      0.756968
        3375.      0.762576
        3376.      0.762116
        3377.      0.753476
        3378.      0.753841
        3379.      0.752208
        3380.      0.750226
        3381.      0.747738
        3382.      0.752154
        3383.      0.748696
        3384.      0.745692
        3385.      0.759856
        3386.      0.755426
        3387.       0.75306
        3388.      0.750471
        3389.      0.749098
        3390.       0.75346
        3391.      0.747674
        3392.      0.756571
        3393.      0.758342
        3394.      0.759018
        3395.      0.758483
        3396.      0.760065
        3397.      0.766074
        3398.      0.761288
        3399.      0.762567
        3400.      0.759684
        3401.      0.772702
        3402.       0.76284
        3403.      0.754012
        3404.      0.761393
        3405.      0.773975
        3406.      0.766864
        3407.      0.769517
        3408.      0.772835
        3409.      0.768552
        3410.      0.762464
        3411.      0.777217
        3412.      0.757834
        3413.      0.774023
        3414.      0.766648
        3415.      0.765043
        3416.      0.760612
        3417.      0.773409
        3418.      0.759159
        3419.      0.762547
        3420.      0.758043
        3421.      0.746255
        3422.      0.747378
        3423.      0.752008
        3424.      0.744637
        3425.      0.743644
        3426.      0.736859
        3427.      0.738592
        3428.      0.727801
        3429.      0.720612
        3430.       0.72416
        3431.      0.715899
        3432.      0.707483
        3433.      0.705822
        3434.       0.69508
        3435.      0.689491
        3436.      0.690873
        3437.      0.685376
        3438.      0.677955
        3439.      0.670208
        3440.      0.666978
        3441.      0.660737
        3442.      0.659965
        3443.      0.648677
        3444.      0.649715
        3445.       0.64002
        3446.      0.630109
        3447.      0.628939
        3448.      0.628978
        3449.      0.622205
        3450.      0.615997
        3451.      0.611627
        3452.      0.606723
        3453.      0.602134
        3454.      0.596372
        3455.      0.589322
        3456.      0.588766
        3457.       0.58505
        3458.      0.582751
        3459.      0.580485
        3460.      0.574828
        3461.      0.576087
        3462.      0.570925
        3463.      0.571607
        3464.      0.564374
        3465.      0.568895
        3466.      0.566497
        3467.      0.565208
        3468.      0.558179
        3469.      0.559017
        3470.        0.5587
        3471.      0.560001
        3472.      0.559709
        3473.      0.558999
        3474.       0.55875
        3475.      0.559715
        3476.      0.554579
        3477.      0.559766
        3478.      0.559627
        3479.      0.558198
        3480.      0.562582
        3481.      0.562883
        3482.      0.562462
        3483.      0.567742
        3484.      0.570911
        3485.      0.571347
        3486.      0.573762
        3487.      0.573255
        3488.      0.578623
        3489.      0.579376
        3490.      0.585244
        3491.      0.586568
        3492.      0.591633
        3493.      0.591386
        3494.      0.595677
        3495.       0.59909
        3496.       0.60343
        3497.      0.610952
        3498.      0.610262
        3499.      0.615498
        3500.      0.619774
        3501.      0.623264
        3502.      0.626251
        3503.      0.631789
        3504.       0.63265
        3505.      0.639398
        3506.      0.642648
        3507.      0.647696
        3508.      0.653753
        3509.      0.651631
        3510.      0.655083
        3511.      0.657761
        3512.      0.660264
        3513.      0.665386
        3514.       0.66869
        3515.      0.668602
        3516.      0.665505
        3517.      0.668527
        3518.      0.671624
        3519.      0.675065
        3520.      0.670764
        3521.      0.672722
        3522.      0.670338
        3523.      0.671859
        3524.      0.670989
        3525.      0.671073
        3526.       0.66606
        3527.       0.66873
        3528.      0.666514
        3529.      0.664824
        3530.      0.659019
        3531.      0.659686
        3532.      0.658668
        3533.      0.653547
        3534.      0.650681
        3535.      0.653889
        3536.      0.646879
        3537.      0.646479
        3538.      0.642372
        3539.      0.640517
        3540.      0.638345
        3541.      0.634086
        3542.      0.634221
        3543.      0.632541
        3544.      0.633566
        3545.      0.630275
        3546.        0.6278
        3547.      0.624468
        3548.      0.624768
        3549.      0.627014
        3550.      0.624598
        3551.      0.624702
        3552.      0.623163
        3553.      0.620868
        3554.      0.625695
        3555.       0.62906
        3556.      0.626661
        3557.      0.632648
        3558.      0.630025
        3559.      0.635854
        3560.      0.634167
        3561.      0.639689
        3562.      0.637555
        3563.      0.639925
        3564.      0.643222
        3565.      0.648253
        3566.      0.650454
        3567.      0.650042
        3568.      0.650771
        3569.      0.652732
        3570.      0.649158
        3571.      0.650857
        3572.      0.647197
        3573.      0.644122
        3574.      0.637772
        3575.      0.633854
        3576.      0.625173
        3577.      0.614777
        3578.      0.600325
        3579.      0.589078
        3580.      0.572563
        3581.      0.555458
        3582.       0.53752
        3583.      0.516682
        3584.       0.49578
        3585.      0.472778
        3586.      0.450053
        3587.      0.427462
        3588.      0.403131
        3589.       0.37793
        3590.      0.355507
        3591.      0.332712
        3592.      0.309184
        3593.      0.287388
        3594.      0.267674
        3595.      0.246361
        3596.      0.229185
        3597.      0.211967
        3598.      0.196861
        3599.      0.181316
        3600.      0.167714
        3601.      0.155151
        3602.      0.142346
        3603.      0.130981
        3604.      0.121632
        3605.      0.111425
        3606.      0.102667
        3607.      0.095171
        3608.      0.087431
        3609.      0.081226
        3610.      0.075353
        3611.       0.06992
        3612.       0.06472
        3613.      0.059873
        3614.      0.055601
        3615.      0.051848
        3616.       0.04786
        3617.      0.044394
        3618.       0.04143
        3619.      0.038233
        3620.      0.035584
        3621.      0.033485
        3622.      0.030997
        3623.      0.029038
        3624.      0.027019
        3625.      0.025504
        3626.      0.023966
        3627.      0.022324
        3628.      0.020887
        3629.      0.019423
        3630.       0.01832
        3631.      0.017291
        3632.      0.016109
        3633.      0.015083
        3634.      0.014252
        3635.      0.013281
        3636.      0.012622
        3637.      0.011904
        3638.      0.011215
        3639.      0.010596
        3640.      0.010055
        3641.       0.00929
        3642.      0.008912
        3643.      0.008454
        3644.      0.007999
        3645.      0.007517
        3646.      0.006964
        3647.      0.006632
        3648.      0.006378
        3649.      0.005971
        3650.      0.005736
        3651.      0.005446
        3652.      0.005191
        3653.      0.004824
        3654.      0.004636
        3655.      0.004463
        3656.      0.004187
        3657.      0.003879
        3658.      0.003749
        3659.      0.003468
        3660.       0.00339
        3661.      0.003219
        3662.       0.00304
        3663.      0.002931
        3664.      0.002842
        3665.      0.002746
        3666.      0.002553
        3667.      0.002389
        3668.      0.002343
        3669.      0.002253
        3670.      0.002113
        3671.      0.002023
        3672.       0.00193
        3673.      0.001864
        3674.      0.001743
        3675.       0.00163
        3676.      0.001605
        3677.      0.001523
        3678.      0.001485
        3679.      0.001468
        3680.      0.001316
        3681.      0.001256
        3682.      0.001225
        3683.      0.001102
        3684.      0.001084
        3685.      0.001075
        3686.      0.001026
        3687.   9.930000E-4
        3688.   9.420000E-4
        3689.   9.250000E-4
        3690.   8.720000E-4
        3691.   8.260000E-4
        3692.   8.030000E-4
        3693.   7.970000E-4
        3694.   7.200000E-4
        3695.   6.550000E-4
        3696.   6.720000E-4
        3697.   6.540000E-4
        3698.   6.030000E-4
        3699.   5.810000E-4
        3700.   5.070000E-4
        3701.   5.540000E-4
        3702.   5.120000E-4
        3703.   4.750000E-4
        3704.   4.910000E-4
        3705.   4.520000E-4
        3706.   4.230000E-4
        3707.   4.040000E-4
        3708.   4.070000E-4
        3709.   3.980000E-4
        3710.   3.520000E-4
        3711.   3.450000E-4
        3712.   3.280000E-4
        3713.   3.340000E-4
        3714.   2.900000E-4
        3715.   3.150000E-4
        3716.   2.770000E-4
        3717.   2.450000E-4
        3718.   2.400000E-4
        3719.   2.450000E-4
        3720.   2.440000E-4
        3721.   2.150000E-4
        3722.   2.200000E-4
        3723.   2.090000E-4
        3724.   1.610000E-4
        3725.   1.760000E-4
        3726.   1.650000E-4
        3727.   1.890000E-4
        3728.   1.270000E-4
        3729.   1.440000E-4
        3730.   1.640000E-4
        3731.   1.280000E-4
        3732.   1.180000E-4
        3733.   1.450000E-4
        3734.   9.800000E-5
        3735.   7.900000E-5
        3736.   1.020000E-4
        3737.   1.170000E-4
        3738.   8.300000E-5
        3739.   7.700000E-5
        3740.   7.100000E-5
        3741.   7.700000E-5
        3742.   6.200000E-5
        3743.   5.600000E-5
        3810.   1.467070E-5
        3820.   9.488900E-6
        3830.   6.169290E-6
        3840.   3.785850E-6
        3850.   2.287370E-6
        3860.   1.374250E-6
        3870.   8.323140E-7
        3880.   5.098130E-7
        3890.   3.933430E-7
        3900.   2.676890E-7
        3910.   2.088900E-7
        3920.   2.014970E-7
        3930.   1.937170E-7
        3940.   1.939760E-7
        3950.   1.455380E-7
        3960.   1.346800E-7
        3970.   1.453700E-7
        3980.   1.457680E-7
        3990.   1.239960E-7
        4000.   2.906180E-8
        4010.   1.552450E-8
        4020.   3.306930E-8
        4030.   1.279450E-8
        4040.   1.807720E-8
        4050.   1.756670E-8
        4060.   4.490460E-8
        4070.   6.462830E-9
        4080.   2.169710E-8
        4090.   3.069770E-8
        4100.   2.256730E-8
        4110.   1.861040E-8
        4120.   3.425070E-8
        4130.  1.000230E-10
        4140.   2.852490E-8
        4150.   1.437810E-8
        4160.  1.000230E-10
        4170.   1.554450E-8
        4180.   1.742090E-8
        4190.   2.805560E-8
        4200.   1.086780E-8
        4210.   2.125890E-8
        4220.   4.244560E-8
        4230.   1.208730E-8
        4240.   3.416380E-8
        4250.   3.044960E-8
        4260.   3.679270E-8
        4270.  1.000230E-10
        4280.   2.636500E-8
        4290.   3.843390E-8
        4300.   3.283570E-8
        4310.   3.581060E-8
        4320.   3.533060E-8
        4330.   3.343850E-8
        4340.   3.123210E-8
        4350.   2.296210E-8
        4360.   2.053800E-8
        4370.   3.939840E-8
        4380.   2.026740E-8
        4390.   3.119940E-8
        4400.   3.534770E-8
        4410.   5.595100E-8
        4420.   4.382360E-8
        4430.   5.560620E-9
        4440.   2.975070E-8
        4450.   3.077880E-8
        4460.   2.744570E-8
        4470.   3.121620E-8
        4480.   7.189730E-8
        4490.   4.870040E-8
        4500.   5.572000E-8
        4510.   4.047950E-8
        4520.   3.214620E-8
        4530.   2.083710E-8
        4540.   4.434440E-8
        4550.   5.599470E-8
        4560.   6.348530E-8
        4570.   4.114910E-8
        4580.   4.333910E-8
        4590.   1.111970E-8
        4600.   1.832250E-8
        4610.   2.137760E-8
        4620.   2.744890E-8
        4630.   3.276940E-8
        4640.   1.922590E-8
        4650.   3.711640E-8
        4660.   2.867600E-8
        4670.   5.196630E-8
        4680.   3.959450E-8
        4690.   3.355870E-8
        4700.   3.027350E-8
        4710.   6.119670E-8
        4720.   4.763660E-8
        4730.   2.236080E-8
        4740.   5.265590E-8
        4750.   2.659370E-8
        4760.   3.861850E-8
        4770.   3.805610E-8
        4780.   6.130630E-8
        4790.   2.516730E-8
        4800.   3.930500E-8
        4810.   3.687920E-8
        4820.   3.555240E-8
        4830.   4.436600E-8
        4840.   6.400720E-8
        4850.   5.127290E-8
        4860.   4.594830E-8
        4870.   5.604940E-8
        4880.   3.062040E-8
        4890.   6.204820E-8
        4900.   5.818140E-8
        4910.   5.286960E-8
        4920.   6.032940E-8
        4930.   7.149440E-8
        4940.   2.017610E-8
        4950.   3.097520E-8
        4960.   4.792010E-8
        4970.   5.101720E-8
        4980.   3.399010E-8
        4990.   4.232010E-8
        5000.   4.916680E-8
        5010.   4.747710E-8
        5020.   4.218320E-8
        5030.   5.178300E-8
        5040.   5.314820E-8
        5050.   4.268250E-8
        5060.   3.599430E-8
        5070.   4.938870E-8
        5080.   7.064480E-8
        5090.   6.397300E-8
        5100.   4.237470E-8
        5110.   4.127180E-8
        5120.   6.480570E-8
        5130.   4.007800E-8
        5140.   3.385460E-8
        5150.   5.713880E-8
        5160.   6.929200E-8
        5170.   3.448340E-8
        5180.   3.659070E-8
        5190.   4.467700E-8
        5200.   3.193600E-8
        5210.   1.758100E-8
        5220.   3.909830E-8
        5230.   3.933800E-8
        5240.   1.581940E-8
        5250.   2.614080E-8
        5260.   3.592620E-8
        5270.   3.114150E-8
        5280.   2.017050E-8
        5290.   3.422700E-8
        5300.   2.367400E-8
        5310.   2.013040E-8
        5320.   2.444550E-8
        5330.   2.519400E-8
        5340.   4.323440E-8
        5350.   3.393310E-8
        5360.   2.400660E-8
        5370.   3.505740E-8
        5380.   2.411970E-8
        5390.   2.147500E-8
        5400.   8.937320E-9
        5410.   2.647590E-8
        5420.   2.101920E-8
        5430.   3.469720E-8
        5440.   1.380980E-8
        5450.  1.000230E-10
        5460.  1.000230E-10
        5470.   1.613930E-8
        5480.   1.796410E-8
        5490.   2.865410E-8
        5500.   4.976780E-8
        5510.  1.000230E-10
        5520.   3.872790E-9
        5530.   1.416710E-8
        5540.   2.302480E-8
        5550.   5.477440E-8
        5560.   2.474810E-8
        5570.   3.815530E-8
        5580.   3.557800E-8
        5590.   2.955440E-8
        5600.   3.628530E-8
        5610.   3.894340E-8
        5620.   1.438010E-8
        5630.   2.920840E-8
        5640.   4.916310E-8
        5650.   4.738860E-8
        5660.   2.921810E-8
        5670.   1.807040E-8
        5680.   3.608120E-8
        5690.   3.848360E-8
        5700.   6.058220E-8
        5710.   7.639410E-8
        5720.   3.954140E-8
        5730.   3.723460E-8
        5740.   4.382520E-8
        5750.   5.992660E-8
        5760.   2.646040E-8
        5770.   2.582510E-8
        5780.   2.899300E-8
        5790.   5.659020E-8
        5800.   5.195770E-8
        5810.   4.596960E-8
        5820.   5.881470E-8
        5830.  1.000230E-10
        5840.   2.026740E-8
        5850.   3.405200E-8
        5860.   7.050750E-8
        5870.   2.784480E-8
        5880.   6.308200E-8
        5890.   1.717150E-8
        5900.   2.783900E-8
        5910.   3.118440E-8
        5920.   4.129920E-8
        5930.   1.260060E-8
        5940.   7.928460E-8
        5950.   3.704080E-8
        5960.   4.484180E-8
        5970.   3.038400E-8
        5980.   6.578790E-8
        5990.   5.897870E-8
        6000.   6.653640E-8
        6010.   7.789150E-9
        6020.   3.848120E-8
        6030.   2.839450E-8
        6040.   8.823380E-8
        6050.   3.779260E-8
        6060.   2.951650E-8
        6070.   4.939300E-8
        6080.   5.098260E-8
        6090.   2.700700E-8
        6100.   7.176920E-8
        6110.   8.042070E-8
        6120.   4.351960E-8
        6130.   5.655520E-8
        6140.   5.718430E-8
        6150.   5.184250E-8
        6160.   5.571430E-8
        6170.   6.993960E-8
        6180.   1.601600E-8
        6190.   2.378220E-8
        6200.   4.471830E-8
        6210.   5.012670E-8
        6220.   4.705220E-8
        6230.   5.092610E-8
        6240.   8.665100E-9
        6250.   5.716750E-8
        6260.   2.946880E-8
        6270.   3.614290E-8
        6280.   4.235090E-8
        6290.   2.616350E-8
        6300.   5.258480E-8
        6310.   4.018950E-8
        6320.   7.968380E-9
        6330.   1.043540E-8
        6340.   2.109650E-8
        6350.   1.726290E-8
        6360.   4.286780E-8
        6370.   4.300670E-8
        6380.   2.299080E-8
        6390.   2.543110E-8
        6400.   3.896920E-8
        6410.   3.391720E-8
        6420.  1.000230E-10
        6430.   3.795820E-9
        6440.   4.427320E-9
        6450.   3.025050E-8
        6460.   3.270790E-8
        6470.   3.974730E-8
        6480.  1.000230E-10
        6490.   1.973460E-8
        6500.   2.993310E-8
        6510.   2.511580E-8
        6520.   4.189670E-8
        6530.   6.984580E-8
        6540.   5.658130E-8
        6550.   5.821800E-8
        6560.   1.721010E-8
        6570.   8.592730E-8
        6580.   3.886640E-8
        6590.   5.038310E-8
        6600.   6.184480E-8
        6610.   8.346180E-8
        6620.   5.845980E-8
        6630.   3.283290E-8
        6640.   2.321610E-8
        6650.   3.261720E-8
        6660.   7.227880E-8
        6670.   5.306610E-8
        6680.   3.899520E-8
        6690.   5.931640E-8
        6700.   7.403920E-8
        6710.   3.433490E-8
        6720.   2.189020E-8
        6730.   5.627640E-8
        6740.   6.028210E-8
        6750.   6.762830E-8
        6760.   7.133830E-8
        6770.   3.415930E-8
        6780.   6.081040E-8
        6790.   4.146220E-8
        6800.   6.238250E-8
        6810.   5.350670E-8
        6820.   4.980270E-8
        6830.   4.964290E-8
        6840.   7.743870E-8
        6850.   4.490250E-8
        6860.   8.692420E-8
        6870.   7.286570E-8
        6880.   6.628340E-8
        6890.   8.871890E-8
        6900.   1.162960E-7
        6910.   1.402440E-7
        6920.   1.479260E-7
        6930.   1.426350E-7
        6940.   2.034250E-7
        6950.   1.895490E-7
        6960.   2.046730E-7
        6970.   2.502090E-7
        6980.   2.507710E-7
        6990.   2.810090E-7
        7000.   2.799240E-7
        7010.   3.271450E-7
        7020.   2.908390E-7
        7030.   3.331650E-7
        7040.   3.708940E-7
        7050.   3.799810E-7
        7060.   3.767730E-7
        7070.   3.907780E-7
        7080.   3.975670E-7
        7090.   4.041390E-7
        7100.   3.990630E-7
        7110.   4.637290E-7
        7120.   4.220330E-7
        7130.   4.395850E-7
        7140.   4.135110E-7
        7150.   4.225630E-7
        7160.   3.726280E-7
        7170.   3.939230E-7
        7180.   3.327220E-7
        7190.   3.543040E-7
        7200.   3.569270E-7
        7210.   3.139300E-7
        7220.   3.060600E-7
        7230.   2.573430E-7
        7240.   2.465800E-7
        7250.   2.160560E-7
        7260.   2.146500E-7
        7270.   1.856780E-7
        7280.   1.420110E-7
        7290.   1.612300E-7
        7300.   1.595230E-7
        7310.   1.079960E-7
        7320.   1.485880E-7
        7330.   1.121020E-7
        7340.   7.580610E-8
        7350.   7.894590E-8
        7360.   8.138640E-8
        7370.   6.827530E-8
        7380.   4.888390E-8
        7390.   6.272990E-8
        7400.   7.722820E-8
        7410.   5.146870E-8
        7420.   5.244430E-8
        7430.   7.977900E-9
        7440.   6.080110E-8
        7450.   3.964370E-8
        7460.   4.771320E-8
        7470.   2.532760E-8
        7480.   6.219180E-8
        7490.   3.483450E-8
        7500.   7.660730E-8
        7510.   6.664770E-8
        7520.   4.118460E-8
        7530.   8.943590E-8
        7540.   3.256930E-8
        7550.   5.966870E-8
        7560.   3.975610E-8
        7570.   5.573210E-8
        7580.   1.005750E-7
        7590.   6.257760E-8
        7600.   9.732430E-8
        7610.   3.716100E-8
        7620.   6.900730E-8
        7630.   6.237340E-8
        7640.   3.945030E-8
        7650.   6.842770E-8
        7660.   5.313180E-8
        7670.   6.947980E-8
        7680.   4.134960E-8
        7690.   5.120290E-8
        7700.   8.065140E-8
        7710.   4.402430E-8
        7720.   7.659950E-8
        7730.   6.773840E-8
        7740.   4.641590E-8
        7750.   5.241370E-8
        7760.   5.486460E-8
        7770.   5.911690E-8
        7780.   9.366320E-8
        7790.   5.000500E-8
        7800.   7.554940E-8
        7810.   5.771680E-8
        7820.   7.730230E-8
        7830.   8.415660E-8
        7840.   8.494230E-8
        7850.   9.332990E-8
        7860.   8.741060E-8
        7870.   8.960020E-8
        7880.   6.946570E-8
        7890.   2.323320E-8
        7900.   9.166090E-8
        7910.   6.535220E-8
        7920.   5.876270E-8
        7930.   8.893630E-8
        7940.   6.917640E-8
        7950.   7.949590E-8
        7960.   8.579340E-8
        7970.   4.752880E-8
        7980.   5.671630E-8
        7990.   3.624160E-8
        8000.   8.113680E-8
        8010.   4.217460E-8
        8020.   5.644140E-8
        8030.   6.794600E-8
        8040.   6.344260E-8
        8050.   4.081100E-8
        8060.   4.793780E-8
        8070.  3.066380E-10
        8080.   7.615440E-8
        8090.   6.151510E-8
        8100.   5.541360E-8
        8110.   5.975180E-8
        8120.   1.227040E-8
        8130.   7.008640E-8
        8140.   1.396500E-8
        8150.   1.731500E-8
        8160.   4.847580E-8
        8170.   3.823670E-8
        8180.   3.365960E-8
        8190.   3.066320E-8
        8200.   6.695720E-8
        8210.   5.634920E-8
        8220.   6.723390E-8
        8230.   4.267820E-8
        8240.   3.940220E-8
        8250.   4.913000E-8
        8260.   6.921960E-8
        8270.   3.163530E-8
        8280.   4.364820E-8
        8290.   9.951390E-8
        8300.   7.608820E-8
        8310.   4.836430E-8
        8320.   8.082170E-8
        8330.   3.304760E-8
        8340.   5.102820E-8
        8350.   6.365050E-8
        8360.   1.025370E-7
        8370.   8.853330E-8
        8380.   1.084010E-7
        8390.   1.278100E-7
        8400.   8.651290E-8
        8410.   7.418360E-8
        8420.   1.045480E-7
        8430.   8.639640E-8
        8440.   1.170260E-7
        8450.   1.445930E-7
        8460.   1.160690E-7
        8470.   6.891440E-8
        8480.   9.920630E-8
        8490.   1.252630E-7
        8500.   1.723900E-7
        8510.   7.337130E-8
        8520.   1.183350E-7
        8530.   1.109260E-7
        8540.   1.835270E-7
        8550.   1.156150E-7
        8560.   1.635620E-7
        8570.   1.362810E-7
        8580.   1.764460E-7
        8590.   6.056160E-8
        8600.   1.536760E-7
        8610.   8.568840E-8
        8620.   5.620150E-8
        8630.   6.180190E-8
        8640.   1.623330E-7
        8650.   9.921380E-8
        8660.   1.187450E-7
        8670.   8.961760E-8
        8680.   1.041050E-7
        8690.   4.148080E-8
        8700.  1.000230E-10
        8710.  1.000230E-10
        8720.   1.277680E-7
        8730.  1.000230E-10
        8740.   9.741120E-8
        8750.   1.464960E-7
        8760.  1.000230E-10
        8770.  1.000230E-10
        8780.   2.341600E-7
        8790.  1.000230E-10
        8800.  1.000230E-10
        8810.  1.000230E-10
        8820.   5.446970E-7
        8830.  1.000230E-10
        8840.   1.810170E-7
        8850.   4.259700E-8
        8860.  1.000230E-10
        8870.  1.000230E-10
        8880.   4.655040E-7
        8890.   1.527880E-7
        8900.  1.000230E-10
        8910.  1.000230E-10
        8920.  1.000230E-10
        8930.  1.000230E-10
        8940.   6.976340E-7
        8950.  1.000230E-10
        8960.  1.000230E-10
        8970.   8.133610E-7
        8980.   2.151460E-6
        8990.   6.453050E-7
        9000.   6.131070E-7
        9010.   2.776310E-6
        9020.   1.489060E-7
        9030.   2.239070E-6
        9040.  1.000230E-10
        9050.  1.000230E-10
        9060.   2.065460E-6
        9070.  1.000230E-10
        9080.  1.000230E-10
        9090.   1.433140E-7
        9100.   1.461410E-6
        9110.   1.933200E-7
        9120.   3.396610E-7
        9130.  1.000230E-10
        9140.   1.826870E-6
        9150.  1.000230E-10
        9160.   2.240570E-7
        9170.   9.627490E-7
        9180.   2.033910E-6
        9190.   2.086340E-7
        9200.   1.124240E-7
        9210.  1.000230E-10
        9220.  1.000230E-10
        9230.   1.035050E-6
        9240.   1.521840E-6
        9250.  1.000230E-10
        9260.  1.000230E-10
        9270.  1.000230E-10
        9280.   1.556080E-6
        9290.  1.000230E-10
        9300.   1.451360E-7
        9310.  1.000230E-10
        9320.   7.683090E-7
        9330.  1.000230E-10
        9340.  1.000230E-10
        9350.   1.251420E-6
        9360.   4.610050E-7
        9370.  1.000230E-10
        9380.  1.000230E-10
        9390.   1.086790E-7
        9400.   4.292690E-7
        9410.   1.983100E-7
        9420.  1.000230E-10
        9430.   5.715630E-7
        9440.   2.558430E-7
        9450.   1.790630E-7
        9460.   5.615950E-7
        9470.   1.205180E-7
        9480.  1.000230E-10
        9490.   6.754020E-7
        9500.   1.288520E-6
        9510.   9.325540E-9
        9520.  1.000230E-10
        9530.   7.899350E-8
        9540.   3.354710E-7
        9550.   6.419260E-8
        9560.   4.715760E-7
        9570.   2.808830E-7
        9580.   2.911640E-7
        9590.  1.000230E-10
        9600.   4.244970E-8
        9610.   6.467130E-7
        9620.   5.038660E-7
        9630.   1.130870E-7
        9640.   1.579230E-7
        9650.  1.000230E-10
        9660.   4.579340E-7
        9670.   3.979980E-7
        9680.   6.122690E-7
        9690.   3.842670E-7
        9700.   7.289150E-7
        9710.  1.000230E-10
        9720.  1.000230E-10
        9730.   7.240590E-8
        9740.   5.587500E-8
        9750.   2.630140E-7
        9760.   8.392320E-7
        9770.   5.402120E-7
        9780.   1.186780E-7
        9790.   4.079840E-7
        9800.   5.412860E-7
        9810.   3.102020E-7
        9820.   2.921410E-7
        9830.  1.000230E-10
        9840.   4.322480E-7
        9850.   8.196700E-7
        9860.   2.177750E-7
        9870.  1.000230E-10
        9880.   6.609000E-8
        9890.   8.325990E-7
        9900.   2.518300E-7
        9910.   3.752050E-8
        9920.   3.970410E-7
        9930.   7.263320E-7
        9940.   3.783920E-7
        9950.   4.070760E-7
        9960.   4.887580E-7
        9970.   8.541080E-7
        9980.   4.420310E-7
        9990.   8.034760E-7
       10000.   5.202320E-7
       10010.   5.740610E-7
       10020.   5.507040E-7
       10030.   7.228650E-7
       10040.   5.243720E-7
       10050.   6.056870E-7
       10060.   8.752090E-7
       10070.   8.680480E-7
       10080.   2.573250E-7
       10090.   1.274010E-6
       10100.   1.222780E-6
       10110.   7.851630E-7
       10120.   1.086810E-6
       10130.   9.746680E-7
       10140.   9.737350E-7
       10150.   1.006090E-6
       10160.   7.834560E-7
       10170.   1.055220E-6
       10180.   1.144210E-6
       10190.   8.855990E-7
       10200.   1.695550E-6
       10210.   1.139100E-6
       10220.   1.698640E-6
       10230.   1.506240E-6
       10240.   1.618800E-6
       10250.   1.417220E-6
       10260.   1.775740E-6
       10270.   2.250270E-6
       10280.   1.745950E-6
       10290.   2.034690E-6
       10300.   2.564910E-6
       10310.   2.499710E-6
       10320.   2.415330E-6
       10330.   2.268170E-6
       10340.   2.513400E-6
       10350.   2.876750E-6
       10360.   2.592100E-6
       10370.   2.928210E-6
       10380.   3.436760E-6
       10390.   3.027470E-6
       10400.   3.755580E-6
       10410.   3.400180E-6
       10420.   3.360980E-6
       10430.   4.083120E-6
       10440.   3.999950E-6
       10450.   3.938820E-6
       10460.   4.222740E-6
       10470.   4.053190E-6
       10480.   4.896610E-6
       10490.   4.525810E-6
       10500.   5.227860E-6
       10510.   4.903970E-6
       10520.   5.426310E-6
       10530.   5.371430E-6
       10540.   5.428330E-6
       10550.   5.321670E-6
       10560.   6.105430E-6
       10570.   5.935510E-6
       10580.   6.006660E-6
       10590.   6.399570E-6
       10600.   6.344960E-6
       10610.   6.869510E-6
       10620.   6.479210E-6
       10630.   6.822060E-6
       10640.   6.619280E-6
       10650.   6.845610E-6
       10660.   7.184240E-6
       10670.   7.006920E-6
       10680.   7.263990E-6
       10690.   7.290760E-6
       10700.   7.171350E-6
       10710.   7.290990E-6
       10720.   7.309490E-6
       10730.   7.358630E-6
       10740.   7.034830E-6
       10750.   7.328450E-6
       10760.   7.296520E-6
       10770.   7.279120E-6
       10780.   7.280980E-6
       10790.   7.253510E-6
       10800.   7.338190E-6
       10810.   7.237680E-6
       10820.   7.268100E-6
       10830.   7.049610E-6
       10840.   6.949530E-6
       10850.   6.896050E-6
       10860.   6.963400E-6
       10870.   6.472060E-6
       10880.   6.571490E-6
       10890.   6.276590E-6
       10900.   6.529690E-6
       10910.   6.650190E-6
       10920.   6.324320E-6
       10930.   6.291990E-6
       10940.   5.975770E-6
       10950.   6.175070E-6
       10960.   5.913450E-6
       10970.   5.809140E-6
       10980.   6.049410E-6
       10990.   5.882260E-6
       11000.   5.619140E-6
       11001.            0.
       11002.            0.
