        1988.            0.
        1989.            0.
        1990.   5.105930E-8
        2000.   4.789560E-8
        2010.   5.115900E-8
        2020.   6.896250E-8
        2030.   6.732760E-8
        2040.   6.094950E-8
        2050.   5.934440E-8
        2060.   4.298110E-8
        2070.   4.584590E-8
        2080.   5.972160E-8
        2090.   6.022860E-8
        2100.   5.566830E-8
        2110.   2.445640E-8
        2120.   3.488240E-8
        2130.   3.433650E-8
        2140.   5.070210E-8
        2150.   4.509180E-8
        2160.   4.853920E-8
        2170.   4.561170E-8
        2180.   3.535020E-8
        2190.   4.269260E-8
        2200.   5.007350E-8
        2210.   2.812480E-8
        2220.   4.735380E-8
        2230.   6.928880E-8
        2240.   1.183110E-8
        2250.   4.637310E-8
        2260.   3.525390E-8
        2270.   1.560070E-8
        2280.   6.193380E-8
        2290.   2.292080E-8
        2300.   6.044120E-8
        2310.   1.745500E-8
        2320.   4.734480E-8
        2330.   4.086440E-8
        2340.   2.376560E-8
        2350.   2.137530E-8
        2360.   4.619520E-8
        2370.   4.328520E-8
        2380.   4.113370E-8
        2390.   4.231710E-8
        2400.   3.323970E-8
        2410.   3.538120E-8
        2420.   4.499560E-8
        2430.   2.338320E-8
        2440.   4.796470E-8
        2450.   6.379950E-9
        2460.   2.146450E-8
        2470.   3.666910E-8
        2480.   3.076580E-8
        2490.   5.831250E-8
        2500.   2.028060E-8
        2510.   3.054870E-8
        2520.   5.518180E-8
        2530.   3.628780E-8
        2540.   4.157520E-8
        2550.   4.989740E-8
        2560.   2.909360E-8
        2570.   4.455580E-8
        2580.   5.301390E-8
        2590.   4.059270E-8
        2600.   2.565520E-8
        2610.   5.136280E-8
        2620.   4.127770E-8
        2630.   4.619610E-8
        2640.   1.106490E-8
        2650.   4.863200E-8
        2660.   4.279560E-8
        2670.   1.413080E-8
        2680.   5.081510E-8
        2690.   4.352320E-8
        2700.   3.325110E-8
        2710.   5.413860E-8
        2720.   7.604120E-8
        2730.   7.567860E-8
        2740.   9.233100E-8
        2750.   4.194160E-8
        2760.   8.941620E-8
        2770.   5.573840E-8
        2780.   7.963680E-8
        2790.   1.098850E-7
        2800.   8.388160E-8
        2810.   9.149710E-8
        2820.   1.075510E-7
        2830.   9.563920E-8
        2840.   8.526600E-8
        2850.   9.625630E-8
        2860.   1.039990E-7
        2870.   1.244800E-7
        2880.   1.415830E-7
        2890.   1.123900E-7
        2900.   1.451500E-7
        2910.   1.051710E-7
        2920.   1.604050E-7
        2930.   1.016810E-7
        2940.   1.141250E-7
        2950.   1.461550E-7
        2960.   1.011150E-7
        2970.   1.311060E-7
        2980.   1.016850E-7
        2990.   1.154180E-7
        3000.   1.071320E-7
        3010.   1.178430E-7
        3020.   1.190330E-7
        3030.   9.328310E-8
        3040.   8.827560E-8
        3050.   1.243700E-7
        3060.   9.050230E-8
        3070.   1.200440E-7
        3080.   9.688490E-8
        3090.   1.151380E-7
        3100.   1.287490E-7
        3110.   1.329510E-7
        3120.   1.027880E-7
        3130.   1.041790E-7
        3140.   1.257460E-7
        3150.   9.624780E-8
        3160.   9.660370E-8
        3170.   8.994270E-8
        3180.   1.216710E-7
        3190.   6.897950E-8
        3200.   9.691460E-8
        3210.   8.742830E-8
        3220.   1.240080E-7
        3230.   9.602620E-8
        3240.   1.330960E-7
        3250.   1.418790E-7
        3260.   1.087250E-7
        3270.   1.157420E-7
        3280.   1.342300E-7
        3290.   1.146750E-7
        3300.   1.094370E-7
        3310.   1.755820E-7
        3320.   1.238040E-7
        3330.   1.766110E-7
        3340.   1.438120E-7
        3350.   1.114290E-7
        3360.   1.073800E-7
        3370.   1.410490E-7
        3380.   2.173870E-7
        3390.   1.556560E-7
        3400.   2.182870E-7
        3410.   1.888850E-7
        3420.   1.607010E-7
        3430.   2.082950E-7
        3440.   2.224400E-7
        3450.   2.315810E-7
        3460.   1.820850E-7
        3470.   2.495810E-7
        3480.   2.106600E-7
        3490.   2.408540E-7
        3500.   2.643230E-7
        3510.   2.610930E-7
        3520.   2.732080E-7
        3530.   2.730450E-7
        3540.   2.811730E-7
        3550.   2.541790E-7
        3560.   2.600670E-7
        3570.   2.798100E-7
        3580.   2.369910E-7
        3590.   2.379910E-7
        3600.   3.010260E-7
        3610.   2.996900E-7
        3620.   3.348130E-7
        3630.   3.431860E-7
        3640.   3.033190E-7
        3650.   3.197050E-7
        3660.   3.247610E-7
        3670.   3.737710E-7
        3680.   3.295370E-7
        3690.   3.759090E-7
        3700.   4.177490E-7
        3710.   4.105310E-7
        3720.   4.630250E-7
        3730.   4.917410E-7
        3740.   4.235990E-7
        3750.   4.675030E-7
        3760.   4.600200E-7
        3770.   5.206560E-7
        3780.   5.085600E-7
        3790.   5.088490E-7
        3800.   5.450160E-7
        3810.   5.221500E-7
        3820.   6.199890E-7
        3830.   6.702510E-7
        3840.   6.179970E-7
        3850.   5.941360E-7
        3860.   6.663080E-7
        3870.   6.283170E-7
        3880.   6.374870E-7
        3890.   6.602860E-7
        3900.   7.333130E-7
        3910.   7.345040E-7
        3920.   7.196990E-7
        3930.   7.168380E-7
        3940.   7.423590E-7
        3950.   7.355730E-7
        3960.   8.799060E-7
        3970.   6.699030E-7
        3980.   7.759970E-7
        3990.   7.375410E-7
        4000.   9.274020E-7
        4010.   9.647280E-7
        4020.   9.282880E-7
        4030.   9.514240E-7
        4040.   9.428380E-7
        4050.   9.509660E-7
        4060.   9.642040E-7
        4070.   9.261180E-7
        4080.   8.988810E-7
        4090.   9.225820E-7
        4100.   9.012190E-7
        4110.   9.008450E-7
        4120.   9.287440E-7
        4130.   9.048630E-7
        4140.   8.982520E-7
        4150.   8.594370E-7
        4160.   8.680700E-7
        4170.   8.954630E-7
        4180.   8.536720E-7
        4190.   8.253270E-7
        4200.   8.267640E-7
        4210.   8.583970E-7
        4220.   8.486550E-7
        4230.   8.153020E-7
        4240.   8.165780E-7
        4250.   8.182920E-7
        4260.   7.903860E-7
        4270.   8.366260E-7
        4280.   7.716950E-7
        4290.   7.893380E-7
        4300.   7.875170E-7
        4310.   7.639220E-7
        4320.   7.583260E-7
        4330.   7.867480E-7
        4340.   7.897410E-7
        4350.   7.822930E-7
        4360.   7.616040E-7
        4370.   7.783520E-7
        4380.   7.604370E-7
        4390.   7.595850E-7
        4400.   8.273320E-7
        4410.   7.600340E-7
        4420.   7.588430E-7
        4430.   7.948550E-7
        4440.   7.666750E-7
        4450.   7.844730E-7
        4460.   7.595720E-7
        4470.   8.006770E-7
        4480.   7.707240E-7
        4490.   7.529460E-7
        4500.   7.746420E-7
        4510.   7.862150E-7
        4520.   7.703020E-7
        4530.   7.595560E-7
        4540.   7.471620E-7
        4550.   8.084170E-7
        4560.   8.154150E-7
        4570.   8.044370E-7
        4580.   7.853750E-7
        4590.   7.523800E-7
        4600.   7.698450E-7
        4610.   8.102440E-7
        4620.   8.364710E-7
        4630.   7.835730E-7
        4640.   8.187640E-7
        4650.   8.504390E-7
        4660.   8.000090E-7
        4670.   8.321080E-7
        4680.   7.813000E-7
        4690.   8.565530E-7
        4700.   8.143160E-7
        4710.   8.217870E-7
        4720.   8.404130E-7
        4730.   8.448370E-7
        4740.   8.457260E-7
        4750.   8.412990E-7
        4760.   8.741400E-7
        4770.   8.551550E-7
        4780.   8.529470E-7
        4790.   8.281480E-7
        4800.   8.407270E-7
        4810.   8.678570E-7
        4820.   8.754430E-7
        4830.   8.651590E-7
        4840.   9.102630E-7
        4850.   8.197360E-7
        4860.   8.653540E-7
        4870.   8.855710E-7
        4880.   9.082470E-7
        4890.   8.851230E-7
        4900.   8.879330E-7
        4910.   8.976930E-7
        4920.   8.996280E-7
        4930.   9.469480E-7
        4940.   8.915460E-7
        4950.   9.083260E-7
        4960.   8.895070E-7
        4970.   9.036910E-7
        4980.   9.631810E-7
        4990.   8.874130E-7
        5000.   9.131430E-7
        5010.   9.003360E-7
        5020.   9.392410E-7
        5030.   9.414820E-7
        5040.   9.665740E-7
        5050.   8.928260E-7
        5060.   9.326850E-7
        5070.   8.959090E-7
        5080.   8.994790E-7
        5090.   9.258850E-7
        5100.   9.256210E-7
        5110.   9.273850E-7
        5120.   9.609480E-7
        5130.   9.343490E-7
        5140.   9.529540E-7
        5150.   9.922539E-7
        5160.   9.782190E-7
        5170.   9.954440E-7
        5180.   1.035800E-6
        5190.   9.810950E-7
        5200.   9.976980E-7
        5210.   1.000560E-6
        5220.   9.883620E-7
        5230.   1.036370E-6
        5240.   1.021180E-6
        5250.   1.048640E-6
        5260.   9.924100E-7
        5270.   1.000070E-6
        5280.   1.061480E-6
        5290.   1.074090E-6
        5300.   1.026130E-6
        5310.   1.042600E-6
        5320.   1.081100E-6
        5330.   1.083130E-6
        5340.   1.076770E-6
        5350.   1.072500E-6
        5360.   1.103460E-6
        5370.   1.070410E-6
        5380.   1.086540E-6
        5390.   1.105670E-6
        5400.   1.131870E-6
        5410.   1.148030E-6
        5420.   1.115200E-6
        5430.   1.122910E-6
        5440.   1.134880E-6
        5450.   1.195830E-6
        5460.   1.176670E-6
        5470.   1.224190E-6
        5480.   1.214890E-6
        5490.   1.238450E-6
        5500.   1.292140E-6
        5510.   1.286400E-6
        5520.   1.323740E-6
        5530.   1.324070E-6
        5540.   1.367990E-6
        5550.   1.439490E-6
        5560.   1.473120E-6
        5570.   1.515030E-6
        5580.   1.590450E-6
        5590.   1.639100E-6
        5600.   1.740810E-6
        5610.   1.775910E-6
        5620.   1.864860E-6
        5630.   2.054940E-6
        5640.   2.204760E-6
        5650.   2.456100E-6
        5660.   2.669600E-6
        5670.   2.951010E-6
        5680.   3.341800E-6
        5690.   3.859620E-6
        5700.   4.548630E-6
        5710.   5.451030E-6
        5720.   6.552300E-6
        5730.   8.072270E-6
        5740.   1.025260E-5
        5750.   1.324750E-5
        5760.   1.725740E-5
        5790.   2.500000E-5
        5800.   4.500000E-5
        5810.   9.400000E-5
        5820.   8.700000E-5
        5830.   1.940000E-4
        5840.   2.180000E-4
        5850.   3.640000E-4
        5860.   5.680000E-4
        5870.   8.600000E-4
        5880.      0.001348
        5890.      0.002067
        5900.      0.003314
        5910.      0.005182
        5920.      0.007974
        5930.      0.012315
        5940.      0.018649
        5950.      0.027585
        5960.      0.039927
        5970.      0.056531
        5980.      0.078155
        5990.      0.104711
        6000.      0.135922
        6010.      0.172965
        6020.      0.215328
        6030.      0.260485
        6040.      0.308082
        6050.      0.358515
        6060.      0.409035
        6070.      0.458362
        6080.      0.506355
        6090.      0.552842
        6100.      0.596365
        6110.      0.636503
        6120.      0.673849
        6130.      0.708147
        6140.         0.739
        6150.      0.766599
        6160.      0.791612
        6170.      0.813932
        6180.       0.83374
        6190.      0.851299
        6200.      0.867209
        6210.      0.881357
        6220.      0.893673
        6230.      0.904294
        6240.      0.913676
        6250.      0.922752
        6260.      0.929908
        6270.      0.936625
        6280.      0.942508
        6290.      0.947867
        6300.      0.952652
        6310.      0.956855
        6320.      0.960399
        6330.      0.963348
        6340.      0.966458
        6350.      0.968851
        6360.      0.971137
        6370.      0.973101
        6380.      0.975266
        6390.       0.97664
        6400.      0.978323
        6410.      0.979379
        6420.      0.980538
        6430.       0.98164
        6440.      0.982389
        6450.      0.983134
        6460.      0.984128
        6470.      0.984656
        6480.      0.985188
        6490.      0.985367
        6500.      0.986353
        6510.      0.986258
        6520.       0.98667
        6530.      0.986909
        6540.      0.987258
        6550.      0.987422
        6560.       0.98754
        6570.      0.987871
        6580.       0.98772
        6590.      0.987719
        6600.      0.988008
        6610.      0.988033
        6620.      0.988359
        6630.      0.988011
        6640.      0.987973
        6650.      0.987822
        6660.      0.988069
        6670.      0.988056
        6680.      0.987566
        6690.      0.987644
        6700.      0.987133
        6710.      0.987736
        6720.      0.987308
        6730.      0.986913
        6740.      0.987117
        6750.      0.987062
        6760.      0.987019
        6770.      0.986869
        6780.      0.986712
        6790.      0.986878
        6800.       0.98645
        6810.       0.98645
        6820.      0.986175
        6830.      0.986001
        6840.      0.985547
        6850.      0.985459
        6860.      0.985793
        6870.       0.98561
        6880.        0.9853
        6890.      0.985404
        6900.      0.984773
        6910.       0.98463
        6920.      0.984668
        6930.      0.984497
        6940.      0.984439
        6950.      0.984615
        6960.      0.984041
        6970.      0.984217
        6980.      0.984085
        6990.      0.984082
        7000.      0.983983
        7010.      0.983738
        7020.      0.983613
        7030.      0.983387
        7040.      0.983289
        7050.      0.983366
        7060.       0.98331
        7070.      0.983425
        7080.       0.98327
        7090.      0.983183
        7100.      0.983099
        7110.      0.983085
        7120.      0.983246
        7130.      0.983175
        7140.      0.983154
        7150.      0.982808
        7160.      0.982727
        7170.      0.982894
        7180.      0.982894
        7190.      0.982547
        7200.      0.982652
        7210.      0.983027
        7220.      0.982749
        7230.      0.982663
        7240.       0.98286
        7250.       0.98258
        7260.      0.982766
        7270.      0.982806
        7280.      0.982743
        7290.       0.98278
        7300.      0.982732
        7310.      0.982858
        7320.      0.982924
        7330.      0.982771
        7340.      0.982573
        7350.      0.982743
        7360.      0.982458
        7370.      0.982711
        7380.      0.982953
        7390.      0.982992
        7400.      0.982913
        7410.      0.983208
        7420.      0.982991
        7430.      0.983226
        7440.      0.983165
        7450.      0.983208
        7460.      0.983412
        7470.      0.983314
        7480.      0.983809
        7490.      0.983268
        7500.      0.983316
        7510.      0.983482
        7520.       0.98352
        7530.      0.983368
        7540.      0.983555
        7550.      0.983814
        7560.      0.983904
        7570.      0.983721
        7580.      0.983606
        7590.       0.98334
        7600.      0.983867
        7610.      0.983564
        7620.      0.983685
        7630.      0.984123
        7640.      0.983896
        7650.      0.983596
        7660.       0.98413
        7670.      0.984568
        7680.      0.984111
        7690.      0.983962
        7700.      0.983895
        7710.      0.984359
        7720.      0.984424
        7730.      0.984486
        7740.      0.984779
        7750.      0.984475
        7760.      0.984846
        7770.      0.984679
        7780.      0.985113
        7790.      0.984915
        7800.       0.98489
        7810.      0.984788
        7820.      0.985084
        7830.      0.985074
        7840.      0.985439
        7850.      0.984652
        7860.      0.985097
        7870.      0.984657
        7880.      0.984747
        7890.      0.984715
        7900.      0.984872
        7910.      0.985515
        7920.      0.985216
        7930.      0.985658
        7940.      0.985106
        7950.       0.98513
        7960.      0.985354
        7970.      0.985223
        7980.      0.985552
        7990.      0.985738
        8000.      0.985842
        8010.      0.985097
        8020.      0.985494
        8030.      0.985317
        8040.      0.985879
        8050.      0.985802
        8060.      0.985118
        8070.      0.985676
        8080.      0.985966
        8090.      0.986053
        8100.      0.985497
        8110.      0.986334
        8120.      0.986008
        8130.      0.985527
        8140.      0.985377
        8150.      0.985816
        8160.      0.985796
        8170.       0.98596
        8180.      0.986141
        8190.      0.985506
        8200.      0.985738
        8210.      0.986377
        8220.      0.985779
        8230.       0.98564
        8240.      0.986681
        8250.      0.985724
        8260.      0.986084
        8270.      0.985947
        8280.      0.986233
        8290.      0.986278
        8300.      0.986278
        8310.      0.986205
        8320.      0.986867
        8330.      0.986871
        8340.      0.986155
        8350.      0.986454
        8360.      0.985583
        8370.      0.986379
        8380.      0.986324
        8390.      0.986053
        8400.      0.986008
        8410.      0.986561
        8420.      0.986566
        8430.      0.986871
        8440.      0.986046
        8450.      0.986383
        8460.      0.985823
        8470.      0.986867
        8480.      0.986547
        8490.      0.986408
        8500.      0.986558
        8510.      0.986237
        8520.      0.986852
        8530.      0.985768
        8540.      0.985886
        8550.      0.986202
        8560.      0.986594
        8570.      0.986015
        8580.      0.986071
        8590.      0.986142
        8600.      0.986353
        8610.      0.987517
        8620.      0.986539
        8630.      0.986642
        8640.      0.986674
        8650.      0.986995
        8660.      0.986958
        8670.      0.986135
        8680.      0.987205
        8690.      0.987047
        8700.      0.985895
        8710.      0.987243
        8720.      0.987504
        8730.      0.986114
        8740.      0.986323
        8750.      0.985928
        8760.      0.985862
        8770.      0.987652
        8780.      0.986581
        8790.      0.986383
        8800.      0.988011
        8810.      0.986476
        8820.      0.987312
        8830.       0.98665
        8840.      0.989165
        8850.      0.986663
        8860.      0.987322
        8870.      0.986311
        8880.      0.988163
        8890.       0.98716
        8900.      0.987776
        8910.      0.988544
        8920.      0.988535
        8930.      0.986882
        8940.      0.988785
        8950.      0.986636
        8960.       0.99083
        8970.      0.987958
        8980.      0.989309
        8990.      0.987708
        9000.      0.987112
        9010.      0.988072
        9020.      0.987902
        9030.       0.98777
        9040.      0.987905
        9050.      0.987875
        9060.        0.9879
        9070.      0.988121
        9080.      0.988114
        9090.      0.988113
        9100.      0.987863
        9110.      0.988025
        9120.      0.988169
        9130.      0.988548
        9140.      0.988505
        9150.      0.988299
        9160.      0.988703
        9170.       0.98881
        9180.      0.988578
        9190.      0.988882
        9200.      0.988787
        9210.      0.989237
        9220.      0.988636
        9230.      0.989535
        9240.      0.989063
        9250.       0.98896
        9260.       0.98942
        9270.      0.989107
        9280.      0.989591
        9290.      0.989947
        9300.      0.989871
        9310.      0.989523
        9320.      0.989936
        9330.      0.990252
        9340.      0.990009
        9350.      0.989943
        9360.      0.989999
        9370.      0.989959
        9380.      0.990207
        9390.      0.990271
        9400.      0.990835
        9410.      0.990536
        9420.      0.990857
        9430.      0.990759
        9440.      0.990888
        9450.      0.990802
        9460.       0.99071
        9470.      0.990955
        9480.      0.990883
        9490.      0.990891
        9500.      0.991265
        9510.      0.991184
        9520.      0.991203
        9530.      0.991058
        9540.      0.991541
        9550.      0.991242
        9560.      0.991628
        9570.      0.991742
        9580.      0.991413
        9590.      0.991778
        9600.       0.99185
        9610.      0.991799
        9620.      0.991994
        9630.      0.991873
        9640.      0.992462
        9650.      0.991704
        9660.      0.992047
        9670.      0.992267
        9680.       0.99196
        9690.      0.992062
        9700.       0.99211
        9710.      0.992501
        9720.      0.992347
        9730.      0.992258
        9740.      0.992509
        9750.      0.992634
        9760.      0.992498
        9770.      0.992513
        9780.      0.992447
        9790.        0.9927
        9800.      0.992762
        9810.      0.992817
        9820.      0.992798
        9830.      0.992859
        9840.      0.992863
        9850.      0.992746
        9860.      0.993035
        9870.      0.992918
        9880.      0.993248
        9890.       0.99303
        9900.      0.993258
        9910.      0.993127
        9920.      0.992934
        9930.      0.993025
        9940.      0.992835
        9950.      0.993209
        9960.      0.993078
        9970.      0.993265
        9980.      0.993291
        9990.      0.993342
       10000.      0.993457
       10010.      0.993446
       10020.      0.993025
       10030.      0.992882
       10040.      0.993137
       10050.      0.993324
       10060.      0.992893
       10070.      0.993057
       10080.      0.993139
       10090.      0.992853
       10100.       0.99278
       10110.      0.992491
       10120.      0.992513
       10130.      0.992645
       10140.      0.993034
       10150.      0.992626
       10160.      0.992506
       10170.      0.992718
       10180.       0.99236
       10190.      0.992454
       10200.      0.992139
       10210.      0.992457
       10220.      0.992024
       10230.      0.991909
       10240.      0.992013
       10250.      0.991897
       10260.      0.991904
       10270.      0.991726
       10280.      0.991466
       10290.      0.991625
       10300.      0.990968
       10310.      0.991417
       10320.       0.99146
       10330.      0.991021
       10340.      0.990846
       10350.      0.990778
       10360.      0.990554
       10370.      0.990906
       10380.      0.990365
       10390.      0.990139
       10400.       0.99017
       10410.      0.989932
       10420.      0.989542
       10430.      0.989212
       10440.      0.989458
       10450.      0.988988
       10460.      0.988663
       10470.      0.988964
       10480.      0.988593
       10490.      0.988347
       10500.      0.988147
       10510.      0.988168
       10520.      0.987693
       10530.      0.987708
       10540.       0.98701
       10550.      0.987182
       10560.      0.986901
       10570.      0.986478
       10580.      0.986458
       10590.      0.985983
       10600.      0.985965
       10610.      0.985375
       10620.      0.985776
       10630.      0.985555
       10640.      0.984786
       10650.      0.984669
       10660.      0.984342
       10670.      0.984527
       10680.      0.983692
       10690.      0.983577
       10700.      0.983473
       10710.      0.983128
       10720.      0.982508
       10730.      0.982326
       10740.       0.98215
       10750.      0.981621
       10760.      0.981529
       10770.       0.98121
       10780.      0.980576
       10790.      0.980404
       10800.      0.980028
       10810.      0.979864
       10820.      0.979262
       10830.      0.978855
       10840.       0.97866
       10850.       0.97854
       10860.      0.977766
       10870.      0.977222
       10880.      0.977085
       10890.      0.976944
       10900.      0.976398
       10910.      0.976443
       10920.      0.975683
       10930.      0.975243
       10940.      0.974975
       10950.      0.974312
       10960.      0.973993
       10970.      0.973788
       10980.      0.973093
       10990.      0.972822
       11000.      0.972264
       11001.            0.
       11002.            0.
