        1938.            0.
        1939.            0.
        1940.   1.940250E-6
        1950.   1.863820E-6
        1960.   1.679760E-6
        1970.   1.522860E-6
        1980.   1.461370E-6
        1990.   1.367670E-6
        2000.   1.271090E-6
        2010.   1.186360E-6
        2020.   1.103250E-6
        2030.   1.055890E-6
        2040.   9.068860E-7
        2050.   8.197630E-7
        2060.   7.416740E-7
        2070.   7.007470E-7
        2080.   6.342300E-7
        2090.   6.011570E-7
        2100.   5.079970E-7
        2110.   4.912090E-7
        2120.   4.377690E-7
        2130.   4.075770E-7
        2140.   3.760700E-7
        2150.   3.412850E-7
        2160.   3.277650E-7
        2170.   3.148960E-7
        2180.   3.002560E-7
        2190.   2.894520E-7
        2200.   2.521980E-7
        2210.   2.557170E-7
        2220.   2.421910E-7
        2230.   2.399150E-7
        2240.   2.135760E-7
        2250.   2.204320E-7
        2260.   1.931480E-7
        2270.   2.019050E-7
        2280.   2.036640E-7
        2290.   2.038810E-7
        2300.   2.088030E-7
        2310.   2.021110E-7
        2320.   2.049750E-7
        2330.   2.051390E-7
        2340.   1.826110E-7
        2350.   1.798570E-7
        2360.   1.808920E-7
        2370.   1.835870E-7
        2380.   1.973340E-7
        2390.   1.808420E-7
        2400.   1.829220E-7
        2410.   1.856520E-7
        2420.   1.984430E-7
        2430.   1.977800E-7
        2440.   2.218900E-7
        2450.   2.305140E-7
        2460.   2.238750E-7
        2470.   2.548910E-7
        2480.   2.848660E-7
        2490.   3.014370E-7
        2500.   3.427190E-7
        2510.   3.940470E-7
        2520.   4.311560E-7
        2530.   4.868510E-7
        2540.   5.449850E-7
        2550.   6.365160E-7
        2560.   7.108910E-7
        2570.   8.033320E-7
        2580.   9.052660E-7
        2590.   1.022050E-6
        2600.   1.230200E-6
        2610.   1.343000E-6
        2620.   1.499890E-6
        2630.   1.669290E-6
        2640.   1.879520E-6
        2650.   2.086150E-6
        2660.   2.339050E-6
        2670.   2.634380E-6
        2680.   2.896980E-6
        2690.   3.141070E-6
        2700.   3.476380E-6
        2710.   3.827900E-6
        2720.   4.239600E-6
        2730.   4.603690E-6
        2740.   5.071520E-6
        2750.   5.540860E-6
        2760.   6.010890E-6
        2770.   6.456260E-6
        2780.   6.885820E-6
        2790.   7.484470E-6
        2800.   8.123540E-6
        2810.   8.341380E-6
        2820.   9.009050E-6
        2830.   9.279000E-6
        2840.   9.674800E-6
        2850.   9.767420E-6
        2860.   1.004860E-5
        2870.   1.009250E-5
        2880.   9.920300E-6
        2890.   9.874910E-6
        2900.   9.586980E-6
        2910.   9.178930E-6
        2920.   8.708690E-6
        2930.   8.223920E-6
        2940.   7.865450E-6
        2950.   7.225020E-6
        2960.   6.747250E-6
        2970.   6.183180E-6
        2980.   5.665170E-6
        2990.   5.277360E-6
        3000.   4.822750E-6
        3010.   4.540490E-6
        3020.   4.187050E-6
        3030.   3.827190E-6
        3040.   3.618980E-6
        3050.   3.288230E-6
        3060.   3.095460E-6
        3070.   2.838040E-6
        3080.   2.677830E-6
        3090.   2.510110E-6
        3100.   2.365360E-6
        3110.   2.267850E-6
        3120.   2.158390E-6
        3130.   2.035130E-6
        3140.   1.916450E-6
        3150.   1.883580E-6
        3160.   1.753760E-6
        3170.   1.719840E-6
        3180.   1.683250E-6
        3190.   1.664150E-6
        3200.   1.660700E-6
        3210.   1.632290E-6
        3220.   1.581910E-6
        3230.   1.605900E-6
        3240.   1.605860E-6
        3250.   1.562510E-6
        3260.   1.588510E-6
        3270.   1.586680E-6
        3280.   1.619040E-6
        3290.   1.595530E-6
        3300.   1.656730E-6
        3310.   1.648940E-6
        3320.   1.694310E-6
        3330.   1.823830E-6
        3340.   1.843970E-6
        3350.   1.920160E-6
        3360.   2.024800E-6
        3370.   2.125460E-6
        3380.   2.251810E-6
        3390.   2.378780E-6
        3400.   2.613800E-6
        3410.   2.875180E-6
        3420.   3.172280E-6
        3430.   3.513730E-6
        3440.   3.874090E-6
        3450.   4.175500E-6
        3460.   4.837920E-6
        3470.   5.495880E-6
        3480.   6.553890E-6
        3490.   7.624810E-6
        3500.   9.232730E-6
        3510.   1.077160E-5
        3520.   1.332000E-5
        3530.   1.629100E-5
        3540.   2.025570E-5
        3550.   2.531080E-5
        3560.   3.242810E-5
        3570.   4.120810E-5
        3580.   5.323670E-5
        3590.   6.997420E-5
        3600.   9.436780E-5
        3610.   1.257120E-4
        3620.   1.707760E-4
        3630.   2.359330E-4
        3640.   3.283210E-4
        3650.   4.675540E-4
        3670.   6.950000E-4
        3680.   9.980000E-4
        3690.      0.001525
        3700.      0.002341
        3710.      0.003569
        3720.      0.005668
        3730.      0.009264
        3740.      0.015351
        3750.      0.025993
        3760.      0.045945
        3770.      0.083024
        3780.      0.147931
        3790.      0.253941
        3800.      0.402808
        3810.      0.566372
        3820.       0.69683
        3830.      0.769956
        3840.      0.798207
        3850.      0.804321
        3860.      0.804341
        3870.      0.805741
        3880.      0.809295
        3890.      0.812855
        3900.      0.814629
        3910.      0.814981
        3920.      0.814182
        3930.      0.812769
        3940.      0.810985
        3950.      0.811175
        3960.      0.812363
        3970.      0.815909
        3980.      0.821574
        3990.      0.827424
        4000.      0.834072
        4010.       0.84039
        4020.        0.8456
        4030.      0.849826
        4040.      0.852975
        4050.      0.853625
        4060.       0.85331
        4070.      0.852146
        4080.      0.850018
        4090.      0.848792
        4100.      0.846904
        4110.      0.844881
        4120.      0.845266
        4130.      0.845206
        4140.      0.847675
        4150.      0.850314
        4160.      0.853823
        4170.      0.857565
        4180.      0.862106
        4190.      0.866629
        4200.      0.871467
        4210.      0.873719
        4220.      0.877656
        4230.      0.878797
        4240.      0.880461
        4250.      0.880716
        4260.      0.880139
        4270.      0.880001
        4280.       0.87824
        4290.      0.877536
        4300.      0.875973
        4310.      0.875278
        4320.      0.875164
        4330.      0.874608
        4340.      0.875161
        4350.      0.876473
        4360.      0.878198
        4370.      0.880406
        4380.      0.883067
        4390.      0.885982
        4400.      0.888735
        4410.      0.892333
        4420.      0.895566
        4430.      0.898822
        4440.      0.900429
        4450.       0.90223
        4460.      0.903978
        4470.      0.903607
        4480.       0.90448
        4490.      0.903119
        4500.      0.902332
        4510.      0.901203
        4520.      0.898825
        4530.      0.897221
        4540.      0.894836
        4550.      0.892958
        4560.      0.891635
        4570.      0.889603
        4580.      0.888896
        4590.       0.88811
        4600.      0.888288
        4610.      0.889191
        4620.      0.890208
        4630.      0.892301
        4640.      0.894456
        4650.       0.89804
        4660.      0.900252
        4670.      0.904624
        4680.      0.908509
        4690.      0.911986
        4700.      0.916445
        4710.      0.919622
        4720.      0.923633
        4730.      0.926715
        4740.      0.929733
        4750.      0.932474
        4760.      0.933834
        4770.      0.935836
        4780.      0.935351
        4790.      0.936515
        4800.      0.935871
        4810.      0.934766
        4820.      0.933663
        4830.      0.931219
        4840.      0.929253
        4850.      0.926294
        4860.      0.924587
        4870.      0.922977
        4880.      0.918931
        4890.      0.917414
        4900.      0.914614
        4910.      0.913382
        4920.      0.912448
        4930.       0.91058
        4940.      0.910179
        4950.      0.909275
        4960.      0.910423
        4970.      0.909949
        4980.      0.910644
        4990.      0.912182
        5000.      0.913145
        5010.       0.91629
        5020.      0.918018
        5030.      0.920876
        5040.      0.922929
        5050.      0.925298
        5060.      0.928674
        5070.      0.929876
        5080.      0.933197
        5090.      0.935593
        5100.      0.937812
        5110.      0.939704
        5120.      0.940938
        5130.      0.943126
        5140.      0.943039
        5150.      0.944182
        5160.      0.943227
        5170.      0.943878
        5180.      0.943314
        5190.      0.941271
        5200.      0.941916
        5210.      0.938861
        5220.      0.936297
        5230.       0.93485
        5240.      0.932651
        5250.      0.930581
        5260.      0.927082
        5270.      0.925035
        5280.      0.921842
        5290.      0.919421
        5300.      0.916352
        5310.      0.913565
        5320.      0.911134
        5330.      0.907548
        5340.       0.90564
        5350.      0.902697
        5360.      0.900558
        5370.      0.898394
        5380.       0.89487
        5390.      0.893325
        5400.      0.890552
        5410.      0.888608
        5420.      0.886618
        5430.      0.883066
        5440.      0.881413
        5450.      0.878256
        5460.      0.875998
        5470.       0.87354
        5480.      0.870353
        5490.      0.867464
        5500.      0.863053
        5510.      0.859728
        5520.      0.856698
        5530.      0.852371
        5540.      0.848312
        5550.      0.842867
        5560.      0.838839
        5570.      0.832722
        5580.      0.828086
        5590.      0.822236
        5600.      0.815997
        5610.      0.810052
        5620.      0.802789
        5630.      0.797008
        5640.      0.789531
        5650.      0.782195
        5660.      0.774805
        5670.      0.766574
        5680.      0.759484
        5690.      0.751886
        5700.      0.743393
        5710.      0.735272
        5720.      0.727043
        5730.      0.718044
        5740.       0.71081
        5750.      0.701777
        5760.      0.693543
        5770.      0.684208
        5780.      0.676283
        5790.      0.667551
        5800.      0.659075
        5810.      0.650175
        5820.      0.641082
        5830.      0.633048
        5840.      0.623741
        5850.      0.614929
        5860.      0.606355
        5870.      0.597395
        5880.      0.588738
        5890.       0.57915
        5900.      0.570686
        5910.       0.56127
        5920.      0.551854
        5930.      0.542844
        5940.      0.533408
        5950.      0.524227
        5960.      0.514234
        5970.      0.505103
        5980.      0.495388
        5990.      0.485761
        6000.      0.475894
        6010.      0.465959
        6020.      0.456097
        6030.       0.44623
        6040.      0.436307
        6050.      0.426175
        6060.      0.416728
        6070.      0.406585
        6080.      0.396091
        6090.       0.38615
        6100.      0.376045
        6110.      0.366344
        6120.       0.35637
        6130.      0.346497
        6140.      0.337027
        6150.       0.32751
        6160.      0.317699
        6170.      0.308388
        6180.      0.299477
        6190.      0.290431
        6200.      0.281398
        6210.      0.272595
        6220.      0.264138
        6230.      0.255837
        6240.        0.2475
        6250.      0.239349
        6260.      0.231664
        6270.      0.224102
        6280.      0.216432
        6290.      0.209401
        6300.      0.202279
        6310.      0.195554
        6320.      0.188717
        6330.      0.182312
        6340.      0.176107
        6350.      0.169771
        6360.      0.163819
        6370.      0.158018
        6380.      0.152513
        6390.      0.146975
        6400.      0.141798
        6410.      0.136565
        6420.      0.131679
        6430.      0.126759
        6440.       0.12195
        6450.      0.117568
        6460.      0.113144
        6470.      0.108838
        6480.      0.104609
        6490.      0.100587
        6500.      0.096625
        6510.      0.092813
        6520.      0.089082
        6530.      0.085466
        6540.      0.082032
        6550.      0.078604
        6560.      0.075264
        6570.      0.072093
        6580.      0.069093
        6590.      0.066032
        6600.      0.063097
        6610.      0.060346
        6620.       0.05767
        6630.      0.054876
        6640.       0.05236
        6650.      0.049861
        6660.      0.047518
        6670.      0.045197
        6680.       0.04299
        6690.      0.040854
        6700.      0.038798
        6710.      0.036684
        6720.       0.03481
        6730.      0.033067
        6740.      0.031236
        6750.      0.029551
        6760.      0.027928
        6770.      0.026382
        6780.      0.024868
        6790.      0.023435
        6800.       0.02208
        6810.      0.020845
        6820.      0.019602
        6830.      0.018471
        6840.      0.017339
        6850.      0.016303
        6860.      0.015331
        6870.      0.014391
        6880.      0.013491
        6890.       0.01266
        6900.       0.01188
        6910.      0.011104
        6920.      0.010431
        6930.      0.009768
        6940.      0.009168
        6950.       0.00854
        6960.      0.008027
        6970.       0.00749
        6980.      0.007007
        6990.      0.006549
        7000.      0.006183
        7010.      0.005758
        7020.      0.005383
        7030.      0.005028
        7040.       0.00472
        7050.      0.004389
        7060.       0.00413
        7070.       0.00383
        7080.      0.003578
        7090.      0.003368
        7100.       0.00313
        7110.      0.002958
        7120.      0.002714
        7130.      0.002601
        7140.      0.002406
        7150.      0.002261
        7160.      0.002116
        7170.      0.001995
        7180.      0.001837
        7190.      0.001743
        7200.      0.001617
        7210.      0.001522
        7220.       0.00142
        7230.      0.001313
        7240.      0.001239
        7250.      0.001169
        7260.      0.001087
        7270.       0.00102
        7280.   9.530000E-4
        7290.   8.980000E-4
        7300.   8.190000E-4
        7310.   8.010000E-4
        7320.   7.760590E-4
        7330.   7.222260E-4
        7340.   6.789990E-4
        7350.   6.352330E-4
        7360.   6.011760E-4
        7370.   5.697150E-4
        7380.   5.326450E-4
        7390.   4.959420E-4
        7400.   4.688710E-4
        7410.   4.397470E-4
        7420.   4.141160E-4
        7430.   3.895900E-4
        7440.   3.653840E-4
        7450.   3.457010E-4
        7460.   3.207920E-4
        7470.   3.018670E-4
        7480.   2.865170E-4
        7490.   2.685820E-4
        7500.   2.496140E-4
        7510.   2.357240E-4
        7520.   2.207640E-4
        7530.   2.072130E-4
        7540.   1.942830E-4
        7550.   1.819830E-4
        7560.   1.699440E-4
        7570.   1.604860E-4
        7580.   1.489130E-4
        7590.   1.394580E-4
        7600.   1.317260E-4
        7610.   1.236350E-4
        7620.   1.152470E-4
        7630.   1.078130E-4
        7640.   1.024300E-4
        7650.   9.560660E-5
        7660.   8.971090E-5
        7670.   8.326070E-5
        7680.   7.757650E-5
        7690.   7.356820E-5
        7700.   6.850610E-5
        7710.   6.428700E-5
        7720.   5.993620E-5
        7730.   5.561730E-5
        7740.   5.219610E-5
        7750.   4.924500E-5
        7760.   4.565080E-5
        7770.   4.316350E-5
        7780.   4.022370E-5
        7790.   3.773440E-5
        7800.   3.498200E-5
        7810.   3.279850E-5
        7820.   3.063260E-5
        7830.   2.867180E-5
        7840.   2.702490E-5
        7850.   2.550720E-5
        7860.   2.353700E-5
        7870.   2.196850E-5
        7880.   2.074360E-5
        7890.   1.952860E-5
        7900.   1.826950E-5
        7910.   1.710100E-5
        7920.   1.595280E-5
        7930.   1.523450E-5
        7940.   1.429400E-5
        7950.   1.358210E-5
        7960.   1.258860E-5
        7970.   1.207680E-5
        7980.   1.134860E-5
        7990.   1.056980E-5
        8000.   9.548160E-6
        8010.   9.129360E-6
        8020.   8.546350E-6
        8030.   8.079470E-6
        8040.   7.538520E-6
        8050.   7.192020E-6
        8060.   6.874980E-6
        8070.   6.510960E-6
        8080.   6.094110E-6
        8090.   5.840770E-6
        8100.   5.516120E-6
        8110.   5.184740E-6
        8120.   5.003830E-6
        8130.   4.829260E-6
        8140.   4.570960E-6
        8150.   4.366840E-6
        8160.   4.091640E-6
        8170.   3.974570E-6
        8180.   3.776700E-6
        8190.   3.667690E-6
        8200.   3.416590E-6
        8210.   3.313680E-6
        8220.   3.146960E-6
        8230.   2.932570E-6
        8240.   2.806200E-6
        8250.   2.765470E-6
        8260.   2.690540E-6
        8270.   2.528930E-6
        8280.   2.463260E-6
        8290.   2.474780E-6
        8300.   2.274120E-6
        8310.   2.223230E-6
        8320.   2.084420E-6
        8330.   2.071010E-6
        8340.   1.994140E-6
        8350.   1.864740E-6
        8360.   1.983730E-6
        8370.   1.812160E-6
        8380.   1.734710E-6
        8390.   1.722530E-6
        8400.   1.737110E-6
        8410.   1.610960E-6
        8420.   1.590400E-6
        8430.   1.543530E-6
        8440.   1.518350E-6
        8450.   1.478090E-6
        8460.   1.395170E-6
        8470.   1.447080E-6
        8480.   1.426740E-6
        8490.   1.359800E-6
        8500.   1.050590E-5
        8510.   3.354120E-6
        8520.   8.396360E-6
        8530.   8.401950E-7
        8540.   1.789820E-6
        8550.   9.936240E-6
        8560.   9.594930E-6
        8570.   8.028640E-6
        8580.  1.000230E-10
        8590.   1.152460E-5
        8600.   2.191030E-6
        8610.   9.907020E-6
        8620.   5.422830E-6
        8630.   8.278030E-6
        8640.   1.077650E-5
        8650.   3.874450E-6
        8660.   3.114800E-6
        8670.   5.541310E-6
        8680.   4.798100E-6
        8690.   6.762250E-6
        8700.   1.400740E-6
        8710.   5.244220E-6
        8720.   1.147790E-5
        8730.   5.206980E-6
        8740.   1.675500E-6
        8750.   5.337500E-6
        8760.   8.156730E-6
        8770.   4.652440E-6
        8780.   1.039860E-6
        8790.   9.322340E-6
        8800.   5.232240E-6
        8810.   7.151680E-6
        8820.   3.296260E-6
        8830.   5.737900E-6
        8840.   2.061650E-6
        8850.   4.378090E-6
        8860.   3.008690E-6
        8870.   5.746920E-6
        8880.   1.246430E-6
        8890.   4.369380E-6
        8900.   3.849750E-6
        8910.  1.000230E-10
        8920.   3.145900E-6
        8930.   5.637510E-6
        8940.   1.582180E-6
        8950.   5.376790E-6
        8960.   4.244160E-6
        8970.   4.031070E-6
        8980.   5.690540E-6
        8990.   4.548340E-6
        9000.   5.216700E-6
        9010.   3.205990E-6
        9020.   4.201220E-6
        9030.   2.551070E-6
        9040.   1.960780E-6
        9050.   6.098330E-6
        9060.   2.722910E-6
        9070.   2.274370E-6
        9080.   3.303620E-6
        9090.   2.876650E-6
        9100.   2.335290E-6
        9110.   2.014470E-6
        9120.   1.944770E-6
        9130.   4.119080E-6
        9140.   9.288340E-7
        9150.   2.562050E-6
        9160.   3.013690E-6
        9170.   1.263010E-6
        9180.   1.736100E-6
        9190.   2.037830E-6
        9200.   3.980700E-6
        9210.   2.060070E-6
        9220.   3.073720E-6
        9230.   2.179510E-6
        9240.   2.580650E-6
        9250.   3.284130E-6
        9260.   6.438740E-7
        9270.   3.588070E-6
        9280.   2.777700E-6
        9290.   1.675050E-6
        9300.   1.207870E-6
        9310.   3.410810E-6
        9320.   1.626680E-6
        9330.   2.132490E-6
        9340.   8.567140E-7
        9350.   2.374070E-6
        9360.   2.051630E-6
        9370.   1.421330E-6
        9380.   2.896470E-6
        9390.   2.078210E-6
        9400.   1.975230E-6
        9410.   1.661070E-6
        9420.   2.397700E-6
        9430.   1.806050E-6
        9440.   2.215160E-6
        9450.   2.398230E-6
        9460.   1.735670E-6
        9470.   2.180050E-6
        9480.   2.250090E-6
        9490.   2.643110E-6
        9500.   2.175420E-6
        9510.   2.153800E-6
        9520.   2.756980E-6
        9530.   1.470880E-6
        9540.   1.745610E-6
        9550.   2.417670E-6
        9560.   2.482100E-6
        9570.   1.722060E-6
        9580.   2.011180E-6
        9590.   3.067730E-6
        9600.   1.938430E-6
        9610.   3.341240E-6
        9620.   2.029250E-6
        9630.   1.950310E-6
        9640.   2.536440E-6
        9650.   3.044830E-6
        9660.   2.711560E-6
        9670.   2.360960E-6
        9680.   2.820570E-6
        9690.   2.668860E-6
        9700.   2.334050E-6
        9710.   2.890170E-6
        9720.   2.905560E-6
        9730.   2.885390E-6
        9740.   1.945630E-6
        9750.   2.250300E-6
        9760.   2.556100E-6
        9770.   2.970950E-6
        9780.   2.548500E-6
        9790.   3.016510E-6
        9800.   3.341460E-6
        9810.   2.389620E-6
        9820.   2.695260E-6
        9830.   2.889100E-6
        9840.   2.865500E-6
        9850.   3.359240E-6
        9860.   2.801670E-6
        9870.   3.366630E-6
        9880.   3.303130E-6
        9890.   3.789000E-6
        9900.   3.814430E-6
        9910.   3.611050E-6
        9920.   4.171560E-6
        9930.   3.581290E-6
        9940.   3.221490E-6
        9950.   4.205160E-6
        9960.   3.905290E-6
        9970.   3.847350E-6
        9980.   3.759280E-6
        9990.   3.951600E-6
       10000.   4.470160E-6
       10010.   4.717450E-6
       10020.   4.156780E-6
       10030.   4.892910E-6
       10040.   5.034330E-6
       10050.   4.646570E-6
       10060.   4.645790E-6
       10070.   4.661940E-6
       10080.   6.087490E-6
       10090.   5.532000E-6
       10100.   5.655500E-6
       10110.   5.487160E-6
       10120.   5.848300E-6
       10130.   5.408760E-6
       10140.   6.294580E-6
       10150.   6.630280E-6
       10160.   6.528060E-6
       10170.   5.879460E-6
       10180.   6.776520E-6
       10190.   6.834940E-6
       10200.   7.296670E-6
       10210.   7.488140E-6
       10220.   7.621140E-6
       10230.   8.272450E-6
       10240.   7.810480E-6
       10250.   8.485920E-6
       10260.   8.671760E-6
       10270.   9.137910E-6
       10280.   9.058500E-6
       10290.   9.299700E-6
       10300.   1.009320E-5
       10310.   1.050930E-5
       10320.   1.005560E-5
       10330.   1.057990E-5
       10340.   1.098600E-5
       10350.   1.088610E-5
       10360.   1.143200E-5
       10370.   1.201070E-5
       10380.   1.202700E-5
       10390.   1.297610E-5
       10400.   1.281470E-5
       10410.   1.324980E-5
       10420.   1.343540E-5
       10430.   1.466570E-5
       10440.   1.466760E-5
       10450.   1.437990E-5
       10460.   1.582930E-5
       10470.   1.618210E-5
       10480.   1.667720E-5
       10490.   1.711850E-5
       10500.   1.765840E-5
       10510.   1.800510E-5
       10520.   1.825140E-5
       10530.   1.904500E-5
       10540.   1.979130E-5
       10550.   2.035130E-5
       10560.   2.039860E-5
       10570.   2.103850E-5
       10580.   2.138650E-5
       10590.   2.250450E-5
       10600.   2.297830E-5
       10610.   2.350650E-5
       10620.   2.437410E-5
       10630.   2.493310E-5
       10640.   2.560740E-5
       10650.   2.654010E-5
       10660.   2.724030E-5
       10670.   2.783910E-5
       10680.   2.864950E-5
       10690.   2.951600E-5
       10700.   3.035280E-5
       10710.   3.095890E-5
       10720.   3.202070E-5
       10730.   3.258080E-5
       10740.   3.354230E-5
       10750.   3.441660E-5
       10760.   3.562480E-5
       10770.   3.632880E-5
       10780.   3.767040E-5
       10790.   3.841060E-5
       10800.   3.932730E-5
       10810.   4.036710E-5
       10820.   4.175220E-5
       10830.   4.205210E-5
       10840.   4.366720E-5
       10850.   4.445630E-5
       10860.   4.603430E-5
       10870.   4.674190E-5
       10880.   4.787810E-5
       10890.   4.876960E-5
       10900.   5.045860E-5
       10910.   5.158220E-5
       10920.   5.272700E-5
       10930.   5.399260E-5
       10940.   5.489440E-5
       10950.   5.621870E-5
       10960.   5.782320E-5
       10970.   5.935570E-5
       10980.   6.041170E-5
       10990.   6.267580E-5
       11000.   6.319500E-5
       11001.            0.
       11002.            0.
