        1938.            0.
        1939.            0.
        1940.   7.462360E-8
        1950.   9.870990E-8
        1960.   8.237510E-8
        1970.   2.163420E-8
        1980.   9.212930E-8
        1990.   9.323900E-8
        2000.   6.096930E-8
        2010.   5.976280E-8
        2020.   6.188990E-8
        2030.   5.904670E-8
        2040.   7.166080E-8
        2050.   3.174170E-8
        2060.   7.251670E-8
        2070.   4.567150E-8
        2080.   4.298430E-8
        2090.   5.545010E-8
        2100.   4.243680E-8
        2110.   4.513230E-8
        2120.   5.190790E-8
        2130.   4.835430E-8
        2140.   3.998070E-8
        2150.   6.797340E-8
        2160.   1.943510E-8
        2170.   3.750780E-8
        2180.   5.991750E-8
        2190.   9.576350E-9
        2200.   6.539390E-9
        2210.   6.345880E-8
        2220.   5.079850E-9
        2230.   7.143710E-9
        2240.  1.000230E-10
        2250.   2.751740E-8
        2260.   2.647930E-8
        2270.   1.818800E-8
        2280.   6.773770E-9
        2290.  1.000230E-10
        2300.   1.592170E-8
        2310.  1.000230E-10
        2320.   8.558770E-9
        2330.   2.801550E-9
        2340.  1.000230E-10
        2350.  1.000230E-10
        2360.   1.366130E-8
        2370.   1.564660E-9
        2380.   2.861660E-9
        2390.  1.000230E-10
        2400.  1.000230E-10
        2410.   3.439290E-8
        2420.  1.000230E-10
        2430.   2.063180E-8
        2440.  1.000230E-10
        2450.  1.000230E-10
        2460.  1.000230E-10
        2470.  1.000230E-10
        2480.  1.000230E-10
        2490.   5.098910E-9
        2500.  1.000230E-10
        2510.  1.000230E-10
        2520.  1.000230E-10
        2530.   1.975650E-9
        2540.  1.000230E-10
        2550.  1.000230E-10
        2560.   1.321630E-8
        2570.  1.000230E-10
        2580.   2.697900E-8
        2590.   2.738830E-9
        2600.   2.886610E-8
        2610.  1.000230E-10
        2620.   1.768480E-8
        2630.   1.489880E-8
        2640.   2.790910E-9
        2650.   3.050510E-8
        2660.   1.808420E-8
        2670.  1.000230E-10
        2680.   4.059000E-8
        2690.  1.000230E-10
        2700.   3.243780E-9
        2710.  1.000230E-10
        2720.  1.000230E-10
        2730.  1.000230E-10
        2740.   1.290920E-8
        2750.   9.444450E-9
        2760.   1.649520E-8
        2770.  1.000230E-10
        2780.   1.812570E-8
        2790.   1.946480E-8
        2800.   3.760700E-8
        2810.   1.672430E-8
        2820.   5.111450E-9
        2830.   5.617710E-8
        2840.   2.563670E-8
        2850.  1.000230E-10
        2860.   1.669340E-8
        2870.  1.000230E-10
        2880.   3.616560E-8
        2890.   2.524300E-8
        2900.   6.747750E-8
        2910.   4.740330E-8
        2920.   5.588470E-8
        2930.   3.649650E-8
        2940.   7.064300E-8
        2950.   6.126380E-8
        2960.   4.784930E-8
        2970.   5.491250E-8
        2980.   6.913260E-8
        2990.   9.798260E-8
        3000.   1.186440E-7
        3010.   1.028050E-7
        3020.   1.636870E-7
        3030.   1.394530E-7
        3040.   1.871270E-7
        3050.   1.506040E-7
        3060.   1.768150E-7
        3070.   1.344620E-7
        3080.   2.139270E-7
        3090.   1.829320E-7
        3100.   1.872660E-7
        3110.   1.848190E-7
        3120.   1.104350E-7
        3130.   1.445840E-7
        3140.   1.719060E-7
        3150.   1.924530E-7
        3160.   1.734260E-7
        3170.   1.418370E-7
        3180.   1.921140E-7
        3190.   1.955540E-7
        3200.   1.733160E-7
        3210.   2.088070E-7
        3220.   2.413940E-7
        3230.   2.287260E-7
        3240.   2.825840E-7
        3250.   2.824970E-7
        3260.   2.617450E-7
        3270.   2.917920E-7
        3280.   3.069500E-7
        3290.   3.209190E-7
        3300.   2.554040E-7
        3310.   2.482650E-7
        3320.   2.763980E-7
        3330.   2.612340E-7
        3340.   2.695630E-7
        3350.   2.422700E-7
        3360.   2.643150E-7
        3370.   2.674710E-7
        3380.   2.746340E-7
        3390.   2.892720E-7
        3400.   2.352170E-7
        3410.   2.430990E-7
        3420.   1.747080E-7
        3430.   1.132800E-7
        3440.   2.649450E-8
        3450.   1.016590E-7
        3460.   7.967560E-8
        3470.   6.679560E-8
        3480.   2.238480E-7
        3490.   1.890550E-7
        3500.   3.189580E-7
        3510.   2.625120E-7
        3520.   2.365210E-7
        3530.   2.901780E-7
        3540.   3.046010E-7
        3550.   2.299630E-7
        3560.   3.833640E-7
        3570.   3.321690E-7
        3580.   2.880080E-7
        3590.   2.468990E-7
        3600.   3.200660E-7
        3610.   2.768020E-7
        3620.   3.249560E-7
        3630.   2.727150E-7
        3640.   3.408190E-7
        3650.   3.521860E-7
        3660.   3.033900E-7
        3670.   2.887500E-7
        3680.   2.710680E-7
        3690.   3.525870E-7
        3700.   3.276960E-7
        3710.   3.143660E-7
        3720.   3.639640E-7
        3730.   3.129460E-7
        3740.   3.054940E-7
        3750.   4.056810E-7
        3760.   2.758240E-7
        3770.   2.455300E-7
        3780.   1.730370E-7
        3790.   1.084370E-7
        3800.   1.323370E-7
        3810.   1.244920E-7
        3820.   1.738080E-7
        3830.   1.458300E-7
        3840.   1.217530E-7
        3850.   2.302080E-7
        3860.   2.251090E-7
        3870.   1.965820E-7
        3880.   2.437100E-7
        3890.   2.661820E-7
        3900.   2.491270E-7
        3910.   2.764890E-7
        3920.   3.071650E-7
        3930.   1.820090E-7
        3940.   1.731030E-7
        3950.   2.854290E-7
        3960.   3.671880E-7
        3970.   3.522660E-7
        3980.   2.407580E-7
        3990.   2.896610E-7
        4000.   3.042220E-7
        4010.   3.008120E-7
        4020.   2.865640E-7
        4030.   3.276150E-7
        4040.   2.998420E-7
        4050.   3.799690E-7
        4060.   3.535380E-7
        4070.   3.531830E-7
        4080.   3.987460E-7
        4090.   3.870510E-7
        4100.   3.245550E-7
        4110.   3.911990E-7
        4120.   3.468660E-7
        4130.   3.444900E-7
        4140.   3.744560E-7
        4150.   3.576530E-7
        4160.   3.316520E-7
        4170.   3.259640E-7
        4180.   3.348620E-7
        4190.   3.767810E-7
        4200.   3.499360E-7
        4210.   3.688580E-7
        4220.   3.254430E-7
        4230.   2.893160E-7
        4240.   2.149520E-7
        4250.   2.324910E-7
        4260.   2.373110E-7
        4270.   2.535420E-7
        4280.   2.218050E-7
        4290.   2.731860E-7
        4300.   2.599530E-7
        4310.   3.429680E-7
        4320.   2.595350E-7
        4330.   2.735730E-7
        4340.   2.431610E-7
        4350.   2.633840E-7
        4360.   2.945070E-7
        4370.   2.917570E-7
        4380.   3.545500E-7
        4390.   3.178250E-7
        4400.   3.711780E-7
        4410.   3.683090E-7
        4420.   3.298460E-7
        4430.   3.215910E-7
        4440.   3.288460E-7
        4450.   3.702500E-7
        4460.   4.110120E-7
        4470.   3.857630E-7
        4480.   4.080760E-7
        4490.   4.354780E-7
        4500.   4.030830E-7
        4510.   4.023180E-7
        4520.   4.100240E-7
        4530.   4.213780E-7
        4540.   4.096090E-7
        4550.   4.211800E-7
        4560.   3.731160E-7
        4570.   3.623070E-7
        4580.   3.565190E-7
        4590.   3.530870E-7
        4600.   3.076680E-7
        4610.   2.727480E-7
        4620.   2.704910E-7
        4630.   2.369630E-7
        4640.   2.420470E-7
        4650.   2.859910E-7
        4660.   2.333070E-7
        4670.   1.728390E-7
        4680.   2.052440E-7
        4690.   1.266110E-7
        4700.   1.130820E-7
        4710.   6.992510E-8
        4720.   7.480230E-8
        4730.   7.124390E-8
        4740.   5.753040E-8
        4750.   6.878680E-8
        4760.   2.097110E-8
        4770.   7.940050E-8
        4780.   2.688920E-8
        4790.   7.153650E-8
        4800.   7.725950E-8
        4810.   5.949550E-8
        4820.   5.675720E-8
        4830.   9.040240E-8
        4840.   7.589440E-8
        4850.   6.691900E-8
        4860.   7.739910E-8
        4870.   7.342880E-8
        4880.   5.273780E-8
        4890.   2.753850E-8
        4900.   9.951490E-8
        4910.   1.161130E-7
        4920.   1.162370E-7
        4930.   1.787060E-7
        4940.   1.143590E-7
        4950.   1.374490E-7
        4960.   3.584950E-8
        4970.   7.026200E-8
        4980.   5.033220E-8
        4990.   9.089080E-8
        5000.   8.376910E-8
        5010.   1.267830E-7
        5020.   1.092070E-7
        5030.   1.090200E-7
        5040.   8.014750E-8
        5050.   1.233770E-7
        5060.   3.913380E-8
        5070.   4.375700E-8
        5080.   4.957260E-8
        5090.   1.590140E-8
        5100.   4.805270E-8
        5110.   1.067730E-9
        5120.   3.492760E-8
        5130.   5.407330E-9
        5140.  1.000230E-10
        5150.   6.437880E-8
        5160.   3.784090E-8
        5170.  1.000230E-10
        5180.   6.422170E-8
        5190.   1.580350E-8
        5200.  1.000230E-10
        5210.   4.106900E-8
        5220.   3.208640E-8
        5230.   2.093470E-9
        5240.   3.066330E-8
        5250.   3.668640E-8
        5260.   1.252520E-8
        5270.   6.663510E-8
        5280.   1.089080E-7
        5290.   7.161400E-8
        5300.   1.028360E-7
        5310.   1.344750E-7
        5320.   1.721210E-7
        5330.   1.549570E-7
        5340.   2.050740E-7
        5350.   2.431170E-7
        5360.   2.596760E-7
        5370.   3.049000E-7
        5380.   3.363560E-7
        5390.   3.696560E-7
        5400.   3.392170E-7
        5410.   3.128640E-7
        5420.   2.760380E-7
        5430.   2.636960E-7
        5440.   2.213370E-7
        5450.   2.423030E-7
        5460.   3.563610E-7
        5470.   3.590120E-7
        5480.   3.678550E-7
        5490.   3.813410E-7
        5500.   2.970500E-7
        5510.   3.315640E-7
        5520.   2.372930E-7
        5530.   2.090420E-7
        5540.   1.578260E-7
        5550.   2.026770E-7
        5560.   2.367520E-7
        5570.   2.728040E-7
        5580.   2.782640E-7
        5590.   3.348340E-7
        5600.   3.537390E-7
        5610.   2.740280E-7
        5620.   2.223580E-7
        5630.   2.434010E-7
        5640.   1.520100E-7
        5650.   1.314900E-7
        5660.   1.270750E-7
        5670.   1.725850E-7
        5680.   2.237910E-7
        5690.   2.111880E-7
        5700.   2.727870E-7
        5710.   2.095600E-7
        5720.   1.917260E-7
        5730.   1.844600E-7
        5740.   1.879640E-7
        5750.   1.970460E-7
        5760.   2.355950E-7
        5770.   1.749260E-7
        5780.   1.157460E-7
        5790.   1.053040E-7
        5800.   5.126840E-8
        5810.   6.548170E-8
        5820.   7.712370E-8
        5830.   6.964450E-8
        5840.   5.828180E-8
        5850.   1.288730E-8
        5860.   5.762170E-8
        5870.   5.767450E-8
        5880.   2.871400E-8
        5890.   1.957990E-8
        5900.  1.000230E-10
        5910.   5.434070E-9
        5920.   2.218070E-8
        5930.   8.807180E-8
        5940.   1.458990E-8
        5950.   1.887470E-8
        5960.   4.101960E-9
        5970.  1.000230E-10
        5980.   8.034820E-8
        5990.   4.032080E-8
        6000.   1.508660E-8
        6010.   4.693240E-8
        6020.   3.207380E-8
        6030.   7.600930E-8
        6040.   6.055540E-8
        6050.   7.794760E-8
        6060.   2.507850E-8
        6070.   5.609480E-8
        6080.   5.847420E-8
        6090.   1.873650E-8
        6100.   7.495640E-8
        6110.   5.326580E-8
        6120.   8.865860E-8
        6130.   8.303500E-8
        6140.   6.905580E-8
        6150.   4.847360E-8
        6160.   5.210590E-8
        6170.   1.187900E-7
        6180.   4.577320E-8
        6190.   1.339260E-7
        6200.   1.669880E-7
        6210.   2.061650E-7
        6220.   2.211160E-7
        6230.   1.759450E-7
        6240.   2.575540E-7
        6250.   2.634350E-7
        6260.   3.131030E-7
        6270.   3.258360E-7
        6280.   3.837480E-7
        6290.   5.085490E-7
        6300.   7.221820E-7
        6310.   9.257610E-7
        6320.   1.266970E-6
        6330.   1.821760E-6
        6340.   2.601800E-6
        6350.   3.785300E-6
        6360.   5.974290E-6
        6403.   2.100000E-5
        6404.   1.900000E-5
        6405.   2.300000E-5
        6406.   2.400000E-5
        6407.   3.000000E-5
        6408.   3.300000E-5
        6409.   3.100000E-5
        6410.   2.900000E-5
        6411.   3.700000E-5
        6412.   3.600000E-5
        6413.   4.100000E-5
        6414.   4.700000E-5
        6415.   4.800000E-5
        6416.   5.000000E-5
        6417.   5.100000E-5
        6418.   5.700000E-5
        6419.   6.000000E-5
        6420.   6.900000E-5
        6421.   7.400000E-5
        6422.   7.900000E-5
        6423.   8.600000E-5
        6424.   9.200000E-5
        6425.   9.900000E-5
        6426.   1.110000E-4
        6427.   1.170000E-4
        6428.   1.320000E-4
        6429.   1.300000E-4
        6430.   1.450000E-4
        6431.   1.570000E-4
        6432.   1.650000E-4
        6433.   1.760000E-4
        6434.   1.970000E-4
        6435.   2.110000E-4
        6436.   2.300000E-4
        6437.   2.540000E-4
        6438.   2.710000E-4
        6439.   2.910000E-4
        6440.   3.180000E-4
        6441.   3.410000E-4
        6442.   3.830000E-4
        6443.   4.090000E-4
        6444.   4.330000E-4
        6445.   4.800000E-4
        6446.   5.220000E-4
        6447.   5.810000E-4
        6448.   6.150000E-4
        6449.   6.780000E-4
        6450.   7.420000E-4
        6451.   8.030000E-4
        6452.   8.680000E-4
        6453.   9.480000E-4
        6454.       0.00106
        6455.      0.001164
        6456.      0.001279
        6457.      0.001404
        6458.      0.001543
        6459.      0.001692
        6460.      0.001892
        6461.      0.002073
        6462.      0.002311
        6463.      0.002533
        6464.      0.002807
        6465.      0.003105
        6466.      0.003473
        6467.       0.00387
        6468.      0.004366
        6469.      0.004873
        6470.      0.005464
        6471.      0.006147
        6472.      0.006909
        6473.      0.007742
        6474.      0.008774
        6475.      0.009992
        6476.      0.011218
        6477.      0.012692
        6478.      0.014318
        6479.       0.01638
        6480.      0.018879
        6481.      0.021813
        6482.       0.02512
        6483.      0.028982
        6484.      0.033724
        6485.      0.038982
        6486.      0.045527
        6487.      0.052761
        6488.      0.062125
        6489.      0.072289
        6490.        0.0848
        6491.       0.09808
        6492.      0.115155
        6493.      0.137187
        6494.      0.163415
        6495.      0.193682
        6496.      0.228361
        6497.       0.26954
        6498.       0.31641
        6499.      0.367392
        6500.      0.421364
        6501.      0.480357
        6502.      0.538763
        6503.      0.596948
        6504.      0.648257
        6505.       0.69707
        6506.      0.739248
        6507.      0.774891
        6508.      0.800144
        6509.      0.813587
        6510.      0.819592
        6511.      0.820891
        6512.      0.815811
        6513.      0.808781
        6514.      0.800949
        6515.      0.791438
        6516.      0.781646
        6517.      0.775977
        6518.      0.766505
        6519.      0.760673
        6520.      0.754914
        6521.      0.749844
        6522.      0.747681
        6523.      0.746332
        6524.      0.746528
        6525.      0.747505
        6526.      0.750687
        6527.      0.753534
        6528.      0.757958
        6529.      0.763257
        6530.      0.768915
        6531.      0.773454
        6532.      0.781988
        6533.      0.789334
        6534.      0.798428
        6535.      0.806607
        6536.      0.813599
        6537.       0.82296
        6538.      0.830949
        6539.      0.838676
        6540.      0.847113
        6541.      0.853192
        6542.      0.860199
        6543.      0.867014
        6544.      0.872451
        6545.      0.878518
        6546.      0.883525
        6547.      0.887444
        6548.      0.891749
        6549.      0.895783
        6550.      0.897824
        6551.      0.900467
        6552.       0.90191
        6553.      0.903768
        6554.      0.904924
        6555.      0.903864
        6556.      0.904323
        6557.      0.903224
        6558.      0.903047
        6559.      0.901921
        6560.      0.900676
        6561.      0.898202
        6562.      0.896883
        6563.       0.89457
        6564.      0.892958
        6565.      0.889699
        6566.       0.88794
        6567.      0.885472
        6568.      0.881595
        6569.      0.880769
        6570.      0.878024
        6571.      0.875025
        6572.      0.872067
        6573.      0.869947
        6574.      0.867573
        6575.      0.864813
        6576.      0.862726
        6577.      0.860904
        6578.      0.859432
        6579.      0.857361
        6580.      0.854513
        6581.      0.853169
        6582.      0.853188
        6583.      0.851717
        6584.      0.849036
        6585.      0.848324
        6586.      0.848546
        6587.      0.847228
        6588.      0.847302
        6589.      0.846103
        6590.      0.846216
        6591.       0.84496
        6592.      0.844927
        6593.      0.844904
        6594.      0.844353
        6595.      0.843142
        6596.      0.843443
        6597.      0.842618
        6598.      0.840984
        6599.      0.839875
        6600.      0.837475
        6601.       0.83522
        6602.      0.833109
        6603.      0.828418
        6604.      0.823891
        6605.      0.818361
        6606.      0.811408
        6607.      0.803155
        6608.      0.795519
        6609.      0.785605
        6610.       0.77662
        6611.       0.76451
        6612.       0.75033
        6613.      0.735751
        6614.      0.720484
        6615.       0.70143
        6616.      0.681476
        6617.      0.661861
        6618.      0.641513
        6619.      0.618958
        6620.      0.597333
        6621.      0.574541
        6622.       0.55068
        6623.      0.528359
        6624.      0.503157
        6625.       0.48085
        6626.       0.45764
        6627.      0.433009
        6628.      0.407523
        6629.      0.383374
        6630.      0.361195
        6631.      0.339043
        6632.      0.317688
        6633.      0.296964
        6634.      0.277194
        6635.      0.258094
        6636.      0.240577
        6637.      0.223146
        6638.      0.207786
        6639.      0.192483
        6640.      0.177879
        6641.      0.163334
        6642.      0.149903
        6643.      0.137494
        6644.      0.126467
        6645.      0.115779
        6646.      0.105937
        6647.      0.097183
        6648.      0.088754
        6649.      0.081113
        6650.      0.074125
        6651.      0.067914
        6652.      0.061819
        6653.      0.056472
        6654.      0.051361
        6655.      0.046521
        6656.      0.042278
        6657.      0.038386
        6658.      0.034854
        6659.      0.031614
        6660.      0.028763
        6661.      0.026183
        6662.      0.023889
        6663.      0.021723
        6664.      0.019872
        6665.      0.018083
        6666.      0.016489
        6667.      0.015004
        6668.      0.013604
        6669.      0.012346
        6670.      0.011227
        6671.      0.010287
        6672.      0.009365
        6673.      0.008539
        6674.      0.007766
        6675.       0.00707
        6676.      0.006515
        6677.      0.006018
        6678.      0.005481
        6679.      0.005024
        6680.      0.004594
        6681.      0.004208
        6682.       0.00382
        6683.      0.003523
        6684.      0.003243
        6685.      0.002986
        6686.      0.002759
        6687.      0.002526
        6688.      0.002296
        6689.       0.00214
        6690.      0.001969
        6691.      0.001841
        6692.      0.001673
        6693.      0.001571
        6694.      0.001438
        6695.      0.001313
        6696.       0.00123
        6697.      0.001156
        6698.      0.001054
        6699.   9.780000E-4
        6700.   9.000000E-4
        6701.   8.200000E-4
        6702.   7.740000E-4
        6703.   7.240000E-4
        6704.   6.910000E-4
        6705.   6.290000E-4
        6706.   5.900000E-4
        6707.   5.490000E-4
        6708.   5.040000E-4
        6709.   4.610000E-4
        6710.   4.350000E-4
        6711.   4.140000E-4
        6712.   3.790000E-4
        6713.   3.610000E-4
        6714.   3.420000E-4
        6715.   3.150000E-4
        6716.   2.890000E-4
        6717.   2.680000E-4
        6718.   2.640000E-4
        6719.   2.410000E-4
        6720.   2.230000E-4
        6721.   2.150000E-4
        6722.   2.010000E-4
        6723.   1.840000E-4
        6724.   1.670000E-4
        6725.   1.620000E-4
        6726.   1.530000E-4
        6727.   1.460000E-4
        6728.   1.280000E-4
        6729.   1.320000E-4
        6730.   1.200000E-4
        6731.   1.150000E-4
        6732.   1.100000E-4
        6733.   1.030000E-4
        6734.   9.700000E-5
        6735.   8.500000E-5
        6736.   8.900000E-5
        6737.   8.400000E-5
        6738.   7.500000E-5
        6739.   7.300000E-5
        6740.   6.400000E-5
        6741.   7.000000E-5
        6742.   6.400000E-5
        6743.   6.200000E-5
        6744.   5.100000E-5
        6760.   3.895550E-5
        6770.   2.442200E-5
        6780.   1.588000E-5
        6790.   1.080370E-5
        6800.   7.743250E-6
        6810.   5.760260E-6
        6820.   4.337990E-6
        6830.   3.464790E-6
        6840.   2.758490E-6
        6850.   2.328890E-6
        6860.   1.940930E-6
        6870.   1.722760E-6
        6880.   1.542350E-6
        6890.   1.422210E-6
        6900.   1.313800E-6
        6910.   1.198110E-6
        6920.   1.213620E-6
        6930.   1.173010E-6
        6940.   1.173570E-6
        6950.   1.058930E-6
        6960.   1.034260E-6
        6970.   1.001340E-6
        6980.   1.006600E-6
        6990.   1.110050E-6
        7000.   1.162600E-6
        7010.   1.175230E-6
        7020.   1.062780E-6
        7030.   9.225550E-7
        7040.   7.190930E-7
        7050.   4.956640E-7
        7060.   3.476390E-7
        7070.   2.120800E-7
        7080.   1.690490E-7
        7090.   1.389580E-7
        7100.   7.685270E-8
        7110.   1.955430E-9
        7120.   6.441370E-8
        7130.   8.519720E-8
        7140.   6.011780E-8
        7150.   4.272260E-8
        7160.   1.585410E-8
        7170.   6.517260E-8
        7180.   6.635760E-8
        7190.   1.256330E-7
        7200.   5.869000E-8
        7210.   4.917060E-8
        7220.   5.016570E-8
        7230.   3.946810E-8
        7240.   2.676120E-8
        7250.   4.485520E-8
        7260.   6.293570E-8
        7270.   5.618170E-8
        7280.   5.180990E-8
        7290.   8.032910E-8
        7300.   4.669670E-8
        7310.   7.589840E-8
        7320.   2.026050E-8
        7330.   4.335580E-8
        7340.   7.387460E-8
        7350.   5.617160E-8
        7360.   8.023760E-8
        7370.   5.983370E-8
        7380.   5.243740E-8
        7390.   1.031660E-7
        7400.   4.393530E-8
        7410.   6.233520E-8
        7420.   2.122480E-7
        7430.   6.941500E-7
        7440.   2.103050E-6
        7450.   4.197560E-6
        7460.   6.404790E-6
        7470.   8.069320E-6
        7480.   7.985260E-6
        7490.   6.728840E-6
        7500.   4.620890E-6
        7510.   2.711140E-6
        7520.   1.445650E-6
        7530.   1.073390E-6
        7540.   1.101240E-6
        7550.   1.414050E-6
        7560.   1.823710E-6
        7570.   2.390220E-6
        7580.   2.762880E-6
        7590.   3.380510E-6
        7600.   3.844670E-6
        7610.   4.523000E-6
        7620.   5.182240E-6
        7630.   5.705750E-6
        7640.   5.676810E-6
        7650.   5.176000E-6
        7660.   4.409980E-6
        7670.   3.206340E-6
        7680.   2.235230E-6
        7690.   1.557000E-6
        7700.   1.218790E-6
        7710.   1.070270E-6
        7720.   1.093890E-6
        7730.   1.170790E-6
        7740.   1.455630E-6
        7750.   1.683580E-6
        7760.   2.226300E-6
        7770.   2.617260E-6
        7780.   3.457010E-6
        7790.   4.803090E-6
        7800.   6.373070E-6
        7810.   7.691020E-6
        7820.   8.595300E-6
        7830.   8.705400E-6
        7840.   7.481350E-6
        7850.   5.816740E-6
        7860.   4.019800E-6
        7870.   2.617740E-6
        7880.   1.801600E-6
        7890.   1.361180E-6
        7900.   1.144820E-6
        7910.   1.193820E-6
        7920.   1.242200E-6
        7930.   1.405770E-6
        7940.   1.813070E-6
        7950.   2.381230E-6
        7960.   3.287670E-6
        7970.   4.311190E-6
        7980.   5.057190E-6
        7990.   5.447010E-6
        8000.   5.248990E-6
        8010.   4.596990E-6
        8020.   3.670780E-6
        8030.   2.738240E-6
        8040.   1.887030E-6
        8050.   1.261900E-6
        8060.   8.670520E-7
        8070.   6.630970E-7
        8080.   5.302090E-7
        8090.   4.773450E-7
        8100.   5.087010E-7
        8110.   5.409910E-7
        8120.   6.303690E-7
        8130.   1.066370E-6
        8140.   2.120590E-6
        8150.   4.098970E-6
        8160.   6.616800E-6
        8170.   8.528490E-6
        8180.   9.342090E-6
        8190.   8.461720E-6
        8200.   6.600750E-6
        8210.   4.588140E-6
        8220.   3.142480E-6
        8230.   2.330220E-6
        8240.   1.834540E-6
        8250.   1.515170E-6
        8260.   1.163710E-6
        8270.   1.047110E-6
        8280.   9.276990E-7
        8290.   9.146310E-7
        8300.   1.604800E-6
        8310.   3.170230E-6
        8320.   5.175390E-6
        8330.   6.991070E-6
        8340.   7.532290E-6
        8350.   6.766050E-6
        8360.   4.642420E-6
        8370.   2.886240E-6
        8380.   1.331850E-6
        8390.   7.156140E-7
        8400.   6.662010E-7
        8410.   6.824210E-7
        8420.   1.019360E-6
        8430.   1.841740E-6
        8440.   3.651040E-6
        8450.   5.706680E-6
        8460.   7.500080E-6
        8470.   8.358360E-6
        8480.   7.676830E-6
        8490.   5.609070E-6
        8500.  1.000230E-10
        8510.   4.375630E-6
        8520.   5.846700E-6
        8530.   8.651630E-7
        8540.   1.269590E-6
        8550.   4.475260E-6
        8560.   9.034120E-6
        8570.  1.000230E-10
        8580.  1.000230E-10
        8590.   2.608240E-6
        8600.  1.000230E-10
        8610.   3.212140E-6
        8620.  1.000230E-10
        8630.   6.520190E-6
        8640.   4.337920E-7
        8650.  1.000230E-10
        8660.   1.819940E-6
        8670.  1.000230E-10
        8680.   2.496660E-6
        8690.  1.000230E-10
        8700.   2.557630E-6
        8710.   4.464200E-7
        8720.   8.569140E-7
        8730.   3.094200E-6
        8740.  1.000230E-10
        8750.  1.000230E-10
        8760.   3.695010E-6
        8770.  1.000230E-10
        8780.   3.449800E-7
        8790.   1.838850E-6
        8800.   1.392650E-7
        8810.  1.000230E-10
        8820.   6.276650E-7
        8830.   3.173410E-6
        8840.   7.992280E-7
        8850.  1.000230E-10
        8860.   1.808060E-6
        8870.   3.521450E-7
        8880.   1.548160E-6
        8890.   1.509780E-7
        8900.  1.000230E-10
        8910.   3.597590E-6
        8920.  1.000230E-10
        8930.   9.426690E-7
        8940.   3.181740E-7
        8950.  1.000230E-10
        8960.   1.701850E-6
        8970.  1.000230E-10
        8980.   1.167260E-6
        8990.   1.324980E-6
        9000.  1.000230E-10
        9010.   6.583680E-7
        9020.   2.104830E-6
        9030.   2.060490E-7
        9040.  1.000230E-10
        9050.   2.923900E-8
        9060.   1.748840E-6
        9070.   1.242930E-6
        9080.  1.000230E-10
        9090.  1.000230E-10
        9100.   3.028470E-6
        9110.  1.000230E-10
        9120.  1.000230E-10
        9130.   9.714450E-7
        9140.  1.000230E-10
        9150.   3.216250E-7
        9160.  1.000230E-10
        9170.  1.000230E-10
        9180.  1.000230E-10
        9190.   1.187030E-7
        9200.   1.106310E-6
        9210.  1.000230E-10
        9220.  1.000230E-10
        9230.   6.073020E-7
        9240.   1.881530E-6
        9250.   3.850630E-7
        9260.  1.000230E-10
        9270.   1.367040E-6
        9280.   3.110220E-7
        9290.   9.406260E-7
        9300.   1.166440E-7
        9310.  1.000230E-10
        9320.   1.510900E-6
        9330.   8.099720E-7
        9340.   1.334770E-6
        9350.  1.000230E-10
        9360.  1.000230E-10
        9370.  1.000230E-10
        9380.   6.092640E-8
        9390.   1.721340E-7
        9400.  1.000230E-10
        9410.   9.388190E-8
        9420.   2.004850E-7
        9430.   4.622990E-7
        9440.   5.187820E-7
        9450.   6.140680E-7
        9460.   1.171130E-6
        9470.   6.040070E-7
        9480.   3.927410E-7
        9490.  1.000230E-10
        9500.  1.000230E-10
        9510.  1.000230E-10
        9520.   4.492550E-7
        9530.   2.487570E-7
        9540.  1.000230E-10
        9550.   1.408300E-7
        9560.   5.300050E-8
        9570.   1.031540E-7
        9580.  1.000230E-10
        9590.  1.000230E-10
        9600.   3.046340E-7
        9610.   9.252840E-8
        9620.  1.000230E-10
        9630.  1.000230E-10
        9640.   2.294340E-7
        9650.   6.688950E-7
        9660.   3.160700E-7
        9670.   9.411840E-8
        9680.  1.000230E-10
        9690.  1.000230E-10
        9700.   2.034850E-7
        9710.  1.000230E-10
        9720.  1.000230E-10
        9730.   8.238610E-7
        9740.   4.712760E-7
        9750.   2.400660E-7
        9760.  1.000230E-10
        9770.  1.000230E-10
        9780.   7.889490E-8
        9790.   1.501120E-7
        9800.   3.549110E-7
        9810.  1.000230E-10
        9820.  1.000230E-10
        9830.   2.968620E-7
        9840.   2.839340E-7
        9850.  1.000230E-10
        9860.  1.000230E-10
        9870.   5.462460E-7
        9880.   3.348350E-8
        9890.  1.000230E-10
        9900.  1.000230E-10
        9910.   4.270860E-7
        9920.   1.220300E-7
        9930.  1.000230E-10
        9940.  1.000230E-10
        9950.  1.000230E-10
        9960.   1.217440E-8
        9970.  1.000230E-10
        9980.  1.000230E-10
        9990.  1.000230E-10
       10000.  1.000230E-10
       10010.   3.304850E-7
       10020.  1.000230E-10
       10030.  1.000230E-10
       10040.  1.000230E-10
       10050.  1.000230E-10
       10060.  1.000230E-10
       10070.  1.000230E-10
       10080.   1.435960E-7
       10090.  1.000230E-10
       10100.  1.000230E-10
       10110.   2.763190E-8
       10120.  1.000230E-10
       10130.  1.000230E-10
       10140.   5.839270E-8
       10150.  1.000230E-10
       10160.  1.000230E-10
       10170.  1.000230E-10
       10180.  1.000230E-10
       10190.  1.000230E-10
       10200.   4.530840E-8
       10210.  1.000230E-10
       10220.  1.000230E-10
       10230.  1.000230E-10
       10240.  1.000230E-10
       10250.  1.000230E-10
       10260.   6.415790E-8
       10270.   4.405350E-7
       10280.  1.000230E-10
       10290.   1.384340E-7
       10300.  1.000230E-10
       10310.  1.000230E-10
       10320.  1.000230E-10
       10330.   1.584980E-7
       10340.   1.021850E-7
       10350.  1.000230E-10
       10360.   7.874900E-8
       10370.  1.000230E-10
       10380.   1.407380E-7
       10390.  1.000230E-10
       10400.  1.000230E-10
       10410.   6.499200E-8
       10420.  1.000230E-10
       10430.   2.453930E-7
       10440.  1.000230E-10
       10450.   1.256070E-7
       10460.  1.000230E-10
       10470.  1.000230E-10
       10480.   1.393940E-7
       10490.  1.000230E-10
       10500.  1.000230E-10
       10510.  1.000230E-10
       10520.  1.000230E-10
       10530.  1.000230E-10
       10540.  1.000230E-10
       10550.   6.237020E-8
       10560.  1.000230E-10
       10570.   2.490430E-9
       10580.   2.242270E-7
       10590.  1.000230E-10
       10600.   2.127930E-7
       10610.  1.000230E-10
       10620.  1.000230E-10
       10630.  1.000230E-10
       10640.  1.000230E-10
       10650.  1.000230E-10
       10660.  1.000230E-10
       10670.  1.000230E-10
       10680.  1.000230E-10
       10690.  1.000230E-10
       10700.  1.000230E-10
       10710.  1.000230E-10
       10720.  1.000230E-10
       10730.   2.125310E-7
       10740.  1.000230E-10
       10750.  1.000230E-10
       10760.  1.000230E-10
       10770.  1.000230E-10
       10780.  1.000230E-10
       10790.   2.476110E-7
       10800.  1.000230E-10
       10810.   3.637390E-8
       10820.  1.000230E-10
       10830.  1.000230E-10
       10840.  1.000230E-10
       10850.   1.273440E-7
       10860.  1.000230E-10
       10870.  1.000230E-10
       10880.  1.000230E-10
       10890.  1.000230E-10
       10900.  1.000230E-10
       10910.  1.000230E-10
       10920.   2.047840E-7
       10930.  1.000230E-10
       10940.   1.583370E-7
       10950.  1.000230E-10
       10960.  1.000230E-10
       10970.  1.000230E-10
       10980.  1.000230E-10
       10990.  1.000230E-10
       11000.   2.218580E-7
       11001.            0.
       11002.            0.
