        1938.            0.
        1939.            0.
        1940.   8.127670E-8
        1950.   1.360950E-7
        1960.   1.206370E-7
        1970.   9.777430E-8
        1980.   9.216500E-8
        1990.   8.103020E-8
        2000.   9.342630E-8
        2010.   6.823190E-8
        2020.   5.978110E-8
        2030.   4.666480E-8
        2040.   7.890200E-8
        2050.   4.125600E-8
        2060.   4.324430E-8
        2070.   3.561450E-8
        2080.   4.522460E-8
        2090.   4.256710E-8
        2100.   5.275940E-8
        2110.   2.973720E-8
        2120.   5.841990E-8
        2130.   4.875980E-8
        2140.   5.851290E-8
        2150.   5.028480E-8
        2160.   4.153820E-8
        2170.   7.478870E-8
        2180.   6.347170E-8
        2190.   5.830370E-8
        2200.   5.926060E-8
        2210.   7.160110E-8
        2220.   9.292120E-8
        2230.   7.639240E-8
        2240.   9.869000E-8
        2250.   8.162800E-8
        2260.   9.786870E-8
        2270.   8.388760E-8
        2280.   8.363450E-8
        2290.   1.060940E-7
        2300.   7.685820E-8
        2310.   1.015610E-7
        2320.   1.059820E-7
        2330.   8.712580E-8
        2340.   7.804230E-8
        2350.   6.012530E-8
        2360.   5.064800E-8
        2370.   6.886300E-8
        2380.   7.664190E-8
        2390.   9.351920E-8
        2400.   1.053800E-7
        2410.   6.940900E-8
        2420.   5.979680E-8
        2430.   8.195310E-8
        2440.   5.787600E-8
        2450.   8.172860E-8
        2460.   8.853740E-8
        2470.   7.992270E-8
        2480.   5.948780E-8
        2490.   7.887420E-8
        2500.   6.970810E-8
        2510.   9.033360E-8
        2520.   6.172330E-8
        2530.   9.233680E-8
        2540.   8.514700E-8
        2550.   6.375480E-8
        2560.   7.181480E-8
        2570.   6.483070E-8
        2580.   7.851170E-8
        2590.   8.570200E-8
        2600.   7.922640E-8
        2610.   8.862760E-8
        2620.   9.351240E-8
        2630.   9.089040E-8
        2640.   1.020290E-7
        2650.   7.082430E-8
        2660.   9.408210E-8
        2670.   9.008860E-8
        2680.   1.051270E-7
        2690.   1.033500E-7
        2700.   9.138060E-8
        2710.   1.058730E-7
        2720.   1.104780E-7
        2730.   9.540650E-8
        2740.   1.024180E-7
        2750.   9.066260E-8
        2760.   1.211200E-7
        2770.   9.564490E-8
        2780.   1.176920E-7
        2790.   1.140030E-7
        2800.   1.210430E-7
        2810.   1.131960E-7
        2820.   1.251930E-7
        2830.   1.226340E-7
        2840.   1.253770E-7
        2850.   1.091960E-7
        2860.   8.803530E-8
        2870.   1.252120E-7
        2880.   1.155110E-7
        2890.   1.023720E-7
        2900.   9.125110E-8
        2910.   1.070670E-7
        2920.   7.983090E-8
        2930.   9.884220E-8
        2940.   9.937110E-8
        2950.   7.565000E-8
        2960.   4.171890E-8
        2970.   8.032030E-8
        2980.   8.354920E-8
        2990.   7.162100E-8
        3000.   5.922110E-8
        3010.   8.587560E-8
        3020.   5.534890E-8
        3030.   6.509060E-8
        3040.   6.513400E-8
        3050.   4.877640E-8
        3060.   6.301270E-8
        3070.   6.650850E-8
        3080.   5.819230E-8
        3090.   1.611980E-8
        3100.   5.251230E-8
        3110.   4.071990E-8
        3120.   1.877500E-8
        3130.   3.214180E-8
        3140.   3.578290E-8
        3150.   3.021540E-8
        3160.   5.018120E-8
        3170.   1.052560E-8
        3180.   3.427320E-8
        3190.   3.039750E-8
        3200.   1.656430E-8
        3210.   3.360490E-8
        3220.   1.417650E-8
        3230.   1.022180E-8
        3240.   2.280010E-8
        3250.   3.666180E-8
        3260.   1.932950E-8
        3270.   1.329360E-8
        3280.  1.000230E-10
        3290.  1.000230E-10
        3300.   5.040740E-8
        3310.   1.868510E-8
        3320.   3.207620E-8
        3330.   1.722750E-8
        3340.   1.482070E-8
        3350.  1.000230E-10
        3360.   3.067400E-8
        3370.  1.000230E-10
        3380.   5.052510E-9
        3390.  1.000230E-10
        3400.  1.000230E-10
        3410.   1.978570E-8
        3420.   1.858610E-8
        3430.   1.936270E-8
        3440.   4.652810E-8
        3450.   5.286110E-8
        3460.   1.046170E-8
        3470.   2.001010E-8
        3480.   3.375760E-8
        3490.   1.234110E-8
        3500.  1.000230E-10
        3510.   1.246910E-8
        3520.   2.308720E-8
        3530.  1.000230E-10
        3540.   1.256540E-8
        3550.  1.000230E-10
        3560.   2.391880E-8
        3570.   1.041100E-8
        3580.   2.146440E-8
        3590.   5.586890E-9
        3600.   1.558390E-8
        3610.  1.000230E-10
        3620.   3.559760E-8
        3630.  1.000230E-10
        3640.  1.000230E-10
        3650.  1.000230E-10
        3660.   5.167570E-9
        3670.   2.842530E-9
        3680.   3.040380E-9
        3690.   2.183940E-8
        3700.   3.567570E-8
        3710.  1.000230E-10
        3720.   3.921450E-8
        3730.   4.166560E-8
        3740.   5.436810E-9
        3750.   3.395560E-8
        3760.   2.854860E-8
        3770.  1.000230E-10
        3780.   4.045640E-8
        3790.   1.061330E-8
        3800.   1.624080E-8
        3810.  1.000230E-10
        3820.   7.297110E-8
        3830.   5.046180E-8
        3840.   5.472290E-8
        3850.   2.485860E-8
        3860.  1.000230E-10
        3870.   1.561030E-8
        3880.   7.604490E-8
        3890.   1.597510E-8
        3900.   1.660400E-8
        3910.   7.807020E-8
        3920.   6.124250E-8
        3930.   9.118710E-9
        3940.   3.553020E-8
        3950.   6.712620E-8
        3960.   8.600800E-8
        3970.   1.108750E-7
        3980.   5.565290E-8
        3990.  1.000230E-10
        4000.   5.461510E-8
        4010.   6.305950E-8
        4020.   7.265740E-8
        4030.   8.410620E-8
        4040.   1.188720E-7
        4050.   2.303420E-7
        4060.   3.045190E-7
        4070.   4.053780E-7
        4080.   4.860710E-7
        4090.   5.475700E-7
        4100.   6.425110E-7
        4110.   6.679130E-7
        4120.   6.416040E-7
        4130.   6.774890E-7
        4140.   7.002920E-7
        4150.   7.152150E-7
        4160.   7.085620E-7
        4170.   6.948260E-7
        4180.   7.350820E-7
        4190.   7.614740E-7
        4200.   8.087900E-7
        4210.   8.462550E-7
        4220.   8.722280E-7
        4230.   8.692360E-7
        4240.   8.951940E-7
        4250.   9.262820E-7
        4260.   1.052800E-6
        4270.   1.148690E-6
        4280.   1.247650E-6
        4290.   1.183870E-6
        4300.   1.142230E-6
        4310.   1.183960E-6
        4320.   1.264330E-6
        4330.   1.388370E-6
        4340.   1.500790E-6
        4350.   1.527580E-6
        4360.   1.521290E-6
        4370.   1.393730E-6
        4380.   1.344040E-6
        4390.   1.262600E-6
        4400.   1.319080E-6
        4410.   1.336260E-6
        4420.   1.403910E-6
        4430.   1.373260E-6
        4440.   1.277010E-6
        4450.   1.239970E-6
        4460.   1.158240E-6
        4470.   1.190550E-6
        4480.   1.221740E-6
        4490.   1.259240E-6
        4500.   1.277610E-6
        4510.   1.263730E-6
        4520.   1.265220E-6
        4530.   1.191530E-6
        4540.   1.201600E-6
        4550.   1.170710E-6
        4560.   1.226260E-6
        4570.   1.281870E-6
        4580.   1.300930E-6
        4590.   1.374730E-6
        4600.   1.416390E-6
        4610.   1.408000E-6
        4620.   1.398460E-6
        4630.   1.366270E-6
        4640.   1.284840E-6
        4650.   1.214970E-6
        4660.   1.211240E-6
        4670.   1.330920E-6
        4680.   1.508310E-6
        4690.   1.647420E-6
        4700.   1.821410E-6
        4710.   1.906080E-6
        4720.   1.798840E-6
        4730.   1.701860E-6
        4740.   1.538520E-6
        4750.   1.498050E-6
        4760.   1.588060E-6
        4770.   1.741270E-6
        4780.   1.910130E-6
        4790.   2.000330E-6
        4800.   1.984640E-6
        4810.   1.735670E-6
        4820.   1.444830E-6
        4830.   1.143500E-6
        4840.   8.462450E-7
        4850.   8.290470E-7
        4860.   9.516210E-7
        4870.   1.172260E-6
        4880.   1.420810E-6
        4890.   1.621220E-6
        4900.   1.744550E-6
        4910.   1.555980E-6
        4920.   1.346300E-6
        4930.   1.074890E-6
        4940.   8.965390E-7
        4950.   8.784420E-7
        4960.   1.031230E-6
        4970.   1.277000E-6
        4980.   1.530240E-6
        4990.   1.654180E-6
        5000.   1.593820E-6
        5010.   1.360640E-6
        5020.   1.084140E-6
        5030.   7.402420E-7
        5040.   5.815190E-7
        5050.   4.724980E-7
        5060.   4.662600E-7
        5070.   5.854110E-7
        5080.   6.686040E-7
        5090.   6.898030E-7
        5100.   7.013590E-7
        5110.   6.358310E-7
        5120.   5.165990E-7
        5130.   4.029310E-7
        5140.   2.779770E-7
        5150.   2.240570E-7
        5160.   1.940630E-7
        5170.   1.617950E-7
        5180.   1.491740E-7
        5190.   1.166080E-7
        5200.   1.377680E-7
        5210.   1.009750E-7
        5220.   7.976580E-8
        5230.   6.922890E-8
        5240.   3.968380E-8
        5250.   4.390940E-8
        5260.   6.507410E-8
        5270.   7.591210E-8
        5280.   1.074810E-7
        5290.   1.052580E-7
        5300.   1.062870E-7
        5310.   1.095830E-7
        5320.   8.134220E-8
        5330.   7.257160E-8
        5340.   6.257120E-8
        5350.   3.958480E-8
        5360.   1.530130E-8
        5370.   2.999440E-8
        5380.   4.620560E-8
        5390.   7.032750E-8
        5400.   9.718670E-8
        5410.   1.001260E-7
        5420.   8.531590E-8
        5430.   6.573780E-8
        5440.   8.257620E-8
        5450.   5.848280E-8
        5460.   3.617010E-8
        5470.   2.888620E-8
        5480.   1.920670E-8
        5490.   1.419840E-8
        5500.   2.374970E-8
        5510.   4.977310E-8
        5520.   8.746660E-8
        5530.   8.495790E-8
        5540.   9.414330E-8
        5550.   8.507850E-8
        5560.   5.758710E-8
        5570.   5.505700E-8
        5580.   4.033820E-8
        5590.   4.563210E-8
        5600.   2.850660E-8
        5610.   8.446370E-8
        5620.   7.820040E-8
        5630.   1.027950E-7
        5640.   1.094400E-7
        5650.   8.207480E-8
        5660.   2.925380E-8
        5670.   2.693790E-8
        5680.   4.571890E-8
        5690.   3.891960E-8
        5700.   6.472580E-8
        5710.   6.382250E-8
        5720.   6.611210E-8
        5730.   3.873730E-8
        5740.   7.583810E-9
        5750.   5.476970E-8
        5760.  1.000230E-10
        5770.   2.794020E-8
        5780.   3.055950E-8
        5790.   8.378300E-9
        5800.   2.503150E-8
        5810.   1.808100E-9
        5820.  1.000230E-10
        5830.  1.000230E-10
        5840.   9.590160E-9
        5850.  1.000230E-10
        5860.   3.138930E-9
        5870.   1.671630E-8
        5880.   4.759810E-9
        5890.  1.000230E-10
        5900.  1.000230E-10
        5910.  1.000230E-10
        5920.   2.536040E-8
        5930.   2.590970E-8
        5940.   4.488530E-8
        5950.  1.000230E-10
        5960.   8.624500E-9
        5970.  1.000230E-10
        5980.   3.853340E-9
        5990.  1.000230E-10
        6000.   3.782400E-9
        6010.   4.426510E-8
        6020.  1.000230E-10
        6030.  1.000230E-10
        6040.   8.696340E-9
        6050.  1.000230E-10
        6060.  1.000230E-10
        6070.   2.195690E-8
        6080.   1.765800E-8
        6090.  1.000230E-10
        6100.   4.107010E-9
        6110.  1.000230E-10
        6120.   1.084010E-8
        6130.   1.096260E-8
        6140.  1.000230E-10
        6150.   9.876090E-9
        6160.  1.000230E-10
        6170.  4.310980E-10
        6180.  1.000230E-10
        6190.   1.047420E-8
        6200.  1.000230E-10
        6210.  1.000230E-10
        6220.  1.000230E-10
        6230.   1.389050E-8
        6240.  1.000230E-10
        6250.  1.000230E-10
        6260.  8.463320E-10
        6270.  1.000230E-10
        6280.  1.000230E-10
        6290.  1.000230E-10
        6300.   1.671780E-8
        6310.  1.000230E-10
        6320.  1.000230E-10
        6330.   1.462480E-8
        6340.   1.257050E-8
        6350.   6.567310E-9
        6360.   2.499760E-8
        6370.   7.811260E-9
        6380.  1.000230E-10
        6390.  3.601890E-10
        6400.   2.703610E-8
        6410.   1.816310E-8
        6420.  1.000230E-10
        6430.   1.967800E-8
        6440.  1.000230E-10
        6450.   2.309610E-8
        6460.   2.676360E-8
        6470.  1.000230E-10
        6480.  1.000230E-10
        6490.  1.000230E-10
        6500.   2.230590E-8
        6510.   3.371210E-8
        6520.   1.523990E-8
        6530.   2.636360E-9
        6540.  1.000230E-10
        6550.  1.000230E-10
        6560.   6.903880E-9
        6570.  1.000230E-10
        6580.   1.185690E-8
        6590.  1.000230E-10
        6600.   2.733840E-8
        6610.  1.000230E-10
        6620.  1.000230E-10
        6630.   5.618200E-9
        6640.   5.443510E-9
        6650.  1.000230E-10
        6660.   2.037000E-8
        6670.   1.204670E-8
        6680.   2.145680E-8
        6690.   1.841370E-8
        6700.   1.498360E-8
        6710.  1.000230E-10
        6720.   1.411160E-8
        6730.   5.361910E-9
        6740.   3.516400E-8
        6750.   1.363380E-8
        6760.   1.200080E-8
        6770.   7.554640E-9
        6780.   1.687950E-8
        6790.  1.000230E-10
        6800.   1.157020E-8
        6810.   3.541920E-8
        6820.   5.454130E-8
        6830.   1.040570E-8
        6840.  1.000230E-10
        6850.   3.166150E-8
        6860.   1.074540E-9
        6870.   1.260330E-8
        6880.  1.000230E-10
        6890.  1.000230E-10
        6900.   1.651880E-8
        6910.   6.084950E-8
        6920.   2.196820E-8
        6930.   1.481790E-8
        6940.   1.691340E-8
        6950.   3.042340E-8
        6960.   2.691580E-8
        6970.  1.000230E-10
        6980.   1.339710E-8
        6990.   2.776800E-8
        7000.   1.835460E-8
        7010.   1.893010E-8
        7020.   4.074590E-8
        7030.   2.690460E-8
        7040.   2.248120E-8
        7050.   3.716630E-8
        7060.   6.188530E-8
        7070.   6.213740E-8
        7080.   7.848070E-8
        7090.   3.942470E-8
        7100.   5.566390E-8
        7110.   5.607950E-8
        7120.   6.939380E-8
        7130.   6.307190E-8
        7140.   1.155350E-7
        7150.   1.059230E-7
        7160.   1.305370E-7
        7170.   1.426510E-7
        7180.   1.336970E-7
        7190.   1.290780E-7
        7200.   1.438680E-7
        7210.   1.756390E-7
        7220.   1.966650E-7
        7230.   1.559640E-7
        7240.   1.818260E-7
        7250.   2.141910E-7
        7260.   1.889370E-7
        7270.   2.124350E-7
        7280.   2.209420E-7
        7290.   2.162380E-7
        7300.   2.320770E-7
        7310.   2.372500E-7
        7320.   2.565930E-7
        7330.   2.539570E-7
        7340.   2.721820E-7
        7350.   3.013560E-7
        7360.   2.853150E-7
        7370.   2.883450E-7
        7380.   3.115820E-7
        7390.   3.241460E-7
        7400.   3.242170E-7
        7410.   3.733240E-7
        7420.   3.535630E-7
        7430.   4.176680E-7
        7440.   4.038940E-7
        7450.   4.525460E-7
        7460.   4.685470E-7
        7470.   5.191740E-7
        7480.   5.343270E-7
        7490.   5.840140E-7
        7500.   6.500810E-7
        7510.   7.442880E-7
        7520.   8.352610E-7
        7530.   9.613370E-7
        7540.   1.086700E-6
        7550.   1.247160E-6
        7560.   1.470000E-6
        7570.   1.832690E-6
        7580.   2.168390E-6
        7590.   2.650810E-6
        7600.   3.225280E-6
        7610.   3.987310E-6
        7620.   5.048420E-6
        7630.   6.181940E-6
        7640.   7.847260E-6
        7650.   1.001570E-5
        7660.   1.281550E-5
        7670.   1.614380E-5
        7680.   2.072350E-5
        7690.   2.624740E-5
        7700.   3.443000E-5
        7710.   4.492820E-5
        7720.   5.789170E-5
        7730.   7.579890E-5
        7750.   1.090000E-4
        7760.   1.260000E-4
        7770.   2.030000E-4
        7780.   2.620000E-4
        7790.   3.220000E-4
        7800.   4.520000E-4
        7810.   6.250000E-4
        7820.   8.090000E-4
        7830.      0.001114
        7840.      0.001509
        7850.      0.002038
        7860.      0.002793
        7870.      0.003874
        7880.      0.005282
        7890.      0.007288
        7900.       0.01006
        7910.      0.013869
        7920.      0.019197
        7930.      0.026989
        7940.      0.037938
        7950.      0.052613
        7960.      0.073272
        7970.      0.101742
        7980.      0.140728
        7990.      0.188567
        8000.       0.25208
        8010.      0.330511
        8020.      0.419056
        8030.      0.511796
        8040.      0.605479
        8050.      0.690443
        8060.      0.761371
        8070.       0.81479
        8080.      0.852979
        8090.      0.878976
        8100.      0.895187
        8110.      0.903218
        8120.      0.908492
        8130.      0.910667
        8140.      0.911387
        8150.      0.911323
        8160.       0.91098
        8170.      0.912396
        8180.      0.913227
        8190.      0.915529
        8200.      0.918918
        8210.      0.921726
        8220.      0.926837
        8230.      0.929827
        8240.       0.93501
        8250.      0.939183
        8260.      0.943123
        8270.      0.948528
        8280.      0.951106
        8290.      0.954644
        8300.      0.956789
        8310.      0.958608
        8320.        0.9607
        8330.      0.961912
        8340.      0.962629
        8350.       0.96305
        8360.      0.964326
        8370.       0.96401
        8380.      0.964108
        8390.      0.963586
        8400.      0.963507
        8410.      0.962884
        8420.       0.96239
        8430.        0.9611
        8440.      0.959693
        8450.      0.958712
        8460.      0.957449
        8470.      0.956676
        8480.      0.956464
        8490.      0.945841
        8500.      0.944876
        8510.      0.943877
        8520.      0.943525
        8530.      0.941855
        8540.      0.942259
        8550.      0.941965
        8560.      0.942785
        8570.      0.943801
        8580.      0.943408
        8590.      0.944204
        8600.      0.946827
        8610.       0.94619
        8620.      0.946024
        8630.      0.947629
        8640.       0.94818
        8650.      0.950904
        8660.      0.951726
        8670.       0.95304
        8680.      0.956442
        8690.      0.957966
        8700.      0.960436
        8710.      0.961193
        8720.      0.962135
        8730.         0.963
        8740.      0.962644
        8750.      0.961269
        8760.      0.960278
        8770.      0.958577
        8780.      0.954708
        8790.      0.953245
        8800.      0.950106
        8810.      0.949804
        8820.      0.948552
        8830.      0.949144
        8840.      0.951161
        8850.      0.951525
        8860.      0.944617
        8870.      0.922122
        8880.      0.869175
        8890.      0.787497
        8900.      0.666614
        8910.      0.524835
        8920.      0.395751
        8930.      0.282571
        8940.      0.194609
        8950.      0.133087
        8960.      0.090768
        8970.      0.061614
        8980.      0.042729
        8990.      0.029994
        9000.      0.021635
        9010.      0.016063
        9020.      0.011317
        9030.      0.009093
        9040.      0.007645
        9050.       0.00552
        9060.      0.005021
        9070.      0.003593
        9080.      0.003477
        9090.      0.002962
        9100.      0.002733
        9110.      0.002552
        9120.      0.002019
        9130.      0.002021
        9140.      0.001234
        9150.      0.001461
        9160.       0.00157
        9170.      0.001413
        9180.      0.001235
        9190.      0.001833
        9200.      0.001439
        9210.      0.001396
        9220.      0.001409
        9230.   9.900000E-4
        9240.      0.001247
        9250.      0.001311
        9260.       0.00136
        9270.      0.001173
        9280.      0.001054
        9290.      0.001317
        9300.   9.560000E-4
        9310.   7.430000E-4
        9320.      0.001098
        9330.   8.160000E-4
        9340.      0.001093
        9350.   8.310000E-4
        9360.      0.001017
        9370.   8.170000E-4
        9380.   7.220000E-4
        9390.   9.510000E-4
        9400.   7.990000E-4
        9410.   8.540000E-4
        9420.   8.890000E-4
        9430.   8.760000E-4
        9440.      0.001004
        9450.   8.780000E-4
        9460.   6.940000E-4
        9470.   6.300000E-4
        9480.   6.560000E-4
        9490.   7.770000E-4
        9500.   7.230000E-4
        9510.   4.055730E-6
        9520.   3.895850E-6
        9530.   3.957390E-6
        9540.   3.615570E-6
        9550.   3.058950E-6
        9560.   2.992040E-6
        9570.   3.225750E-6
        9580.   3.742750E-6
        9590.   2.944240E-6
        9600.   3.280510E-6
        9610.   2.926650E-6
        9620.   2.616250E-6
        9630.   2.857130E-6
        9640.   2.471910E-6
        9650.   1.966190E-6
        9660.   1.972240E-6
        9670.   2.857470E-6
        9680.   2.218080E-6
        9690.   2.598030E-6
        9700.   2.259770E-6
        9710.   2.506380E-6
        9720.   2.150290E-6
        9730.   2.521340E-6
        9740.   1.788550E-6
        9750.   1.506070E-6
        9760.   2.164070E-6
        9770.   1.727230E-6
        9780.   2.587120E-6
        9790.   1.734140E-6
        9800.   1.969540E-6
        9810.   1.987060E-6
        9820.   1.962050E-6
        9830.   1.599140E-6
        9840.   1.897640E-6
        9850.   1.780830E-6
        9860.   1.257370E-6
        9870.   2.296670E-6
        9880.   2.063780E-6
        9890.   1.312200E-6
        9900.   1.364410E-6
        9910.   1.925030E-6
        9920.   1.807960E-6
        9930.   1.269530E-6
        9940.   1.413560E-6
        9950.   1.386300E-6
        9960.   1.477260E-6
        9970.   9.411050E-7
        9980.   1.797260E-6
        9990.   1.554140E-6
       10000.   1.154180E-6
       10010.   1.421070E-6
       10020.   8.735410E-7
       10030.   1.279780E-6
       10040.   1.229980E-6
       10050.   1.348140E-6
       10060.   1.083100E-6
       10070.   9.656040E-7
       10080.   1.684000E-6
       10090.   1.380390E-6
       10100.   1.215690E-6
       10110.   1.416310E-6
       10120.   1.145140E-6
       10130.   1.058360E-6
       10140.   1.109490E-6
       10150.   1.436630E-6
       10160.   7.587280E-7
       10170.   1.175080E-6
       10180.   1.720470E-6
       10190.   1.055920E-6
       10200.   8.469720E-7
       10210.   1.506990E-6
       10220.   1.553280E-6
       10230.   1.344230E-6
       10240.   1.469730E-6
       10250.   1.231680E-6
       10260.   1.238830E-6
       10270.   1.329540E-6
       10280.   1.335680E-6
       10290.   1.223740E-6
       10300.   1.045810E-6
       10310.   1.335240E-6
       10320.   1.498320E-6
       10330.   1.366650E-6
       10340.   1.357220E-6
       10350.   1.210030E-6
       10360.   1.514240E-6
       10370.   1.056350E-6
       10380.   1.454080E-6
       10390.   1.054250E-6
       10400.   1.259890E-6
       10410.   1.172660E-6
       10420.   1.014360E-6
       10430.   9.776981E-7
       10440.   9.103220E-7
       10450.   1.240110E-6
       10460.   1.399500E-6
       10470.   1.375820E-6
       10480.   1.259710E-6
       10490.   1.334860E-6
       10500.   8.615450E-7
       10510.   1.220740E-6
       10520.   1.019940E-6
       10530.   1.138990E-6
       10540.   7.771110E-7
       10550.   1.312470E-6
       10560.   9.502920E-7
       10570.   9.852261E-7
       10580.   1.121150E-6
       10590.   1.366480E-6
       10600.   9.229730E-7
       10610.   1.343140E-6
       10620.   1.124140E-6
       10630.   1.321880E-6
       10640.   1.011390E-6
       10650.   7.410150E-7
       10660.   1.463690E-6
       10670.   8.831730E-7
       10680.   1.404270E-6
       10690.   8.301840E-7
       10700.   1.134540E-6
       10710.   1.328690E-6
       10720.   1.282460E-6
       10730.   1.183230E-6
       10740.   1.117170E-6
       10750.   1.065020E-6
       10760.   1.196260E-6
       10770.   1.061320E-6
       10780.   9.841290E-7
       10790.   8.723280E-7
       10800.   9.561830E-7
       10810.   1.116090E-6
       10820.   1.105710E-6
       10830.   1.107880E-6
       10840.   1.201970E-6
       10850.   9.158850E-7
       10860.   1.271030E-6
       10870.   1.016470E-6
       10880.   1.112860E-6
       10890.   1.358120E-6
       10900.   1.171480E-6
       10910.   1.606200E-6
       10920.   8.718400E-7
       10930.   9.334630E-7
       10940.   9.283780E-7
       10950.   8.012300E-7
       10960.   1.188420E-6
       10970.   9.948610E-7
       10980.   1.109810E-6
       10990.   1.043860E-6
       11000.   9.579040E-7
       11001.            0.
       11002.            0.
