        1938.            0.
        1939.            0.
        1940.   4.027290E-9
        1950.   3.354170E-8
        1960.   3.069720E-8
        1970.   3.758000E-8
        1980.   2.260380E-9
        1990.   1.372330E-9
        2000.   1.107960E-9
        2010.   1.120430E-8
        2020.  1.000230E-10
        2030.   2.005430E-8
        2040.   2.627600E-8
        2050.   6.028740E-9
        2060.   1.477920E-8
        2070.  1.000230E-10
        2080.   3.196010E-8
        2090.   2.804210E-8
        2100.   5.698240E-9
        2110.   2.501360E-8
        2120.   1.439100E-9
        2130.   8.942210E-9
        2140.   2.137220E-8
        2150.  1.000230E-10
        2160.   3.966500E-9
        2170.   1.850700E-8
        2180.   2.087570E-8
        2190.   2.293580E-8
        2200.   1.681440E-8
        2210.   2.472080E-8
        2220.   9.503830E-9
        2230.   2.694780E-8
        2240.   1.101160E-8
        2250.   1.254800E-9
        2260.   1.858780E-8
        2270.   2.043090E-8
        2280.   2.076960E-8
        2290.   4.531790E-8
        2300.   9.523800E-9
        2310.   7.347300E-9
        2320.   2.520110E-8
        2330.   1.116800E-8
        2340.   5.009070E-8
        2350.   2.162930E-9
        2360.   1.202310E-8
        2370.   1.005320E-9
        2380.   1.943490E-8
        2390.   2.529150E-8
        2400.   5.043040E-9
        2410.   2.517510E-8
        2420.   2.492080E-8
        2430.   2.240710E-8
        2440.   2.352440E-8
        2450.   3.678970E-8
        2460.   1.287130E-8
        2470.   2.238910E-8
        2480.   2.452530E-8
        2490.   1.333390E-8
        2500.   3.944410E-8
        2510.   1.167750E-8
        2520.   2.646890E-8
        2530.   3.785010E-8
        2540.   3.071250E-8
        2550.   3.288430E-8
        2560.   5.084660E-8
        2570.   2.509200E-8
        2580.   3.403590E-8
        2590.   3.308050E-8
        2600.   2.464100E-8
        2610.   3.053980E-8
        2620.   4.618510E-8
        2630.   4.230760E-8
        2640.   4.536640E-8
        2650.   1.423100E-8
        2660.   3.995550E-8
        2670.   4.207270E-8
        2680.   3.367740E-8
        2690.   5.705400E-8
        2700.   3.747660E-8
        2710.   2.747720E-8
        2720.   2.882680E-8
        2730.   4.854230E-8
        2740.   4.994300E-8
        2750.   6.203340E-8
        2760.   7.086210E-8
        2770.   5.373530E-8
        2780.   4.168180E-8
        2790.   5.352230E-8
        2800.   6.916220E-8
        2810.   7.567130E-8
        2820.   5.493120E-8
        2830.   5.385820E-8
        2840.   5.441230E-8
        2850.   6.402890E-8
        2860.   5.899610E-8
        2870.   5.237000E-8
        2880.   9.311830E-8
        2890.   6.172980E-8
        2900.   6.088230E-8
        2910.   6.812440E-8
        2920.   9.981460E-8
        2930.   7.432260E-8
        2940.   7.600650E-8
        2950.   6.487900E-8
        2960.   6.334670E-8
        2970.   6.165520E-8
        2980.   5.612270E-8
        2990.   4.925110E-8
        3000.   4.304190E-8
        3010.   6.569150E-8
        3020.   2.787480E-8
        3030.   3.215930E-8
        3040.   4.566590E-8
        3050.   6.133240E-8
        3060.   4.949740E-8
        3070.   5.750190E-8
        3080.   3.752740E-8
        3090.   3.397890E-8
        3100.   3.986250E-8
        3110.   3.785430E-8
        3120.   1.333250E-8
        3130.   2.059640E-8
        3140.   2.716890E-8
        3150.   3.360250E-8
        3160.   3.675380E-8
        3170.   2.130020E-8
        3180.   1.174410E-8
        3190.   3.068360E-8
        3200.   2.893140E-8
        3210.   2.988950E-8
        3220.   2.604980E-8
        3230.   7.552930E-9
        3240.   4.750950E-8
        3250.   2.149120E-8
        3260.   1.285290E-8
        3270.  1.000230E-10
        3280.   1.173650E-8
        3290.   1.865570E-8
        3300.   2.558940E-8
        3310.   2.106940E-9
        3320.   2.925880E-8
        3330.   4.643020E-8
        3340.   1.309670E-8
        3350.   2.640190E-8
        3360.   2.677350E-8
        3370.   4.843550E-8
        3380.  1.000230E-10
        3390.   1.579490E-8
        3400.   1.686370E-8
        3410.   2.409220E-8
        3420.  1.506620E-10
        3430.   1.738210E-8
        3440.   3.713900E-8
        3450.   5.374400E-8
        3460.   2.724510E-8
        3470.   1.166490E-8
        3480.   1.413250E-8
        3490.   3.083500E-8
        3500.  1.000230E-10
        3510.   4.225010E-8
        3520.  1.000230E-10
        3530.   6.895060E-9
        3540.   3.346280E-8
        3550.   7.119540E-8
        3560.   1.574220E-8
        3570.   1.293110E-8
        3580.   4.652200E-8
        3590.   4.232510E-8
        3600.   1.355180E-8
        3610.   4.178730E-8
        3620.   2.702660E-8
        3630.   5.978490E-8
        3640.   5.586720E-8
        3650.   3.468600E-9
        3660.   1.672420E-8
        3670.   6.893610E-9
        3680.   6.420690E-8
        3690.   7.882170E-8
        3700.   4.517430E-8
        3710.   8.005900E-8
        3720.   1.964480E-8
        3730.   3.550520E-8
        3740.   3.142030E-8
        3750.   1.880300E-8
        3760.   7.077190E-8
        3770.   4.294090E-8
        3780.   1.400440E-8
        3790.   8.367850E-8
        3800.   6.244440E-8
        3810.   3.779480E-8
        3820.   2.008170E-8
        3830.   5.866120E-8
        3840.   4.846320E-8
        3850.   3.258760E-8
        3860.   1.048800E-7
        3870.   2.439820E-8
        3880.   3.871470E-8
        3890.   3.656150E-8
        3900.   9.864410E-8
        3910.   4.920080E-8
        3920.   3.010400E-8
        3930.   6.505910E-8
        3940.   1.496620E-7
        3950.   1.475780E-7
        3960.   6.360630E-8
        3970.   6.474480E-8
        3980.   1.553710E-7
        3990.   7.488660E-8
        4000.   1.840880E-7
        4010.   1.955240E-7
        4020.   1.943550E-7
        4030.   1.934910E-7
        4040.   1.707670E-7
        4050.   1.814400E-7
        4060.   1.358490E-7
        4070.   1.552250E-7
        4080.   1.743300E-7
        4090.   1.859170E-7
        4100.   2.131800E-7
        4110.   1.950630E-7
        4120.   1.984070E-7
        4130.   1.856040E-7
        4140.   2.163630E-7
        4150.   2.154380E-7
        4160.   2.271940E-7
        4170.   1.969270E-7
        4180.   2.290670E-7
        4190.   2.288390E-7
        4200.   2.532740E-7
        4210.   2.215960E-7
        4220.   2.383440E-7
        4230.   2.732260E-7
        4240.   2.935310E-7
        4250.   2.943700E-7
        4260.   2.481830E-7
        4270.   2.425740E-7
        4280.   2.817850E-7
        4290.   2.518540E-7
        4300.   2.665610E-7
        4310.   2.672390E-7
        4320.   2.432370E-7
        4330.   2.602210E-7
        4340.   2.095130E-7
        4350.   2.353850E-7
        4360.   2.190840E-7
        4370.   1.863170E-7
        4380.   1.982510E-7
        4390.   2.189160E-7
        4400.   2.007240E-7
        4410.   1.922920E-7
        4420.   1.951780E-7
        4430.   1.919940E-7
        4440.   1.957680E-7
        4450.   1.887810E-7
        4460.   1.929710E-7
        4470.   1.783820E-7
        4480.   2.115500E-7
        4490.   2.133060E-7
        4500.   1.983260E-7
        4510.   1.868940E-7
        4520.   2.296620E-7
        4530.   2.149160E-7
        4540.   2.283470E-7
        4550.   1.905210E-7
        4560.   2.078230E-7
        4570.   1.961490E-7
        4580.   2.391890E-7
        4590.   1.920240E-7
        4600.   2.009350E-7
        4610.   1.703370E-7
        4620.   1.564200E-7
        4630.   1.627320E-7
        4640.   1.429360E-7
        4650.   1.427510E-7
        4660.   1.874830E-7
        4670.   1.883620E-7
        4680.   1.882290E-7
        4690.   1.502730E-7
        4700.   1.502450E-7
        4710.   1.583200E-7
        4720.   1.321270E-7
        4730.   1.461680E-7
        4740.   1.111510E-7
        4750.   1.588370E-7
        4760.   1.601900E-7
        4770.   1.631380E-7
        4780.   1.682510E-7
        4790.   1.539940E-7
        4800.   1.467840E-7
        4810.   1.541790E-7
        4820.   1.085310E-7
        4830.   1.561040E-7
        4840.   1.585250E-7
        4850.   1.458780E-7
        4860.   1.552990E-7
        4870.   1.650490E-7
        4880.   1.648790E-7
        4890.   1.522180E-7
        4900.   1.092970E-7
        4910.   1.118630E-7
        4920.   1.438850E-7
        4930.   1.100980E-7
        4940.   1.459270E-7
        4950.   1.177150E-7
        4960.   1.155840E-7
        4970.   1.284910E-7
        4980.   1.037510E-7
        4990.   8.626410E-8
        5000.   8.411660E-8
        5010.   1.249670E-7
        5020.   1.159170E-7
        5030.   1.122560E-7
        5040.   1.406520E-7
        5050.   9.957110E-8
        5060.   1.266340E-7
        5070.   1.063670E-7
        5080.   1.088560E-7
        5090.   1.118320E-7
        5100.   9.918630E-8
        5110.   1.104650E-7
        5120.   1.004480E-7
        5130.   1.157500E-7
        5140.   1.184480E-7
        5150.   1.262570E-7
        5160.   1.044230E-7
        5170.   1.207000E-7
        5180.   9.367600E-8
        5190.   1.133850E-7
        5200.   1.094940E-7
        5210.   8.770760E-8
        5220.   9.776420E-8
        5230.   1.330350E-7
        5240.   9.528550E-8
        5250.   1.212950E-7
        5260.   1.141750E-7
        5270.   1.033530E-7
        5280.   9.949840E-8
        5290.   1.250010E-7
        5300.   1.010930E-7
        5310.   1.261800E-7
        5320.   8.586120E-8
        5330.   1.007660E-7
        5340.   1.030270E-7
        5350.   1.038490E-7
        5360.   9.949030E-8
        5370.   1.181660E-7
        5380.   1.151490E-7
        5390.   7.981800E-8
        5400.   1.209580E-7
        5410.   8.791820E-8
        5420.   8.461120E-8
        5430.   9.823830E-8
        5440.   7.981550E-8
        5450.   7.889910E-8
        5460.   1.077280E-7
        5470.   9.488030E-8
        5480.   1.159440E-7
        5490.   8.958950E-8
        5500.   1.190240E-7
        5510.   1.219480E-7
        5520.   6.289720E-8
        5530.   1.327230E-7
        5540.   5.750250E-8
        5550.   1.186140E-7
        5560.   1.025440E-7
        5570.   1.000170E-7
        5580.   8.489180E-8
        5590.   9.925420E-8
        5600.   8.737280E-8
        5610.   1.320150E-7
        5620.   1.012900E-7
        5630.   9.045350E-8
        5640.   9.261770E-8
        5650.   9.865110E-8
        5660.   8.454830E-8
        5670.   8.021010E-8
        5680.   9.713370E-8
        5690.   1.032680E-7
        5700.   7.752320E-8
        5710.   1.012920E-7
        5720.   8.613800E-8
        5730.   9.084790E-8
        5740.   8.355260E-8
        5750.   9.285280E-8
        5760.   8.773680E-8
        5770.   6.180420E-8
        5780.   1.023650E-7
        5790.   6.520050E-8
        5800.   7.809460E-8
        5810.   5.910730E-8
        5820.   1.125370E-7
        5830.   9.734820E-8
        5840.   6.426210E-8
        5850.   6.671930E-8
        5860.   9.351650E-8
        5870.   6.868980E-8
        5880.   5.508180E-8
        5890.   1.131620E-7
        5900.   7.082050E-8
        5910.   4.697880E-8
        5920.   6.216400E-8
        5930.   9.602050E-8
        5940.   8.936630E-8
        5950.   6.873170E-8
        5960.   1.172630E-7
        5970.   7.187210E-8
        5980.   5.427430E-8
        5990.   7.500290E-8
        6000.   6.401060E-8
        6010.   6.880290E-8
        6020.   9.686050E-8
        6030.   8.673370E-8
        6040.   6.604800E-8
        6050.   8.476900E-8
        6060.   4.767430E-8
        6070.   5.366720E-8
        6080.   8.036170E-8
        6090.   5.213680E-8
        6100.   7.756100E-8
        6110.   5.659490E-8
        6120.   7.757270E-8
        6130.   5.020140E-8
        6140.   3.418010E-8
        6150.   8.296200E-8
        6160.   8.631010E-8
        6170.   3.792360E-8
        6180.   8.095630E-8
        6190.   7.073750E-8
        6200.   5.234720E-8
        6210.   5.214450E-8
        6220.   1.031930E-7
        6230.   7.685730E-8
        6240.   4.798330E-8
        6250.   6.582150E-8
        6260.   7.060980E-8
        6270.   6.670590E-8
        6280.   8.225980E-8
        6290.   6.174130E-8
        6300.   7.270410E-8
        6310.   6.104930E-8
        6320.   6.525540E-8
        6330.   7.995540E-8
        6340.   5.944050E-8
        6350.   9.206530E-8
        6360.   5.388610E-8
        6370.   5.045430E-8
        6380.   3.186430E-8
        6390.   5.476280E-8
        6400.   9.086890E-8
        6410.   7.482480E-8
        6420.   7.058000E-8
        6430.   4.329450E-8
        6440.   8.160840E-8
        6450.   8.011370E-8
        6460.   4.685760E-8
        6470.   6.991060E-8
        6480.   6.368810E-8
        6490.   4.869410E-8
        6500.   5.955760E-8
        6510.   6.988900E-8
        6520.   6.118630E-8
        6530.   8.142060E-8
        6540.   9.287760E-8
        6550.   9.678500E-8
        6560.   9.049550E-8
        6570.   8.898970E-8
        6580.   1.235070E-7
        6590.   1.813510E-7
        6600.   1.813150E-7
        6610.   2.376880E-7
        6620.   3.224650E-7
        6630.   3.549280E-7
        6640.   4.430970E-7
        6650.   5.072680E-7
        6660.   6.029220E-7
        6670.   6.792160E-7
        6680.   7.584080E-7
        6690.   9.077220E-7
        6700.   1.066220E-6
        6710.   1.238390E-6
        6720.   1.503170E-6
        6730.   1.767150E-6
        6740.   2.196570E-6
        6750.   2.836590E-6
        6760.   3.674660E-6
        6770.   4.684740E-6
        6780.   6.339020E-6
        6790.   8.485940E-6
        6800.   1.158420E-5
        6810.   1.608220E-5
        6820.   2.249650E-5
        6830.   3.132950E-5
        6840.   4.000000E-5
        6850.   5.100000E-5
        6860.   4.900000E-5
        6870.   9.000000E-5
        6880.   1.440000E-4
        6890.   1.610000E-4
        6900.   2.750000E-4
        6910.   4.570000E-4
        6920.   6.800000E-4
        6930.       0.00103
        6940.      0.001609
        6950.      0.002552
        6960.      0.004027
        6970.      0.006409
        6980.      0.010324
        6990.      0.016837
        7000.      0.027975
        7010.      0.046522
        7020.      0.077518
        7030.      0.128797
        7040.      0.209058
        7050.      0.318402
        7060.      0.455734
        7070.      0.603641
        7080.      0.731197
        7090.      0.821529
        7100.      0.878303
        7110.      0.909642
        7120.      0.924572
        7130.      0.930937
        7140.       0.93357
        7150.      0.933705
        7160.       0.93305
        7170.      0.931244
        7180.      0.928738
        7190.      0.925197
        7200.      0.921477
        7210.      0.917496
        7220.      0.914134
        7230.      0.910698
        7240.      0.908933
        7250.      0.908178
        7260.      0.909284
        7270.      0.910648
        7280.      0.914102
        7290.       0.91785
        7300.      0.923052
        7310.       0.92821
        7320.      0.934131
        7330.      0.940072
        7340.      0.945506
        7350.      0.951108
        7360.      0.955103
        7370.      0.958476
        7380.      0.960237
        7390.      0.961302
        7400.        0.9619
        7410.      0.959826
        7420.      0.957911
        7430.      0.954498
        7440.      0.951053
        7450.      0.947326
        7460.      0.943672
        7470.      0.940082
        7480.      0.936219
        7490.      0.934812
        7500.      0.933062
        7510.      0.933334
        7520.      0.933414
        7530.      0.934904
        7540.      0.937031
        7550.      0.940253
        7560.      0.944418
        7570.      0.948941
        7580.      0.952954
        7590.      0.958228
        7600.      0.961242
        7610.      0.965795
        7620.       0.96832
        7630.      0.969714
        7640.      0.970474
        7650.      0.969985
        7660.      0.968479
        7670.      0.966749
        7680.      0.963586
        7690.      0.960095
        7700.      0.956875
        7710.      0.952988
        7720.      0.949502
        7730.       0.94625
        7740.      0.943096
        7750.      0.940889
        7760.      0.939549
        7770.      0.938568
        7780.      0.939016
        7790.      0.938407
        7800.       0.94003
        7810.      0.940917
        7820.      0.944204
        7830.      0.946354
        7840.      0.948395
        7850.       0.95082
        7860.      0.952552
        7870.      0.955686
        7880.      0.956652
        7890.      0.958713
        7900.      0.959341
        7910.      0.959163
        7920.      0.960219
        7930.      0.959922
        7940.      0.960388
        7950.      0.959929
        7960.      0.960128
        7970.      0.960327
        7980.      0.961044
        7990.      0.961074
        8000.      0.961081
        8010.      0.962235
        8020.      0.963596
        8030.       0.96438
        8040.      0.966493
        8050.      0.966295
        8060.      0.968569
        8070.      0.968464
        8080.       0.96868
        8090.      0.968438
        8100.      0.967042
        8110.      0.965679
        8120.      0.963507
        8130.      0.960547
        8140.      0.956421
        8150.       0.95271
        8160.      0.949478
        8170.      0.944336
        8180.       0.93928
        8190.      0.935107
        8200.      0.930596
        8210.       0.92688
        8220.      0.923065
        8230.      0.920365
        8240.      0.918225
        8250.      0.917815
        8260.      0.917337
        8270.      0.917409
        8280.      0.919041
        8290.      0.920707
        8300.      0.924566
        8310.      0.926968
        8320.      0.931031
        8330.      0.935605
        8340.      0.940732
        8350.      0.945294
        8360.       0.94939
        8370.      0.953766
        8380.      0.958247
        8390.      0.961824
        8400.      0.964974
        8410.      0.966258
        8420.       0.96799
        8430.      0.968147
        8440.      0.967588
        8450.      0.965562
        8460.       0.96442
        8470.       0.96316
        8480.      0.960336
        8490.      0.946918
        8500.      0.943264
        8510.      0.941478
        8520.      0.935792
        8530.      0.934613
        8540.      0.931691
        8550.      0.929058
        8560.      0.927336
        8570.      0.925413
        8580.      0.924923
        8590.      0.923085
        8600.      0.924525
        8610.      0.924958
        8620.      0.925632
        8630.      0.927031
        8640.      0.928632
        8650.      0.932579
        8660.      0.933893
        8670.      0.937846
        8680.      0.940816
        8690.        0.9437
        8700.      0.945908
        8710.      0.947101
        8720.      0.951025
        8730.      0.952214
        8740.      0.955465
        8750.      0.958748
        8760.      0.959413
        8770.      0.960565
        8780.      0.960293
        8790.      0.962132
        8800.      0.961783
        8810.       0.96071
        8820.      0.961001
        8830.      0.959474
        8840.      0.959714
        8850.      0.957584
        8860.      0.956858
        8870.      0.956316
        8880.      0.954358
        8890.      0.953853
        8900.      0.952753
        8910.      0.951561
        8920.      0.949961
        8930.      0.949867
        8940.      0.949145
        8950.      0.948441
        8960.      0.947994
        8970.      0.947686
        8980.        0.9485
        8990.      0.948485
        9000.      0.948783
        9010.       0.94931
        9020.      0.950223
        9030.      0.950375
        9040.      0.951735
        9050.      0.952881
        9060.       0.95374
        9070.      0.955271
        9080.      0.956358
        9090.      0.957414
        9100.      0.959505
        9110.      0.960176
        9120.      0.961821
        9130.      0.963091
        9140.      0.964486
        9150.        0.9654
        9160.      0.966069
        9170.      0.966778
        9180.      0.967625
        9190.      0.967724
        9200.      0.967637
        9210.         0.968
        9220.      0.967254
        9230.       0.96589
        9240.       0.96497
        9250.      0.963755
        9260.      0.962112
        9270.      0.960158
        9280.      0.958652
        9290.      0.956672
        9300.      0.955425
        9310.      0.954081
        9320.      0.952827
        9330.      0.952085
        9340.      0.952378
        9350.      0.952411
        9360.       0.95302
        9370.      0.954145
        9380.      0.955871
        9390.      0.957503
        9400.      0.959131
        9410.       0.96082
        9420.      0.961914
        9430.       0.96202
        9440.      0.960966
        9450.      0.958771
        9460.      0.955377
        9470.       0.95088
        9480.      0.945017
        9490.       0.93802
        9500.      0.930277
        9510.      0.921604
        9520.      0.911662
        9530.      0.900766
        9540.      0.885464
        9550.      0.863472
        9560.      0.832914
        9570.      0.785967
        9580.      0.717321
        9590.       0.63592
        9600.      0.538852
        9610.      0.431963
        9620.      0.336962
        9630.      0.253816
        9640.      0.183533
        9650.       0.13324
        9660.      0.096273
        9670.      0.068119
        9680.      0.049183
        9690.      0.036073
        9700.      0.026242
        9710.      0.019187
        9720.      0.014348
        9730.      0.010875
        9740.      0.008145
        9750.      0.006357
        9760.       0.00499
        9770.      0.003793
        9780.      0.003135
        9790.       0.00263
        9800.      0.001951
        9810.      0.001674
        9820.      0.001544
        9830.      0.001068
        9840.      0.001059
        9850.   9.580000E-4
        9860.   7.610000E-4
        9870.   6.410000E-4
        9880.   5.850000E-4
        9890.   5.450000E-4
        9900.   5.670000E-4
        9910.   7.460000E-4
        9920.   5.080000E-4
        9930.   3.750000E-4
        9940.   4.240000E-4
        9950.   4.620000E-4
        9960.   3.790000E-4
        9970.   4.580000E-4
        9980.   4.840000E-4
        9990.   4.640000E-4
       10000.   3.500000E-4
       10010.   2.440000E-4
       10020.   3.340000E-4
       10030.   2.590000E-4
       10040.   2.470000E-4
       10050.   4.530000E-4
       10060.   5.820000E-4
       10070.   2.730000E-4
       10080.   2.340000E-4
       10090.   1.590000E-4
       10100.   3.310000E-4
       10110.   3.820000E-4
       10120.   4.200000E-4
       10130.   2.740000E-4
       10140.   3.830000E-4
       10150.   3.980000E-4
       10160.   3.430000E-4
       10170.   1.670000E-4
       10180.   2.000000E-4
       10190.   2.500000E-4
       10200.   3.550000E-4
       10210.   2.800000E-4
       10220.   3.290000E-4
       10230.   2.560000E-4
       10240.   1.760000E-4
       10250.   3.360000E-4
       10260.   3.050000E-4
       10270.   2.050000E-4
       10280.   2.570000E-4
       10290.   2.800000E-4
       10300.   3.220000E-4
       10310.   3.360000E-4
       10320.   3.500000E-4
       10330.   2.260000E-4
       10340.   2.560000E-4
       10350.   1.920000E-4
       10360.   3.040000E-4
       10370.   1.900000E-4
       10380.   2.550000E-4
       10390.   1.890000E-4
       10400.   1.470000E-4
       10410.   2.520000E-4
       10420.   2.550000E-4
       10430.   2.080000E-4
       10440.   1.430000E-4
       10450.   2.540000E-4
       10460.   2.390000E-4
       10470.   3.120000E-4
       10480.   2.730000E-4
       10490.   2.940000E-4
       10500.   2.200000E-4
       10510.   2.880000E-4
       10520.   3.090000E-4
       10530.   3.140000E-4
       10540.   2.740000E-4
       10550.   2.870000E-4
       10560.   2.790000E-4
       10570.   2.460000E-4
       10580.   2.130000E-4
       10590.   1.420000E-4
       10600.   2.850000E-4
       10610.   2.700000E-4
       10620.   1.230000E-4
       10630.   2.370000E-4
       10640.   2.740000E-4
       10650.   2.730000E-4
       10660.   2.830000E-4
       10670.   1.930000E-4
       10680.   2.940000E-4
       10690.   3.100000E-4
       10700.   3.530000E-4
       10710.   3.180000E-4
       10720.   1.150000E-4
       10730.   2.260000E-4
       10740.   2.920000E-4
       10750.   2.276170E-6
       10760.   2.007130E-6
       10770.   1.779570E-6
       10780.   2.082010E-6
       10790.   1.846440E-6
       10800.   2.049620E-6
       10810.   1.882860E-6
       10820.   1.881880E-6
       10830.   2.130020E-6
       10840.   1.975190E-6
       10850.   2.176400E-6
       10860.   2.015770E-6
       10870.   1.913670E-6
       10880.   1.829240E-6
       10890.   2.262060E-6
       10900.   2.487230E-6
       10910.   2.242260E-6
       10920.   2.026100E-6
       10930.   1.724430E-6
       10940.   1.750530E-6
       10950.   2.169630E-6
       10960.   2.067870E-6
       10970.   1.889630E-6
       10980.   1.932260E-6
       10990.   1.987510E-6
       11000.   1.934300E-6
       11001.            0.
       11002.            0.
