        1938.            0.
        1939.            0.
        1940.   7.463250E-7
        1950.   1.615400E-7
        1960.   4.525760E-7
        1970.   5.173670E-7
        1980.   3.105630E-7
        1990.   3.497770E-7
        2000.   2.789800E-7
        2010.   4.630310E-7
        2020.   3.201420E-7
        2030.   3.494650E-7
        2040.   2.874300E-7
        2050.   2.972350E-7
        2060.   3.373920E-7
        2070.   3.736400E-7
        2080.   3.038960E-7
        2090.   3.099990E-7
        2100.   3.704840E-7
        2110.   2.585530E-7
        2120.   4.465670E-7
        2130.   3.484370E-7
        2140.   2.217240E-7
        2150.   1.923350E-7
        2160.   3.955510E-7
        2170.   1.512750E-7
        2180.   1.163800E-7
        2190.   4.525990E-7
        2200.   1.999080E-7
        2210.   2.356810E-7
        2220.   3.323930E-7
        2230.   1.623940E-7
        2240.   3.396700E-7
        2250.   2.427510E-7
        2260.   3.901040E-7
        2270.   4.313910E-7
        2280.   3.432640E-7
        2290.   1.545340E-7
        2300.   2.658990E-7
        2310.  1.000230E-10
        2320.   3.121860E-7
        2330.   3.247240E-7
        2340.   4.961500E-7
        2350.   3.368560E-7
        2360.   2.165710E-7
        2370.   3.176010E-7
        2380.   1.766130E-7
        2390.   2.520500E-7
        2400.   3.447430E-7
        2410.   1.712800E-7
        2420.   2.831390E-7
        2430.   3.435220E-7
        2440.   4.516190E-7
        2450.   2.985990E-7
        2460.   4.564340E-7
        2470.   3.441980E-7
        2480.   4.047870E-7
        2490.   3.568820E-7
        2500.   3.301690E-7
        2510.   3.996670E-7
        2520.   4.703620E-7
        2530.   3.203390E-7
        2540.   5.897720E-7
        2550.   5.162080E-7
        2560.   5.699010E-7
        2570.   2.872700E-7
        2580.   3.261900E-7
        2590.   5.385750E-7
        2600.   3.856850E-7
        2610.   3.500180E-7
        2620.   4.792070E-7
        2630.   4.491500E-7
        2640.   4.736080E-7
        2650.   4.562410E-7
        2660.   4.167190E-7
        2670.   4.104800E-7
        2680.   4.582420E-7
        2690.   3.412870E-7
        2700.   5.048850E-7
        2710.   5.389570E-7
        2720.   4.351090E-7
        2730.   6.197650E-7
        2740.   4.331200E-7
        2750.   4.192990E-7
        2760.   4.691210E-7
        2770.   3.968730E-7
        2780.   4.549670E-7
        2790.   4.788820E-7
        2800.   5.041830E-7
        2810.   4.537310E-7
        2820.   5.992740E-7
        2830.   4.777820E-7
        2840.   2.787560E-7
        2850.   4.880850E-7
        2860.   3.875360E-7
        2870.   2.742240E-7
        2880.   2.712050E-7
        2890.   5.892680E-7
        2900.   1.980130E-7
        2910.   2.536480E-7
        2920.   5.838360E-7
        2930.   5.901450E-7
        2940.   5.155870E-7
        2950.   2.191360E-7
        2960.   3.434290E-7
        2970.   3.929180E-7
        2980.   4.995330E-7
        2990.   4.968250E-7
        3000.   2.064610E-7
        3010.   4.127800E-7
        3020.   4.084990E-7
        3030.   4.856070E-7
        3040.   3.923640E-7
        3050.   1.832610E-7
        3060.   4.422420E-7
        3070.   2.841850E-7
        3080.   4.749550E-7
        3090.   5.079440E-7
        3100.   4.709460E-7
        3110.   3.887080E-7
        3120.   6.162400E-7
        3130.   6.319970E-7
        3140.   2.314470E-7
        3150.   4.111330E-7
        3160.   4.389870E-7
        3170.   3.266810E-7
        3180.   6.565180E-7
        3190.   2.477750E-7
        3200.   7.384230E-7
        3210.   5.950860E-7
        3220.   3.503350E-7
        3230.   4.079430E-7
        3240.   5.940720E-7
        3250.   5.333040E-7
        3260.   3.341610E-7
        3270.   4.319260E-7
        3280.   3.775500E-7
        3290.   4.596450E-7
        3300.   4.319780E-7
        3310.   5.673460E-7
        3320.   2.741210E-7
        3330.   5.768940E-7
        3340.   4.141800E-7
        3350.   5.189000E-7
        3360.   4.338120E-7
        3370.   3.998450E-7
        3380.   2.366770E-7
        3390.   2.073130E-7
        3400.   7.480850E-7
        3410.   6.523650E-7
        3420.   8.419730E-7
        3430.   7.727020E-7
        3440.   4.256050E-7
        3450.   1.026510E-6
        3460.   2.299390E-7
        3470.   7.858130E-7
        3480.   6.833130E-7
        3490.   3.700440E-7
        3500.   5.078650E-7
        3510.   1.002720E-6
        3520.   5.784560E-7
        3530.   9.298440E-7
        3540.   9.461210E-7
        3550.   1.029960E-6
        3560.   2.363030E-7
        3570.   6.273140E-7
        3580.   9.385310E-7
        3590.   8.164320E-7
        3600.   5.123310E-7
        3610.   8.940010E-7
        3620.   3.418400E-7
        3630.   4.325420E-7
        3640.   9.937220E-7
        3650.   8.615290E-7
        3660.   4.424470E-7
        3670.   6.409420E-7
        3680.   5.005300E-7
        3690.   1.136380E-6
        3700.   8.724750E-7
        3710.   3.793380E-7
        3720.   6.472580E-7
        3730.   3.981700E-7
        3740.   9.163640E-7
        3750.   3.492710E-7
        3760.   6.375990E-7
        3770.   7.162350E-7
        3780.   9.513060E-7
        3790.   1.181970E-6
        3800.   1.000210E-6
        3810.   6.267600E-7
        3820.   9.738560E-7
        3830.   5.884240E-7
        3840.   2.620150E-7
        3850.   9.779550E-7
        3860.   1.116740E-6
        3870.   9.887830E-7
        3880.   1.562350E-6
        3890.   6.750830E-7
        3900.   2.574360E-7
        3910.   9.335790E-7
        3920.   1.421020E-6
        3930.   5.550960E-7
        3940.   9.296410E-7
        3950.   3.566500E-7
        3960.   8.756370E-7
        3970.   1.134430E-6
        3980.   8.982640E-7
        3990.   7.007450E-7
        4000.   1.347460E-7
        4010.   3.903710E-7
        4020.   1.832600E-7
        4030.   4.653640E-7
        4040.   4.979300E-7
        4050.   2.101160E-7
        4060.   2.673190E-7
        4070.   4.600730E-7
        4080.   3.910060E-7
        4090.   2.433920E-7
        4100.   4.629400E-7
        4110.   4.257670E-7
        4120.   2.551510E-7
        4130.   3.984100E-7
        4140.   3.969370E-7
        4150.   2.949670E-7
        4160.   4.836310E-7
        4170.   2.311790E-7
        4180.   7.032360E-7
        4190.   3.800090E-7
        4200.   4.680950E-7
        4210.   1.956530E-7
        4220.   6.443260E-7
        4230.   2.049860E-8
        4240.   4.863170E-7
        4250.   3.171060E-7
        4260.   1.392860E-9
        4270.   1.605720E-7
        4280.   2.122520E-7
        4290.   5.434460E-7
        4300.   3.000480E-7
        4310.   6.032560E-7
        4320.   4.548710E-7
        4330.   4.514910E-7
        4340.   3.336840E-7
        4350.   8.912880E-8
        4360.   4.442070E-7
        4370.   3.948540E-7
        4380.   5.419650E-7
        4390.   2.905450E-7
        4400.   1.726060E-7
        4410.   4.810930E-7
        4420.   3.609040E-7
        4430.   5.991410E-7
        4440.   5.513780E-7
        4450.   1.995090E-7
        4460.   4.623210E-7
        4470.   5.527130E-7
        4480.   4.686270E-7
        4490.   6.171310E-7
        4500.   1.889280E-7
        4510.   5.886420E-7
        4520.   4.060570E-7
        4530.   2.219630E-7
        4540.   5.877940E-7
        4550.   5.718260E-7
        4560.   3.664550E-7
        4570.   6.268360E-7
        4580.   3.720730E-7
        4590.   3.601220E-7
        4600.   3.191730E-7
        4610.   2.427760E-7
        4620.   4.245730E-7
        4630.   1.450590E-7
        4640.   6.661300E-7
        4650.   4.468020E-7
        4660.   4.382730E-7
        4670.   3.919450E-7
        4680.   5.659920E-7
        4690.   3.221960E-7
        4700.   5.334080E-7
        4710.   2.580520E-7
        4720.   4.242040E-7
        4730.   3.560420E-7
        4740.   4.064770E-7
        4750.   4.825800E-7
        4760.   4.908530E-7
        4770.   1.901810E-7
        4780.   3.267560E-7
        4790.   2.608820E-7
        4800.   5.890250E-7
        4810.   1.561180E-7
        4820.   8.033890E-7
        4830.   3.827070E-7
        4840.   5.553620E-7
        4850.   3.146950E-7
        4860.   5.412820E-7
        4870.   6.347070E-7
        4880.   4.158810E-7
        4890.   5.503760E-7
        4900.   3.415520E-7
        4910.   5.160900E-7
        4920.   5.976260E-7
        4930.   3.412050E-7
        4940.   5.872650E-7
        4950.   5.420200E-7
        4960.   5.909570E-7
        4970.   3.259930E-7
        4980.   3.631200E-7
        4990.   5.087130E-7
        5000.   5.827180E-7
        5010.   1.949290E-7
        5020.   4.159390E-7
        5030.   2.055730E-7
        5040.   3.990250E-7
        5050.   2.281180E-7
        5060.   2.332150E-7
        5070.   1.946160E-7
        5080.   1.946330E-7
        5090.   5.499460E-7
        5100.   3.842360E-7
        5110.   5.902510E-7
        5120.   5.803580E-7
        5130.   5.740560E-7
        5140.   5.931960E-7
        5150.   3.533870E-7
        5160.   2.374420E-7
        5170.   4.957820E-7
        5180.   2.255760E-7
        5190.   4.649290E-7
        5200.   2.085930E-7
        5210.   1.606310E-7
        5220.   1.399940E-7
        5230.   5.344870E-7
        5240.   2.283250E-7
        5250.   6.184120E-7
        5260.   4.937670E-7
        5270.   3.627520E-7
        5280.   5.319910E-7
        5290.   2.211570E-7
        5300.   2.924250E-7
        5310.   2.101290E-7
        5320.   3.931370E-7
        5330.   1.379480E-7
        5340.   6.324450E-8
        5350.   6.083770E-7
        5360.  1.000230E-10
        5370.   3.858160E-7
        5380.   3.485730E-7
        5390.   1.809790E-7
        5400.   2.827130E-7
        5410.   4.451350E-7
        5420.   6.171800E-7
        5430.   2.339080E-7
        5440.   9.140610E-7
        5450.   6.886100E-7
        5460.   6.840170E-7
        5470.   7.201930E-7
        5480.   6.008720E-7
        5490.   5.724810E-7
        5500.   5.337710E-7
        5510.   5.643710E-7
        5520.   7.769020E-7
        5530.   3.096350E-7
        5540.   5.895400E-7
        5550.   4.569870E-7
        5560.   1.389030E-7
        5570.   2.507340E-7
        5580.   2.256160E-7
        5590.   9.481330E-8
        5600.   6.156110E-7
        5610.  1.000230E-10
        5620.   5.702730E-8
        5630.   5.883010E-7
        5640.   3.080820E-7
        5650.   3.469080E-7
        5660.   1.475340E-7
        5670.   3.193750E-8
        5680.   2.465370E-7
        5690.   1.855420E-7
        5700.   2.452610E-7
        5710.   7.531210E-8
        5720.  1.000230E-10
        5730.   4.581210E-7
        5740.   1.780230E-7
        5750.  1.000230E-10
        5760.  1.000230E-10
        5770.   7.647400E-8
        5780.  1.000230E-10
        5790.   2.522280E-7
        5800.   3.704320E-8
        5810.   6.528780E-8
        5820.  1.000230E-10
        5830.   3.276590E-7
        5840.   4.103890E-7
        5850.   1.396590E-7
        5860.   2.558980E-7
        5870.   1.607680E-7
        5880.   1.506180E-7
        5890.  1.000230E-10
        5900.   1.495570E-7
        5910.   1.017810E-7
        5920.   2.893690E-7
        5930.   2.843820E-7
        5940.   1.832680E-7
        5950.   2.166990E-7
        5960.   3.113560E-8
        5970.   4.904620E-7
        5980.  1.000230E-10
        5990.   1.639270E-7
        6000.   2.399290E-7
        6010.  1.000230E-10
        6020.   6.021780E-8
        6030.   4.400850E-7
        6040.   2.381350E-7
        6050.   2.739870E-7
        6060.  1.000230E-10
        6070.   2.658490E-7
        6080.  1.000230E-10
        6090.   2.169350E-7
        6100.   2.604450E-7
        6110.   1.993150E-7
        6120.   3.436930E-7
        6130.   4.263190E-8
        6140.   3.530900E-7
        6150.   3.861460E-7
        6160.   2.495740E-7
        6170.  1.000230E-10
        6180.   3.149560E-7
        6190.   5.048430E-7
        6200.   4.976410E-7
        6210.   1.199860E-8
        6220.  1.000230E-10
        6230.   4.254800E-7
        6240.   4.782360E-7
        6250.   3.106760E-7
        6260.   4.827590E-7
        6270.   3.783990E-7
        6280.   9.423720E-7
        6290.   7.530830E-7
        6300.   1.604120E-6
        6310.   4.699380E-6
        6320.   1.010170E-5
        6330.   2.500000E-5
        6340.   3.600000E-5
        6350.   7.200000E-5
        6360.   2.220000E-4
        6370.   9.090000E-4
        6380.      0.004726
        6390.      0.032154
        6400.      0.163517
        6410.      0.444434
        6420.      0.715938
        6430.      0.835703
        6440.      0.856005
        6450.      0.847045
        6460.      0.828586
        6470.      0.816655
        6480.      0.773496
        6490.      0.572823
        6500.      0.252712
        6510.      0.052769
        6520.      0.007314
        6530.      0.001445
        6540.   3.990000E-4
        6550.   1.350000E-4
        6560.   4.000000E-5
        6600.   1.011270E-5
        6610.   4.871510E-6
        6620.   3.000200E-6
        6630.   1.774080E-6
        6640.   1.384760E-6
        6650.   1.295550E-6
        6660.   1.020620E-6
        6670.   9.386400E-7
        6680.   8.080630E-7
        6690.   4.755810E-7
        6700.   7.464970E-7
        6710.   4.384400E-7
        6720.   5.713610E-7
        6730.   7.047580E-7
        6740.   5.165980E-7
        6750.   6.120820E-7
        6760.   5.886550E-7
        6770.   6.131510E-7
        6780.   7.572950E-7
        6790.   9.548320E-7
        6800.   7.399870E-7
        6810.   7.650340E-7
        6820.   9.431910E-7
        6830.   6.915940E-7
        6840.   5.935070E-7
        6850.   8.150420E-7
        6860.   8.473070E-7
        6870.   8.008960E-7
        6880.   7.998140E-7
        6890.   8.442600E-7
        6900.   6.059830E-7
        6910.   5.138580E-7
        6920.   2.004200E-7
        6930.   3.236900E-7
        6940.   4.748270E-7
        6950.   4.338810E-7
        6960.   4.247220E-7
        6970.   2.405710E-7
        6980.   1.593210E-7
        6990.   4.707040E-7
        7000.   2.996880E-7
        7010.   2.948530E-7
        7020.   1.750500E-7
        7030.   2.605840E-7
        7040.   3.540130E-7
        7050.   1.942400E-7
        7060.   4.535880E-7
        7070.   3.563850E-7
        7080.   2.962280E-7
        7090.   4.919220E-7
        7100.   7.598730E-7
        7110.   5.507700E-7
        7120.   4.866090E-7
        7130.   7.345140E-7
        7140.   2.793340E-7
        7150.   5.329140E-7
        7160.   7.030610E-7
        7170.   2.199180E-7
        7180.   5.643490E-7
        7190.   9.726350E-7
        7200.   7.852930E-7
        7210.   6.532070E-7
        7220.   5.081270E-7
        7230.   7.171780E-7
        7240.   7.324730E-7
        7250.   5.518780E-7
        7260.   6.570690E-7
        7270.   7.293450E-7
        7280.   9.429160E-7
        7290.   6.504700E-7
        7300.   7.174110E-7
        7310.   7.697850E-7
        7320.   5.182600E-7
        7330.   5.750570E-7
        7340.   7.274710E-7
        7350.   7.183680E-7
        7360.   5.447870E-7
        7370.   5.668460E-7
        7380.   7.938840E-7
        7390.   8.416910E-7
        7400.   7.945520E-7
        7410.   7.514220E-7
        7420.   6.199060E-7
        7430.   8.647650E-7
        7440.   7.928430E-7
        7450.   1.329340E-6
        7460.   1.686660E-6
        7470.   3.334520E-6
        7480.   4.938120E-6
        7490.   6.716470E-6
        7500.   7.701620E-6
        7510.   7.858390E-6
        7520.   7.928730E-6
        7530.   8.097210E-6
        7540.   9.092660E-6
        7550.   1.018890E-5
        7560.   1.108220E-5
        7570.   1.093090E-5
        7580.   1.046700E-5
        7590.   9.559320E-6
        7600.   8.935890E-6
        7610.   1.114990E-5
        7620.   1.769360E-5
        7630.   3.003470E-5
        7640.   3.676730E-5
        7650.   3.693590E-5
        7660.   3.058010E-5
        7670.   1.966790E-5
        7680.   1.123360E-5
        7690.   8.176460E-6
        7700.   7.829270E-6
        7710.   8.196270E-6
        7720.   8.397920E-6
        7730.   9.026240E-6
        7740.   8.084390E-6
        7750.   7.056790E-6
        7760.   5.644460E-6
        7770.   4.705610E-6
        7780.   4.934490E-6
        7790.   5.890550E-6
        7800.   1.299020E-5
        7810.   2.837010E-5
        7820.   4.052950E-5
        7830.   4.095190E-5
        7840.   3.412840E-5
        7850.   2.127420E-5
        7860.   1.025050E-5
        7870.   7.422120E-6
        7880.   8.023950E-6
        7890.   9.000170E-6
        7900.   9.327280E-6
        7910.   8.894510E-6
        7920.   8.231270E-6
        7930.   7.091810E-6
        7940.   5.443340E-6
        7950.   4.347720E-6
        7960.   3.798530E-6
        7970.   4.769350E-6
        7980.   9.990180E-6
        7990.   2.408610E-5
        8000.   3.539710E-5
        8010.   3.567340E-5
        8020.   3.002910E-5
        8030.   1.880550E-5
        8040.   7.831770E-6
        8050.   5.368940E-6
        8060.   5.996960E-6
        8070.   7.346730E-6
        8080.   8.618430E-6
        8090.   8.951130E-6
        8100.   8.741160E-6
        8110.   7.718220E-6
        8120.   6.148440E-6
        8130.   5.690070E-6
        8140.   6.837180E-6
        8150.   1.589460E-5
        8160.   3.662500E-5
        8170.   5.312330E-5
        8180.   4.943540E-5
        8190.   4.105730E-5
        8200.   2.241200E-5
        8210.   6.529650E-6
        8220.   3.505880E-6
        8230.   3.010870E-6
        8240.   3.858040E-6
        8250.   4.808920E-6
        8260.   6.457480E-6
        8270.   9.005080E-6
        8280.   1.404860E-5
        8290.   2.339000E-5
        8300.   3.337840E-5
        8310.   3.357090E-5
        8320.   2.760060E-5
        8330.   1.754550E-5
        8340.   8.463300E-6
        8350.   3.241130E-6
        8360.   2.292490E-6
        8370.   1.956490E-6
        8380.   1.518640E-6
        8390.   1.516950E-6
        8400.   1.338380E-6
        8410.   1.939490E-6
        8420.   1.563410E-6
        8430.   2.198110E-6
        8440.   2.166820E-6
        8450.   3.269750E-6
        8460.   6.150220E-6
        8470.   9.300240E-6
        8480.   1.000360E-5
        8490.   9.437890E-6
        8500.   9.453180E-6
        8510.  1.000230E-10
        8520.  1.000230E-10
        8530.   3.011090E-5
        8540.   6.391720E-5
        8550.   1.355840E-5
        8560.   1.271070E-5
        8570.  1.000230E-10
        8580.   2.197860E-5
        8590.   1.900660E-5
        8600.   1.612950E-5
        8610.   8.104010E-6
        8620.   1.237880E-5
        8630.   1.166810E-6
        8640.  1.000230E-10
        8650.   6.206260E-6
        8660.   2.600190E-5
        8670.   1.860310E-5
        8680.   1.727390E-5
        8690.   7.025170E-6
        8700.  1.000230E-10
        8710.   2.219220E-5
        8720.   8.503480E-6
        8730.   1.152860E-5
        8740.   2.619850E-5
        8750.   8.276430E-6
        8760.   1.612600E-5
        8770.   3.716770E-5
        8780.   1.525420E-5
        8790.   3.276800E-5
        8800.   9.512560E-6
        8810.   1.540980E-5
        8820.   4.243790E-6
        8830.   2.140940E-5
        8840.   2.443370E-5
        8850.   4.830370E-6
        8860.   1.087980E-5
        8870.   2.057240E-5
        8880.   2.793000E-5
        8890.   1.547260E-5
        8900.   9.734110E-6
        8910.   2.800090E-5
        8920.   1.631120E-5
        8930.   8.622590E-6
        8940.   1.432950E-5
        8950.   1.088110E-5
        8960.   1.149260E-5
        8970.   7.399850E-6
        8980.   7.307120E-6
        8990.  1.000230E-10
        9000.   6.564110E-7
        9010.   2.739130E-6
        9020.   4.674030E-6
        9030.   7.172490E-6
        9040.  1.000230E-10
        9050.   1.453010E-5
        9060.   1.093880E-5
        9070.   7.021140E-6
        9080.   4.416520E-6
        9090.  1.000230E-10
        9100.   1.145540E-5
        9110.  1.000230E-10
        9120.   5.025380E-6
        9130.   8.017500E-6
        9140.  1.000230E-10
        9150.  1.000230E-10
        9160.   1.596220E-5
        9170.   5.247650E-6
        9180.   1.645340E-6
        9190.   1.002910E-6
        9200.   2.793620E-6
        9210.  1.000230E-10
        9220.   8.183160E-6
        9230.  1.000230E-10
        9240.  1.000230E-10
        9250.   1.300900E-5
        9260.   2.601370E-8
        9270.   1.658500E-6
        9280.  1.000230E-10
        9290.   1.027070E-5
        9300.  1.000230E-10
        9310.   2.386660E-6
        9320.   7.874120E-6
        9330.   7.524720E-6
        9340.  1.000230E-10
        9350.   4.086800E-8
        9360.  1.000230E-10
        9370.   3.049370E-6
        9380.   4.493490E-6
        9390.   5.542000E-6
        9400.  1.000230E-10
        9410.  1.000230E-10
        9420.   3.019380E-6
        9430.  1.000230E-10
        9440.  1.000230E-10
        9450.  1.000230E-10
        9460.  1.000230E-10
        9470.  1.000230E-10
        9480.  1.000230E-10
        9490.   5.197720E-6
        9500.  1.000230E-10
        9510.  1.000230E-10
        9520.  1.000230E-10
        9530.   6.027660E-6
        9540.  1.000230E-10
        9550.  1.000230E-10
        9560.   1.727460E-6
        9570.   3.004090E-6
        9580.   6.204020E-7
        9590.  1.000230E-10
        9600.  1.000230E-10
        9610.   5.737410E-6
        9620.  1.000230E-10
        9630.  1.000230E-10
        9640.   2.598880E-7
        9650.  1.000230E-10
        9660.  1.000230E-10
        9670.  1.000230E-10
        9680.   1.232320E-5
        9690.   2.639000E-6
        9700.  1.000230E-10
        9710.   3.057630E-6
        9720.  1.000230E-10
        9730.  1.000230E-10
        9740.   4.444660E-6
        9750.   2.377810E-6
        9760.  1.000230E-10
        9770.  1.000230E-10
        9780.  1.000230E-10
        9790.   7.258490E-7
        9800.  3.808590E-10
        9810.  1.000230E-10
        9820.   1.110160E-6
        9830.   1.631160E-6
        9840.   2.139210E-6
        9850.  1.000230E-10
        9860.   1.914720E-6
        9870.   1.724810E-6
        9880.  1.000230E-10
        9890.  1.000230E-10
        9900.   1.558930E-6
        9910.   5.344580E-6
        9920.   2.768070E-7
        9930.   1.636410E-6
        9940.   1.703370E-6
        9950.  1.000230E-10
        9960.  1.000230E-10
        9970.   2.180310E-7
        9980.  1.000230E-10
        9990.  1.000230E-10
       10000.  1.000230E-10
       10010.  1.000230E-10
       10020.  1.000230E-10
       10030.  1.000230E-10
       10040.   2.083470E-6
       10050.  1.000230E-10
       10060.  1.000230E-10
       10070.  1.000230E-10
       10080.  1.000230E-10
       10090.  1.000230E-10
       10100.  1.000230E-10
       10110.  1.000230E-10
       10120.  1.000230E-10
       10130.   1.317040E-7
       10140.  1.000230E-10
       10150.   1.686320E-7
       10160.  1.000230E-10
       10170.  1.000230E-10
       10180.  1.000230E-10
       10190.   2.118520E-8
       10200.  1.000230E-10
       10210.  1.000230E-10
       10220.  1.000230E-10
       10230.  1.000230E-10
       10240.  1.000230E-10
       10250.  1.000230E-10
       10260.  1.000230E-10
       10270.  1.000230E-10
       10280.  1.000230E-10
       10290.  1.000230E-10
       10300.   4.781490E-6
       10310.  1.000230E-10
       10320.  1.000230E-10
       10330.   1.199570E-6
       10340.  1.000230E-10
       10350.   2.683930E-6
       10360.  1.000230E-10
       10370.  1.000230E-10
       10380.  1.000230E-10
       10390.   4.458730E-7
       10400.   2.715350E-6
       10410.  1.000230E-10
       10420.  1.000230E-10
       10430.  1.000230E-10
       10440.  1.000230E-10
       10450.  1.000230E-10
       10460.   1.631610E-6
       10470.  1.000230E-10
       10480.  1.000230E-10
       10490.  1.000230E-10
       10500.   3.950970E-7
       10510.  1.000230E-10
       10520.  1.000230E-10
       10530.  1.000230E-10
       10540.  1.000230E-10
       10550.  1.000230E-10
       10560.  1.000230E-10
       10570.  1.000230E-10
       10580.  1.000230E-10
       10590.  1.000230E-10
       10600.  1.000230E-10
       10610.  1.000230E-10
       10620.   7.469150E-7
       10630.  1.000230E-10
       10640.  1.000230E-10
       10650.   8.664750E-7
       10660.  1.000230E-10
       10670.  1.000230E-10
       10680.  1.000230E-10
       10690.  1.000230E-10
       10700.  1.000230E-10
       10710.  1.000230E-10
       10720.  1.000230E-10
       10730.   8.159270E-7
       10740.   2.592630E-6
       10750.   7.098920E-7
       10760.  1.000230E-10
       10770.  1.000230E-10
       10780.   2.090600E-7
       10790.  1.000230E-10
       10800.  1.000230E-10
       10810.   6.568800E-7
       10820.  1.000230E-10
       10830.  1.000230E-10
       10840.   4.352840E-7
       10850.   4.278570E-6
       10860.   2.230460E-6
       10870.  1.000230E-10
       10880.  1.000230E-10
       10890.  1.000230E-10
       10900.   2.436430E-7
       10910.  1.000230E-10
       10920.  1.000230E-10
       10930.  1.000230E-10
       10940.   2.457880E-6
       10950.  1.000230E-10
       10960.   3.406130E-7
       10970.  1.000230E-10
       10980.  1.000230E-10
       10990.  1.000230E-10
       11000.  1.000230E-10
       11001.            0.
       11002.            0.
