        1938.            0.
        1939.            0.
        1940.  1.000230E-10
        1950.   5.245140E-8
        1960.   1.563290E-8
        1970.   4.918010E-8
        1980.   1.030380E-8
        1990.   2.480410E-8
        2000.   1.826940E-8
        2010.   2.176900E-8
        2020.  1.000230E-10
        2030.  1.000230E-10
        2040.   1.107080E-8
        2050.  1.000230E-10
        2060.  1.000230E-10
        2070.  1.000230E-10
        2080.  1.000230E-10
        2090.   4.341550E-9
        2100.  1.000230E-10
        2110.   3.607410E-9
        2120.  1.000230E-10
        2130.  1.000230E-10
        2140.  5.032810E-10
        2150.   6.372110E-9
        2160.  1.000230E-10
        2170.  9.802370E-10
        2180.   9.628920E-9
        2190.  1.000230E-10
        2200.  1.000230E-10
        2210.   6.727630E-9
        2220.  1.000230E-10
        2230.  1.000230E-10
        2240.  1.000230E-10
        2250.  1.000230E-10
        2260.  1.000230E-10
        2270.   1.894380E-8
        2280.  1.000230E-10
        2290.   4.455690E-9
        2300.   2.335020E-8
        2310.   2.530720E-8
        2320.  1.000230E-10
        2330.  1.000230E-10
        2340.   1.258730E-8
        2350.  1.000230E-10
        2360.   9.962630E-9
        2370.  1.000230E-10
        2380.  1.000230E-10
        2390.   8.565930E-9
        2400.   2.380620E-8
        2410.   1.047950E-8
        2420.   2.387610E-8
        2430.   6.564370E-9
        2440.  1.000230E-10
        2450.   3.326520E-9
        2460.   4.086050E-9
        2470.   7.919240E-9
        2480.   9.749130E-9
        2490.   1.235960E-8
        2500.   1.358500E-8
        2510.   1.065500E-8
        2520.   1.543460E-8
        2530.   2.364040E-8
        2540.  1.000230E-10
        2550.  1.000230E-10
        2560.   2.117980E-8
        2570.   2.359460E-8
        2580.  1.000230E-10
        2590.   7.042440E-9
        2600.   6.838110E-9
        2610.   5.569750E-9
        2620.  1.000230E-10
        2630.  1.000230E-10
        2640.  1.000230E-10
        2650.   2.033910E-8
        2660.   8.960370E-9
        2670.   1.275470E-8
        2680.   2.971440E-8
        2690.   2.824330E-8
        2700.   3.748340E-8
        2710.   1.623200E-8
        2720.  1.000230E-10
        2730.   2.964980E-8
        2740.   8.783610E-9
        2750.   6.123150E-9
        2760.   2.879350E-8
        2770.   7.283400E-9
        2780.   3.621360E-9
        2790.   8.383470E-9
        2800.   4.669530E-9
        2810.   1.072800E-8
        2820.   5.686170E-9
        2830.   3.664170E-8
        2840.   1.410900E-8
        2850.   2.513460E-8
        2860.   1.636430E-8
        2870.  1.000230E-10
        2880.   1.907100E-9
        2890.   7.948130E-8
        2900.   7.286280E-8
        2910.   1.044120E-7
        2920.   1.442240E-7
        2930.   1.925760E-7
        2940.   2.873610E-7
        2950.   4.921200E-7
        2960.   7.578180E-7
        2970.   1.034440E-6
        2980.   1.343610E-6
        2990.   1.563310E-6
        3000.   1.723170E-6
        3010.   1.776840E-6
        3020.   1.721060E-6
        3030.   1.603050E-6
        3040.   1.524870E-6
        3050.   1.563190E-6
        3060.   1.767690E-6
        3070.   2.132070E-6
        3080.   2.594450E-6
        3090.   2.991070E-6
        3100.   3.385940E-6
        3110.   3.572100E-6
        3120.   3.461280E-6
        3130.   3.197850E-6
        3140.   2.797260E-6
        3150.   2.561930E-6
        3160.   2.605700E-6
        3170.   3.033050E-6
        3180.   3.757420E-6
        3190.   4.560140E-6
        3200.   5.137950E-6
        3210.   5.571000E-6
        3220.   5.976900E-6
        3230.   6.061610E-6
        3240.   6.084950E-6
        3250.   6.003750E-6
        3260.   5.852910E-6
        3270.   5.284420E-6
        3280.   4.563490E-6
        3290.   3.644980E-6
        3300.   2.841370E-6
        3310.   2.600580E-6
        3320.   2.640460E-6
        3330.   2.879970E-6
        3340.   3.549550E-6
        3350.   4.060370E-6
        3360.   4.299200E-6
        3370.   4.367230E-6
        3380.   4.359740E-6
        3390.   4.176380E-6
        3400.   3.679740E-6
        3410.   3.252610E-6
        3420.   3.262110E-6
        3430.   3.399990E-6
        3440.   3.795600E-6
        3450.   4.307970E-6
        3460.   4.661050E-6
        3470.   4.654900E-6
        3480.   4.284970E-6
        3490.   3.900130E-6
        3500.   3.644490E-6
        3510.   3.389800E-6
        3520.   3.452160E-6
        3530.   3.522520E-6
        3540.   3.370200E-6
        3550.   3.253260E-6
        3560.   2.962140E-6
        3570.   2.982530E-6
        3580.   3.245150E-6
        3590.   3.433780E-6
        3600.   3.587150E-6
        3610.   3.582370E-6
        3620.   3.014550E-6
        3630.   2.330830E-6
        3640.   1.621760E-6
        3650.   1.104830E-6
        3660.   9.479280E-7
        3670.   1.017010E-6
        3680.   1.274980E-6
        3690.   1.446360E-6
        3700.   1.377270E-6
        3710.   1.157780E-6
        3720.   1.014110E-6
        3730.   7.313920E-7
        3740.   4.998110E-7
        3750.   3.593570E-7
        3760.   2.858800E-7
        3770.   1.851380E-7
        3780.   4.837010E-8
        3790.  1.000230E-10
        3800.   3.809890E-9
        3810.  1.000230E-10
        3820.  1.000230E-10
        3830.  1.000230E-10
        3840.   4.888400E-8
        3850.   4.751580E-8
        3860.  1.000230E-10
        3870.   5.564650E-8
        3880.   1.047000E-7
        3890.   7.052110E-8
        3900.   9.693460E-8
        3910.   1.178600E-7
        3920.   3.927070E-8
        3930.   1.181610E-7
        3940.   3.105100E-7
        3950.   3.278960E-7
        3960.   6.785210E-7
        3970.   9.500190E-7
        3980.   1.056700E-6
        3990.   1.107460E-6
        4000.   8.405490E-7
        4010.   6.388040E-7
        4020.   6.896470E-7
        4030.   8.935400E-7
        4040.   1.119710E-6
        4050.   1.450020E-6
        4060.   1.502540E-6
        4070.   1.345390E-6
        4080.   1.082660E-6
        4090.   9.899290E-7
        4100.   1.086530E-6
        4110.   1.661560E-6
        4120.   2.599030E-6
        4130.   3.909520E-6
        4140.   5.277220E-6
        4150.   6.393360E-6
        4160.   7.273310E-6
        4170.   7.668040E-6
        4180.   7.565700E-6
        4190.   7.133790E-6
        4200.   6.615230E-6
        4210.   6.074340E-6
        4220.   5.778750E-6
        4230.   5.559800E-6
        4240.   5.466040E-6
        4250.   5.140110E-6
        4260.   4.488050E-6
        4270.   3.645740E-6
        4280.   2.828350E-6
        4290.   2.160600E-6
        4300.   1.622220E-6
        4310.   1.220250E-6
        4320.   8.866310E-7
        4330.   5.824620E-7
        4340.   3.211580E-7
        4350.   1.618410E-7
        4360.   1.100330E-7
        4370.   9.240020E-8
        4380.   1.044300E-7
        4390.   2.766920E-7
        4400.   5.957060E-7
        4410.   1.060810E-6
        4420.   1.780310E-6
        4430.   3.364760E-6
        4440.   7.141740E-6
        4450.   1.529570E-5
        4460.   2.911980E-5
        4470.   4.547790E-5
        4480.   5.955110E-5
        4490.   6.674230E-5
        4500.   7.009980E-5
        4510.   7.423620E-5
        4520.   8.011190E-5
        4530.   8.499650E-5
        4540.   8.715360E-5
        4550.   7.847930E-5
        4560.   5.986640E-5
        4570.   3.843590E-5
        4580.   1.955300E-5
        4590.   5.433780E-6
        4600.   4.258330E-7
        4610.   1.317870E-7
        4620.   9.775170E-8
        4630.   6.488910E-8
        4640.   2.954340E-8
        4650.   2.968530E-8
        4660.   2.403120E-8
        4670.   5.913830E-8
        4680.   3.391800E-8
        4690.  1.463630E-10
        4700.   2.274170E-8
        4710.   5.077350E-8
        4720.   1.057860E-8
        4730.   2.899870E-8
        4740.   4.263450E-8
        4750.  1.000230E-10
        4760.   4.446790E-8
        4770.   4.852610E-8
        4780.   3.995940E-8
        4790.   4.869060E-8
        4800.   5.333130E-8
        4810.   6.407420E-8
        4820.   1.026280E-7
        4830.   1.235640E-7
        4840.   1.692560E-7
        4850.   1.958420E-7
        4860.   3.841210E-7
        4870.   1.380450E-6
        4880.   5.695040E-6
        4890.   1.602320E-5
        4950.   5.800000E-4
        4951.   7.330000E-4
        4952.   8.590000E-4
        4953.      0.001031
        4954.      0.001258
        4955.      0.001528
        4956.      0.001889
        4957.      0.002364
        4958.      0.002908
        4959.      0.003654
        4960.       0.00459
        4961.      0.005944
        4962.      0.007633
        4963.      0.009887
        4964.      0.012935
        4965.      0.017225
        4966.      0.022896
        4967.      0.030599
        4968.       0.04087
        4969.      0.055514
        4970.      0.076254
        4971.      0.105507
        4972.      0.144874
        4973.      0.202078
        4974.      0.277066
        4975.      0.369012
        4976.      0.476082
        4977.      0.586478
        4978.      0.684348
        4979.      0.764394
        4980.      0.816748
        4981.      0.846793
        4982.      0.862123
        4983.       0.86495
        4984.      0.864969
        4985.      0.863787
        4986.      0.861124
        4987.      0.861421
        4988.        0.8619
        4989.      0.864754
        4990.      0.866634
        4991.      0.869245
        4992.      0.867071
        4993.      0.867616
        4994.      0.864259
        4995.      0.859563
        4996.        0.8523
        4997.      0.845398
        4998.      0.838525
        4999.      0.828929
        5000.      0.822179
        5001.      0.813753
        5002.      0.806288
        5003.      0.800613
        5004.      0.794269
        5005.      0.792421
        5006.      0.788948
        5007.      0.786117
        5008.      0.785058
        5009.      0.784754
        5010.      0.784484
        5011.       0.78543
        5012.      0.787006
        5013.      0.787563
        5014.      0.789105
        5015.       0.79076
        5016.       0.79256
        5017.      0.796232
        5018.      0.798369
        5019.      0.803626
        5020.      0.807275
        5021.      0.811421
        5022.      0.817775
        5023.      0.822981
        5024.      0.830526
        5025.      0.837177
        5026.       0.84487
        5027.      0.852887
        5028.      0.857666
        5029.      0.864384
        5030.      0.869748
        5031.      0.872924
        5032.      0.874178
        5033.      0.871812
        5034.      0.866321
        5035.      0.852799
        5036.      0.830338
        5037.      0.801074
        5038.      0.756915
        5039.      0.700148
        5040.      0.633566
        5041.      0.556954
        5042.      0.473894
        5043.      0.392435
        5044.      0.315789
        5045.        0.2516
        5046.      0.198769
        5047.      0.151698
        5048.       0.11579
        5049.      0.087151
        5050.      0.066809
        5051.      0.050327
        5052.      0.038119
        5053.       0.02919
        5054.      0.022316
        5055.      0.017163
        5056.       0.01334
        5057.      0.010293
        5058.        0.0081
        5059.      0.006517
        5060.      0.005173
        5061.      0.004148
        5062.      0.003329
        5063.      0.002699
        5064.      0.002206
        5065.      0.001777
        5066.      0.001436
        5067.      0.001192
        5068.   9.920000E-4
        5069.   8.040000E-4
        5070.   6.650000E-4
        5071.   5.640000E-4
        5072.   4.700000E-4
        5073.   3.960000E-4
        5074.   3.370000E-4
        5075.   2.920000E-4
        5076.   2.470000E-4
        5077.   2.260000E-4
        5078.   1.840000E-4
        5079.   1.550000E-4
        5080.   1.420000E-4
        5081.   1.020000E-4
        5082.   1.040000E-4
        5083.   9.700000E-5
        5084.   5.400000E-5
        5085.   6.400000E-5
        5086.   5.300000E-5
        5087.   5.700000E-5
        5088.   4.800000E-5
        5089.   3.600000E-5
        5090.   4.200000E-5
        5091.   3.800000E-5
        5092.   3.400000E-5
        5093.   4.100000E-5
        5094.   2.200000E-5
        5150.   9.139870E-7
        5160.   2.707080E-7
        5170.   1.632560E-7
        5180.   9.583100E-8
        5190.   7.392000E-8
        5200.   3.261230E-8
        5210.   3.468400E-9
        5220.   2.419740E-8
        5230.   9.003070E-9
        5240.  1.000230E-10
        5250.   1.754100E-8
        5260.   1.596040E-8
        5270.  1.000230E-10
        5280.  1.000230E-10
        5290.   1.170650E-8
        5300.   3.248940E-9
        5310.  3.841910E-10
        5320.  1.000230E-10
        5330.  1.000230E-10
        5340.   1.583240E-9
        5350.  1.000230E-10
        5360.  1.000230E-10
        5370.  1.000230E-10
        5380.  1.000230E-10
        5390.  1.000230E-10
        5400.  1.000230E-10
        5410.  4.653360E-10
        5420.  1.000230E-10
        5430.   1.178480E-8
        5440.  1.000230E-10
        5450.  1.000230E-10
        5460.   1.900340E-8
        5470.  1.000230E-10
        5480.   2.049010E-9
        5490.  1.000230E-10
        5500.   2.136540E-9
        5510.  1.000230E-10
        5520.  1.000230E-10
        5530.  1.000230E-10
        5540.  1.000230E-10
        5550.  1.000230E-10
        5560.   1.318030E-9
        5570.  1.000230E-10
        5580.  1.000230E-10
        5590.  1.000230E-10
        5600.  3.389030E-10
        5610.  1.000230E-10
        5620.  1.000230E-10
        5630.   5.446040E-9
        5640.  1.000230E-10
        5650.  1.000230E-10
        5660.  1.000230E-10
        5670.  1.000230E-10
        5680.   1.855680E-8
        5690.   1.045120E-7
        5700.   2.088740E-7
        5710.   3.390540E-7
        5720.   5.031620E-7
        5730.   6.028510E-7
        5740.   6.571190E-7
        5750.   7.267360E-7
        5760.   7.287110E-7
        5770.   6.775240E-7
        5780.   6.184520E-7
        5790.   5.851690E-7
        5800.   5.243900E-7
        5810.   4.694060E-7
        5820.   3.716090E-7
        5830.   3.021690E-7
        5840.   1.949430E-7
        5850.   1.179760E-7
        5860.   6.017220E-8
        5870.   4.781920E-8
        5880.  1.000230E-10
        5890.   2.266620E-8
        5900.   1.764510E-8
        5910.   2.024080E-8
        5920.   5.718630E-9
        5930.  1.000230E-10
        5940.  1.000230E-10
        5950.   1.472770E-8
        5960.  1.000230E-10
        5970.  1.000230E-10
        5980.   2.177780E-8
        5990.  1.000230E-10
        6000.  1.000230E-10
        6010.   1.982210E-8
        6020.   2.234270E-8
        6030.   2.516080E-8
        6040.  1.000230E-10
        6050.  1.000230E-10
        6060.  1.000230E-10
        6070.  1.000230E-10
        6080.  1.000230E-10
        6090.  1.000230E-10
        6100.   1.680710E-8
        6110.  1.000230E-10
        6120.   1.977780E-9
        6130.   2.677320E-8
        6140.  1.000230E-10
        6150.   9.016860E-9
        6160.  1.000230E-10
        6170.   3.367870E-9
        6180.  1.000230E-10
        6190.  1.000230E-10
        6200.  1.000230E-10
        6210.  1.000230E-10
        6220.  1.000230E-10
        6230.  1.000230E-10
        6240.  1.000230E-10
        6250.  1.000230E-10
        6260.  1.000230E-10
        6270.   2.922030E-8
        6280.   3.597570E-9
        6290.  1.000230E-10
        6300.  1.000230E-10
        6310.  1.000230E-10
        6320.  1.000230E-10
        6330.  1.000230E-10
        6340.  1.000230E-10
        6350.  1.000230E-10
        6360.  1.000230E-10
        6370.  1.000230E-10
        6380.  1.000230E-10
        6390.  1.000230E-10
        6400.  1.000230E-10
        6410.  1.000230E-10
        6420.  1.000230E-10
        6430.  1.000230E-10
        6440.  1.000230E-10
        6450.  1.000230E-10
        6460.  1.000230E-10
        6470.  1.000230E-10
        6480.  1.000230E-10
        6490.  1.000230E-10
        6500.  1.000230E-10
        6510.  1.000230E-10
        6520.  1.000230E-10
        6530.  1.000230E-10
        6540.  1.000230E-10
        6550.  1.000230E-10
        6560.  1.000230E-10
        6570.  1.000230E-10
        6580.  1.000230E-10
        6590.  1.000230E-10
        6600.  1.000230E-10
        6610.  1.000230E-10
        6620.  1.000230E-10
        6630.  1.000230E-10
        6640.  1.000230E-10
        6650.  1.000230E-10
        6660.  1.000230E-10
        6670.  1.000230E-10
        6680.  1.000230E-10
        6690.  1.000230E-10
        6700.  1.000230E-10
        6710.  1.000230E-10
        6720.  1.000230E-10
        6730.  1.000230E-10
        6740.  1.000230E-10
        6750.  1.000230E-10
        6760.  1.000230E-10
        6770.  1.000230E-10
        6780.  1.000230E-10
        6790.  1.000230E-10
        6800.  1.000230E-10
        6810.   8.490810E-9
        6820.  1.000230E-10
        6830.  1.000230E-10
        6840.  1.000230E-10
        6850.  1.000230E-10
        6860.  1.000230E-10
        6870.   2.151940E-8
        6880.  1.000230E-10
        6890.  1.000230E-10
        6900.  1.000230E-10
        6910.  1.000230E-10
        6920.   2.310900E-9
        6930.  1.000230E-10
        6940.   6.901830E-9
        6950.  1.000230E-10
        6960.  1.000230E-10
        6970.  1.000230E-10
        6980.  1.000230E-10
        6990.  1.000230E-10
        7000.  1.000230E-10
        7010.   4.858610E-9
        7020.  1.000230E-10
        7030.  1.000230E-10
        7040.  1.000230E-10
        7050.   1.449040E-8
        7060.  1.000230E-10
        7070.  5.537280E-10
        7080.  1.000230E-10
        7090.  1.000230E-10
        7100.   3.156420E-9
        7110.  1.000230E-10
        7120.  1.000230E-10
        7130.  1.000230E-10
        7140.  1.000230E-10
        7150.  1.000230E-10
        7160.   1.342500E-8
        7170.   9.521860E-9
        7180.  1.000230E-10
        7190.  1.000230E-10
        7200.  1.000230E-10
        7210.  1.000230E-10
        7220.  1.000230E-10
        7230.  1.000230E-10
        7240.  1.000230E-10
        7250.  1.000230E-10
        7260.  1.000230E-10
        7270.  1.000230E-10
        7280.  1.000230E-10
        7290.  1.000230E-10
        7300.  1.000230E-10
        7310.   7.234290E-9
        7320.  1.000230E-10
        7330.  1.000230E-10
        7340.  1.000230E-10
        7350.  1.000230E-10
        7360.  1.000230E-10
        7370.  1.000230E-10
        7380.  1.000230E-10
        7390.  1.000230E-10
        7400.  1.000230E-10
        7410.   6.039770E-9
        7420.  1.000230E-10
        7430.  1.000230E-10
        7440.  1.000230E-10
        7450.  1.000230E-10
        7460.  1.000230E-10
        7470.  1.000230E-10
        7480.  1.000230E-10
        7490.  1.000230E-10
        7500.  1.000230E-10
        7510.   2.132800E-8
        7520.  1.000230E-10
        7530.  1.000230E-10
        7540.  1.000230E-10
        7550.  1.000230E-10
        7560.  1.000230E-10
        7570.   4.279330E-9
        7580.  1.000230E-10
        7590.  1.000230E-10
        7600.  1.000230E-10
        7610.  1.000230E-10
        7620.  1.000230E-10
        7630.  1.000230E-10
        7640.   9.605140E-9
        7650.  1.000230E-10
        7660.   2.176820E-8
        7670.  1.000230E-10
        7680.   2.058010E-8
        7690.   1.966410E-8
        7700.   7.968560E-9
        7710.  1.000230E-10
        7720.   1.529090E-8
        7730.   1.643570E-8
        7740.  1.000230E-10
        7750.  1.000230E-10
        7760.  1.000230E-10
        7770.   8.906130E-9
        7780.  1.000230E-10
        7790.  1.000230E-10
        7800.  1.000230E-10
        7810.   9.964290E-9
        7820.  1.000230E-10
        7830.   1.044330E-8
        7840.   2.002310E-8
        7850.   1.078970E-8
        7860.   3.683180E-9
        7870.   2.106910E-8
        7880.   1.887060E-8
        7890.  1.000230E-10
        7900.   1.121650E-8
        7910.   1.389900E-8
        7920.   1.495290E-8
        7930.   1.285200E-8
        7940.   3.052310E-8
        7950.  1.000230E-10
        7960.   5.930230E-8
        7970.  1.000230E-10
        7980.  1.000230E-10
        7990.  1.000230E-10
        8000.  1.000230E-10
        8010.  1.000230E-10
        8020.  1.000230E-10
        8030.  1.000230E-10
        8040.  1.000230E-10
        8050.  1.000230E-10
        8060.  1.000230E-10
        8070.  1.000230E-10
        8080.  1.000230E-10
        8090.  1.000230E-10
        8100.  1.000230E-10
        8110.  1.000230E-10
        8120.  1.000230E-10
        8130.  1.000230E-10
        8140.  1.000230E-10
        8150.  1.000230E-10
        8160.  1.000230E-10
        8170.  1.000230E-10
        8180.  1.000230E-10
        8190.  1.000230E-10
        8200.  1.000230E-10
        8210.  1.000230E-10
        8220.  1.000230E-10
        8230.  1.000230E-10
        8240.  1.000230E-10
        8250.  1.000230E-10
        8260.  1.000230E-10
        8270.  1.000230E-10
        8280.  1.000230E-10
        8290.  1.000230E-10
        8300.  1.000230E-10
        8310.  1.000230E-10
        8320.  1.000230E-10
        8330.  1.000230E-10
        8340.  1.000230E-10
        8350.  1.000230E-10
        8360.  1.000230E-10
        8370.  1.000230E-10
        8380.  1.000230E-10
        8390.  1.000230E-10
        8400.  1.000230E-10
        8410.  1.000230E-10
        8420.  1.000230E-10
        8430.  1.000230E-10
        8440.  1.000230E-10
        8450.  1.000230E-10
        8460.   2.271890E-8
        8470.  1.000230E-10
        8480.   3.346490E-9
        8490.  1.000230E-10
        8500.  1.000230E-10
        8510.  1.000230E-10
        8520.  1.000230E-10
        8530.  1.000230E-10
        8540.  1.000230E-10
        8550.  1.000230E-10
        8560.  1.000230E-10
        8570.  1.000230E-10
        8580.  1.000230E-10
        8590.  1.000230E-10
        8600.  1.000230E-10
        8610.  1.000230E-10
        8620.  1.000230E-10
        8630.  1.000230E-10
        8640.  1.000230E-10
        8650.  1.000230E-10
        8660.  1.000230E-10
        8670.  1.000230E-10
        8680.  1.000230E-10
        8690.   8.447240E-7
        8700.  1.000230E-10
        8710.  1.000230E-10
        8720.   5.118520E-7
        8730.   9.537450E-8
        8740.  1.000230E-10
        8750.  1.000230E-10
        8760.  1.000230E-10
        8770.  1.000230E-10
        8780.   9.184980E-7
        8790.  1.000230E-10
        8800.  1.000230E-10
        8810.  1.000230E-10
        8820.  1.000230E-10
        8830.  1.000230E-10
        8840.  1.000230E-10
        8850.  1.000230E-10
        8860.  1.000230E-10
        8870.  1.000230E-10
        8880.  1.000230E-10
        8890.  1.000230E-10
        8900.  1.000230E-10
        8910.  1.000230E-10
        8920.  1.000230E-10
        8930.  1.000230E-10
        8940.   6.298280E-7
        8950.   8.113830E-7
        8960.  1.000230E-10
        8970.  1.000230E-10
        8980.  1.000230E-10
        8990.   1.691040E-7
        9000.  1.000230E-10
        9010.  1.000230E-10
        9020.  1.000230E-10
        9030.  1.000230E-10
        9040.  1.000230E-10
        9050.  1.000230E-10
        9060.  1.000230E-10
        9070.  1.000230E-10
        9080.  1.000230E-10
        9090.   2.819420E-7
        9100.  1.000230E-10
        9110.  1.000230E-10
        9120.  1.000230E-10
        9130.  1.000230E-10
        9140.  1.000230E-10
        9150.  1.000230E-10
        9160.  1.000230E-10
        9170.  1.000230E-10
        9180.  1.000230E-10
        9190.  1.000230E-10
        9200.  1.000230E-10
        9210.  1.000230E-10
        9220.  1.000230E-10
        9230.   5.839310E-7
        9240.  1.000230E-10
        9250.  1.000230E-10
        9260.  1.000230E-10
        9270.  1.000230E-10
        9280.  1.000230E-10
        9290.  1.000230E-10
        9300.   3.248030E-7
        9310.  1.000230E-10
        9320.  1.000230E-10
        9330.  1.000230E-10
        9340.  1.000230E-10
        9350.  1.000230E-10
        9360.  1.000230E-10
        9370.  1.000230E-10
        9380.  1.000230E-10
        9390.  1.000230E-10
        9400.   1.019380E-7
        9410.  1.000230E-10
        9420.  1.000230E-10
        9430.  1.000230E-10
        9440.  1.000230E-10
        9450.  1.000230E-10
        9460.  1.000230E-10
        9470.  1.000230E-10
        9480.  1.000230E-10
        9490.  1.000230E-10
        9500.  1.000230E-10
        9510.  1.000230E-10
        9520.  1.000230E-10
        9530.  1.000230E-10
        9540.  1.000230E-10
        9550.  1.000230E-10
        9560.  1.000230E-10
        9570.  1.000230E-10
        9580.   5.086110E-7
        9590.  1.000230E-10
        9600.  1.000230E-10
        9610.  1.000230E-10
        9620.  1.000230E-10
        9630.  1.000230E-10
        9640.  1.000230E-10
        9650.  1.000230E-10
        9660.  1.000230E-10
        9670.  1.000230E-10
        9680.  1.000230E-10
        9690.  1.000230E-10
        9700.  1.000230E-10
        9710.  1.000230E-10
        9720.  1.000230E-10
        9730.  1.000230E-10
        9740.  1.000230E-10
        9750.  1.000230E-10
        9760.  1.000230E-10
        9770.  1.000230E-10
        9780.  1.000230E-10
        9790.  1.000230E-10
        9800.  1.000230E-10
        9810.  1.000230E-10
        9820.  1.000230E-10
        9830.  1.000230E-10
        9840.  1.000230E-10
        9850.  1.000230E-10
        9860.  1.000230E-10
        9870.  1.000230E-10
        9880.  1.000230E-10
        9890.  1.000230E-10
        9900.  1.000230E-10
        9910.  1.000230E-10
        9920.  1.000230E-10
        9930.  1.000230E-10
        9940.  1.000230E-10
        9950.  1.000230E-10
        9960.  1.000230E-10
        9970.  1.000230E-10
        9980.  1.000230E-10
        9990.  1.000230E-10
       10000.  1.000230E-10
       10010.  1.000230E-10
       10020.  1.000230E-10
       10030.  1.000230E-10
       10040.  1.000230E-10
       10050.  1.000230E-10
       10060.  1.000230E-10
       10070.  1.000230E-10
       10080.  1.000230E-10
       10090.  1.000230E-10
       10100.  1.000230E-10
       10110.  1.000230E-10
       10120.  1.000230E-10
       10130.  1.000230E-10
       10140.  1.000230E-10
       10150.  1.000230E-10
       10160.  1.000230E-10
       10170.  1.000230E-10
       10180.  1.000230E-10
       10190.  1.000230E-10
       10200.  1.000230E-10
       10210.  1.000230E-10
       10220.  1.000230E-10
       10230.  1.000230E-10
       10240.  1.000230E-10
       10250.  1.000230E-10
       10260.  1.000230E-10
       10270.  1.000230E-10
       10280.  1.000230E-10
       10290.  1.000230E-10
       10300.  1.000230E-10
       10310.  1.000230E-10
       10320.  1.000230E-10
       10330.  1.000230E-10
       10340.  1.000230E-10
       10350.  1.000230E-10
       10360.  1.000230E-10
       10370.  1.000230E-10
       10380.  1.000230E-10
       10390.  1.000230E-10
       10400.  1.000230E-10
       10410.  1.000230E-10
       10420.  1.000230E-10
       10430.  1.000230E-10
       10440.   8.636540E-8
       10450.  1.000230E-10
       10460.  1.000230E-10
       10470.   3.783720E-8
       10480.  1.000230E-10
       10490.  1.000230E-10
       10500.  1.000230E-10
       10510.  1.000230E-10
       10520.  1.000230E-10
       10530.  1.000230E-10
       10540.  1.000230E-10
       10550.  1.000230E-10
       10560.  1.000230E-10
       10570.  1.000230E-10
       10580.  1.000230E-10
       10590.  1.000230E-10
       10600.  1.000230E-10
       10610.  1.000230E-10
       10620.  1.000230E-10
       10630.  1.000230E-10
       10640.  1.000230E-10
       10650.  1.000230E-10
       10660.  1.000230E-10
       10670.  1.000230E-10
       10680.  1.000230E-10
       10690.  1.000230E-10
       10700.  1.000230E-10
       10710.  1.000230E-10
       10720.  1.000230E-10
       10730.  1.000230E-10
       10740.  1.000230E-10
       10750.  1.000230E-10
       10760.  1.000230E-10
       10770.  1.000230E-10
       10780.  1.000230E-10
       10790.  1.000230E-10
       10800.  1.000230E-10
       10810.  1.000230E-10
       10820.  1.000230E-10
       10830.  1.000230E-10
       10840.  1.000230E-10
       10850.  1.000230E-10
       10860.  1.000230E-10
       10870.  1.000230E-10
       10880.  1.000230E-10
       10890.  1.000230E-10
       10900.  1.000230E-10
       10910.  1.000230E-10
       10920.  1.000230E-10
       10930.  1.000230E-10
       10940.  1.000230E-10
       10950.  1.000230E-10
       10960.  1.000230E-10
       10970.  1.000230E-10
       10980.   5.251110E-8
       10990.  1.000230E-10
       11000.  1.000230E-10
       11001.            0.
       11002.            0.
