        1938.            0.
        1939.            0.
        1940.   1.608680E-7
        1950.   1.440330E-7
        1960.   1.775000E-7
        1970.   1.608380E-7
        1980.   1.518560E-7
        1990.   1.733590E-7
        2000.   1.223980E-7
        2010.   1.551840E-7
        2020.   1.629660E-7
        2030.   1.351260E-7
        2040.   1.136230E-7
        2050.   9.687390E-8
        2060.   7.406230E-8
        2070.   1.240350E-7
        2080.   1.059970E-7
        2090.   1.048700E-7
        2100.   1.074680E-7
        2110.   8.198550E-8
        2120.   1.051500E-7
        2130.   8.599950E-8
        2140.   6.873800E-8
        2150.   8.524150E-8
        2160.   9.200410E-8
        2170.   9.370550E-8
        2180.   9.861030E-8
        2190.   7.897590E-8
        2200.   6.955250E-8
        2210.   8.566060E-8
        2220.   6.888460E-8
        2230.   8.426810E-8
        2240.   1.036810E-7
        2250.   1.004840E-7
        2260.   9.166530E-8
        2270.   8.494620E-8
        2280.   1.041320E-7
        2290.   6.828860E-8
        2300.   1.062880E-7
        2310.   6.572890E-8
        2320.   1.167620E-7
        2330.   8.885340E-8
        2340.   8.224580E-8
        2350.   1.025980E-7
        2360.   8.596880E-8
        2370.   6.465450E-8
        2380.   1.019490E-7
        2390.   8.154530E-8
        2400.   8.808020E-8
        2410.   1.154570E-7
        2420.   1.195350E-7
        2430.   9.947250E-8
        2440.   9.846250E-8
        2450.   1.112550E-7
        2460.   1.009240E-7
        2470.   7.428570E-8
        2480.   9.962790E-8
        2490.   1.071020E-7
        2500.   1.065630E-7
        2510.   1.212790E-7
        2520.   1.042480E-7
        2530.   9.921790E-8
        2540.   7.876950E-8
        2550.   1.022100E-7
        2560.   1.083680E-7
        2570.   9.559570E-8
        2580.   1.090950E-7
        2590.   8.831690E-8
        2600.   1.097790E-7
        2610.   7.482040E-8
        2620.   7.858380E-8
        2630.   8.808630E-8
        2640.   1.068410E-7
        2650.   1.087550E-7
        2660.   8.569810E-8
        2670.   1.019600E-7
        2680.   8.539370E-8
        2690.   1.166040E-7
        2700.   8.603000E-8
        2710.   8.394770E-8
        2720.   7.311310E-8
        2730.   1.339450E-7
        2740.   9.300490E-8
        2750.   1.130500E-7
        2760.   1.217460E-7
        2770.   1.195250E-7
        2780.   1.585550E-7
        2790.   1.213940E-7
        2800.   1.217770E-7
        2810.   1.446660E-7
        2820.   1.343780E-7
        2830.   1.394710E-7
        2840.   1.361180E-7
        2850.   1.094970E-7
        2860.   1.727210E-7
        2870.   1.409660E-7
        2880.   1.522130E-7
        2890.   1.766050E-7
        2900.   1.729140E-7
        2910.   1.637340E-7
        2920.   2.179720E-7
        2930.   1.658000E-7
        2940.   2.005940E-7
        2950.   2.153260E-7
        2960.   2.579560E-7
        2970.   2.527370E-7
        2980.   2.525280E-7
        2990.   2.118580E-7
        3000.   2.093470E-7
        3010.   2.204590E-7
        3020.   2.301830E-7
        3030.   2.239200E-7
        3040.   1.904690E-7
        3050.   1.906940E-7
        3060.   1.646370E-7
        3070.   1.940170E-7
        3080.   1.966440E-7
        3090.   1.889700E-7
        3100.   1.998480E-7
        3110.   1.796280E-7
        3120.   1.536820E-7
        3130.   1.452490E-7
        3140.   1.679840E-7
        3150.   1.207990E-7
        3160.   1.702250E-7
        3170.   1.317930E-7
        3180.   1.541010E-7
        3190.   1.551730E-7
        3200.   1.724030E-7
        3210.   1.290240E-7
        3220.   1.554800E-7
        3230.   1.688450E-7
        3240.   1.513520E-7
        3250.   1.939300E-7
        3260.   1.931760E-7
        3270.   1.501480E-7
        3280.   2.246530E-7
        3290.   1.906680E-7
        3300.   1.990730E-7
        3310.   2.136380E-7
        3320.   2.620860E-7
        3330.   2.132520E-7
        3340.   2.501530E-7
        3350.   2.990650E-7
        3360.   3.485070E-7
        3370.   3.542100E-7
        3380.   3.904430E-7
        3390.   4.011130E-7
        3400.   3.941370E-7
        3410.   3.232050E-7
        3420.   3.850220E-7
        3430.   3.499870E-7
        3440.   2.736270E-7
        3450.   3.240040E-7
        3460.   2.587510E-7
        3470.   2.772290E-7
        3480.   2.964030E-7
        3490.   3.162050E-7
        3500.   2.644880E-7
        3510.   2.816830E-7
        3520.   2.572410E-7
        3530.   3.862360E-7
        3540.   3.787430E-7
        3550.   5.103670E-7
        3560.   5.974050E-7
        3570.   8.093880E-7
        3580.   9.350440E-7
        3590.   1.028020E-6
        3600.   9.722280E-7
        3610.   1.133930E-6
        3620.   1.269890E-6
        3630.   1.364100E-6
        3640.   1.783960E-6
        3650.   1.853840E-6
        3660.   1.820460E-6
        3670.   1.569000E-6
        3680.   1.108010E-6
        3690.   7.576660E-7
        3700.   4.604540E-7
        3710.   3.517680E-7
        3720.   3.093820E-7
        3730.   1.943230E-7
        3740.   2.768660E-7
        3750.   2.306540E-7
        3760.   2.875010E-7
        3770.   2.698430E-7
        3780.   2.574030E-7
        3790.   2.372870E-7
        3800.   3.310140E-7
        3810.   1.972730E-7
        3820.   2.810500E-7
        3830.   3.291110E-7
        3840.   2.732890E-7
        3850.   3.550970E-7
        3860.   4.220430E-7
        3870.   6.329990E-7
        3880.   1.004070E-6
        3890.   1.648470E-6
        3900.   3.283290E-6
        3910.   5.702210E-6
        3920.   1.026020E-5
        3930.   1.753350E-5
        3940.   2.728900E-5
        3950.   4.047780E-5
        3960.   5.662810E-5
        3970.   7.526830E-5
        3980.   9.665160E-5
        3990.   1.191670E-4
        4000.   1.585700E-4
        4010.   1.988370E-4
        4020.   2.532030E-4
        4030.   3.322390E-4
        4040.   4.415450E-4
        4050.   4.790000E-4
       4050.2   4.720000E-4
       4050.4   4.620000E-4
       4050.6   4.860000E-4
       4050.8   4.760000E-4
        4051.   4.700000E-4
       4051.2   4.750000E-4
       4051.4   5.040000E-4
       4051.6   4.910000E-4
       4051.8   4.920000E-4
        4052.   4.760000E-4
       4052.2   4.790000E-4
       4052.4   5.310000E-4
       4052.6   4.960000E-4
       4052.8   5.170000E-4
        4053.   4.800000E-4
       4053.2   5.150000E-4
       4053.4   5.030000E-4
       4053.6   5.110000E-4
       4053.8   5.090000E-4
        4054.   5.280000E-4
       4054.2   5.170000E-4
       4054.4   5.170000E-4
       4054.6   5.190000E-4
       4054.8   5.260000E-4
        4055.   5.530000E-4
       4055.2   5.460000E-4
       4055.4   5.630000E-4
       4055.6   5.450000E-4
       4055.8   5.320000E-4
        4056.   5.710000E-4
       4056.2   5.700000E-4
       4056.4   5.910000E-4
       4056.6   5.690000E-4
       4056.8   5.780000E-4
        4057.   5.600000E-4
       4057.2   5.660000E-4
       4057.4   5.750000E-4
       4057.6   5.900000E-4
       4057.8   5.980000E-4
        4058.   5.960000E-4
       4058.2   6.020000E-4
       4058.4   6.280000E-4
       4058.6   5.970000E-4
       4058.8   6.440000E-4
        4059.   6.210000E-4
       4059.2   6.300000E-4
       4059.4   6.300000E-4
       4059.6   6.390000E-4
       4059.8   6.650000E-4
        4060.   6.480000E-4
       4060.2   6.680000E-4
       4060.4   6.430000E-4
       4060.6   6.710000E-4
       4060.8   6.830000E-4
        4061.   6.780000E-4
       4061.2   6.640000E-4
       4061.4   6.930000E-4
       4061.6   6.700000E-4
       4061.8   6.840000E-4
        4062.   6.840000E-4
       4062.2   6.910000E-4
       4062.4   7.080000E-4
       4062.6   7.130000E-4
       4062.8   7.260000E-4
        4063.   7.370000E-4
       4063.2   7.410000E-4
       4063.4   7.440000E-4
       4063.6   7.130000E-4
       4063.8   7.620000E-4
        4064.   7.520000E-4
       4064.2   7.320000E-4
       4064.4   7.470000E-4
       4064.6   7.490000E-4
       4064.8   7.590000E-4
        4065.   7.430000E-4
       4065.2   7.690000E-4
       4065.4   7.810000E-4
       4065.6   7.750000E-4
       4065.8   8.120000E-4
        4066.   7.990000E-4
       4066.2   7.970000E-4
       4066.4   8.050000E-4
       4066.6   7.960000E-4
       4066.8   8.220000E-4
        4067.   8.520000E-4
       4067.2   8.650000E-4
       4067.4   8.540000E-4
       4067.6   8.220000E-4
       4067.8   8.330000E-4
        4068.   8.390000E-4
       4068.2   8.420000E-4
       4068.4   8.710000E-4
       4068.6   8.800000E-4
       4068.8   8.410000E-4
        4069.   8.880000E-4
       4069.2   8.850000E-4
       4069.4   9.070000E-4
       4069.6   9.320000E-4
       4069.8   8.990000E-4
        4070.   9.150000E-4
       4070.2   9.120000E-4
       4070.4   9.040000E-4
       4070.6   9.470000E-4
       4070.8   9.310000E-4
        4071.   9.730000E-4
       4071.2   9.600000E-4
       4071.4   9.570000E-4
       4071.6   9.920000E-4
       4071.8   9.690000E-4
        4072.   9.650000E-4
       4072.2   9.840000E-4
       4072.4      0.001024
       4072.6      0.001022
       4072.8      0.001016
        4073.      0.001018
       4073.2      0.001035
       4073.4       0.00102
       4073.6       0.00106
       4073.8      0.001069
        4074.      0.001064
       4074.2      0.001084
       4074.4      0.001052
       4074.6      0.001099
       4074.8      0.001122
        4075.      0.001113
       4075.2       0.00109
       4075.4      0.001101
       4075.6      0.001176
       4075.8      0.001129
        4076.      0.001108
       4076.2      0.001135
       4076.4      0.001162
       4076.6       0.00114
       4076.8      0.001155
        4077.      0.001194
       4077.2      0.001183
       4077.4      0.001209
       4077.6      0.001218
       4077.8      0.001274
        4078.      0.001225
       4078.2      0.001251
       4078.4      0.001264
       4078.6      0.001269
       4078.8      0.001288
        4079.      0.001275
       4079.2      0.001305
       4079.4      0.001327
       4079.6      0.001308
       4079.8      0.001355
        4080.      0.001354
       4080.2      0.001362
       4080.4      0.001398
       4080.6      0.001374
       4080.8      0.001399
        4081.      0.001417
       4081.2      0.001394
       4081.4      0.001432
       4081.6       0.00146
       4081.8      0.001465
        4082.      0.001457
       4082.2      0.001498
       4082.4      0.001484
       4082.6       0.00151
       4082.8       0.00152
        4083.       0.00152
       4083.2      0.001552
       4083.4      0.001561
       4083.6      0.001559
       4083.8      0.001584
        4084.      0.001615
       4084.2      0.001626
       4084.4      0.001617
       4084.6      0.001645
       4084.8      0.001684
        4085.      0.001676
       4085.2      0.001712
       4085.4      0.001693
       4085.6      0.001716
       4085.8      0.001725
        4086.      0.001745
       4086.2      0.001756
       4086.4      0.001772
       4086.6      0.001813
       4086.8      0.001801
        4087.      0.001836
       4087.2      0.001809
       4087.4       0.00187
       4087.6      0.001884
       4087.8      0.001888
        4088.      0.001896
       4088.2      0.001929
       4088.4      0.001912
       4088.6      0.001957
       4088.8      0.001985
        4089.      0.001979
       4089.2      0.001992
       4089.4      0.002024
       4089.6      0.002067
       4089.8      0.002058
        4090.      0.002098
       4090.2      0.002111
       4090.4      0.002134
       4090.6      0.002153
       4090.8      0.002191
        4091.      0.002172
       4091.2      0.002192
       4091.4      0.002198
       4091.6      0.002202
       4091.8      0.002272
        4092.       0.00227
       4092.2      0.002287
       4092.4      0.002342
       4092.6      0.002317
       4092.8      0.002361
        4093.      0.002393
       4093.2       0.00242
       4093.4      0.002411
       4093.6      0.002445
       4093.8      0.002477
        4094.      0.002516
       4094.2      0.002509
       4094.4      0.002573
       4094.6      0.002549
       4094.8      0.002609
        4095.      0.002633
       4095.2      0.002616
       4095.4      0.002688
       4095.6      0.002726
       4095.8      0.002704
        4096.       0.00273
       4096.2       0.00279
       4096.4      0.002811
       4096.6      0.002815
       4096.8      0.002832
        4097.      0.002897
       4097.2      0.002896
       4097.4       0.00294
       4097.6      0.002952
       4097.8      0.002981
        4098.      0.003009
       4098.2       0.00307
       4098.4      0.003072
       4098.6      0.003072
       4098.8       0.00315
        4099.      0.003185
       4099.2      0.003209
       4099.4      0.003234
       4099.6      0.003317
       4099.8      0.003349
        4100.      0.003329
       4100.2      0.003394
       4100.4      0.003399
       4100.6      0.003415
       4100.8      0.003461
        4101.      0.003491
       4101.2      0.003556
       4101.4      0.003597
       4101.6      0.003635
       4101.8      0.003661
        4102.      0.003701
       4102.2      0.003693
       4102.4      0.003771
       4102.6      0.003841
       4102.8      0.003848
        4103.      0.003898
       4103.2      0.003917
       4103.4      0.003965
       4103.6      0.004039
       4103.8      0.004055
        4104.      0.004112
       4104.2       0.00415
       4104.4      0.004159
       4104.6      0.004241
       4104.8      0.004278
        4105.      0.004318
       4105.2      0.004347
       4105.4      0.004396
       4105.6      0.004478
       4105.8      0.004522
        4106.      0.004546
       4106.2      0.004664
       4106.4      0.004688
       4106.6      0.004724
       4106.8      0.004776
        4107.      0.004869
       4107.2      0.004903
       4107.4      0.004969
       4107.6      0.005022
       4107.8      0.005038
        4108.      0.005068
       4108.2      0.005189
       4108.4      0.005197
       4108.6       0.00525
       4108.8      0.005282
        4109.      0.005365
       4109.2      0.005438
       4109.4      0.005536
       4109.6      0.005565
       4109.8      0.005631
        4110.      0.005694
       4110.2      0.005795
       4110.4      0.005834
       4110.6      0.005877
       4110.8      0.005966
        4111.      0.006029
       4111.2      0.006117
       4111.4      0.006245
       4111.6      0.006261
       4111.8      0.006394
        4112.      0.006451
       4112.2      0.006534
       4112.4      0.006596
       4112.6      0.006667
       4112.8      0.006696
        4113.      0.006805
       4113.2       0.00687
       4113.4      0.006957
       4113.6      0.007057
       4113.8      0.007061
        4114.       0.00717
       4114.2      0.007285
       4114.4      0.007414
       4114.6      0.007402
       4114.8      0.007548
        4115.      0.007675
       4115.2      0.007696
       4115.4      0.007795
       4115.6      0.007948
       4115.8      0.008011
        4116.       0.00812
       4116.2       0.00822
       4116.4      0.008317
       4116.6      0.008456
       4116.8      0.008557
        4117.      0.008655
       4117.2      0.008682
       4117.4      0.008775
       4117.6      0.008979
       4117.8      0.008975
        4118.      0.009214
       4118.2      0.009264
       4118.4       0.00937
       4118.6      0.009502
       4118.8      0.009657
        4119.      0.009827
       4119.2      0.009854
       4119.4      0.010076
       4119.6      0.010099
       4119.8      0.010325
        4120.      0.010504
       4120.2      0.010577
       4120.4       0.01071
       4120.6       0.01086
       4120.8      0.011003
        4121.      0.011162
       4121.2      0.011269
       4121.4      0.011449
       4121.6      0.011581
       4121.8      0.011722
        4122.      0.011816
       4122.2      0.012101
       4122.4       0.01218
       4122.6      0.012368
       4122.8      0.012481
        4123.      0.012656
       4123.2      0.012809
       4123.4      0.013017
       4123.6       0.01323
       4123.8      0.013385
        4124.      0.013454
       4124.2      0.013731
       4124.4      0.013989
       4124.6      0.014238
       4124.8      0.014364
        4125.      0.014637
       4125.2      0.014752
       4125.4      0.014979
       4125.6      0.015183
       4125.8      0.015442
        4126.      0.015605
       4126.2      0.015814
       4126.4      0.016035
       4126.6      0.016256
       4126.8      0.016528
        4127.      0.016707
       4127.2      0.016896
       4127.4      0.017185
       4127.6      0.017623
       4127.8      0.017682
        4128.      0.017996
       4128.2      0.018199
       4128.4      0.018443
       4128.6      0.018782
       4128.8      0.019044
        4129.      0.019298
       4129.2      0.019553
       4129.4      0.019851
       4129.6      0.020101
       4129.8      0.020517
        4130.      0.020731
       4130.2      0.020975
       4130.4      0.021329
       4130.6      0.021599
       4130.8      0.022003
        4131.       0.02238
       4131.2      0.022691
       4131.4      0.022873
       4131.6      0.023315
       4131.8      0.023716
        4132.      0.024145
       4132.2      0.024398
       4132.4      0.024736
       4132.6      0.024967
       4132.8      0.025459
        4133.      0.025921
       4133.2      0.026361
       4133.4      0.026759
       4133.6      0.027164
       4133.8      0.027618
        4134.       0.02802
       4134.2      0.028588
       4134.4      0.028953
       4134.6      0.029448
       4134.8      0.029687
        4135.       0.03033
       4135.2      0.030718
       4135.4      0.031164
       4135.6      0.031595
       4135.8      0.032088
        4136.      0.032688
       4136.2      0.033373
       4136.4      0.033868
       4136.6      0.034421
       4136.8      0.034821
        4137.      0.035344
       4137.2      0.035951
       4137.4      0.036791
       4137.6      0.037405
       4137.8      0.037992
        4138.      0.038546
       4138.2      0.039132
       4138.4      0.040041
       4138.6      0.040606
       4138.8      0.041387
        4139.       0.04176
       4139.2      0.042526
       4139.4      0.043419
       4139.6      0.044133
       4139.8       0.04476
        4140.      0.045496
       4140.2      0.045953
       4140.4      0.047031
       4140.6      0.047979
       4140.8        0.0487
        4141.      0.049447
       4141.2      0.050247
       4141.4      0.051059
       4141.6      0.052051
       4141.8      0.053116
        4142.      0.054016
       4142.2      0.054805
       4142.4       0.05578
       4142.6      0.057152
       4142.8      0.058091
        4143.      0.058929
       4143.2       0.06001
       4143.4      0.061002
       4143.6       0.06215
       4143.8      0.063053
        4144.      0.064239
       4144.2      0.065244
       4144.4       0.06649
       4144.6      0.067559
       4144.8      0.069091
        4145.      0.070444
       4145.2      0.071474
       4145.4      0.072602
       4145.6      0.073815
       4145.8      0.075268
        4146.      0.076913
       4146.2      0.078374
       4146.4      0.079877
       4146.6      0.081145
       4146.8      0.082732
        4147.        0.0847
       4147.2      0.086266
       4147.4      0.087572
       4147.6      0.089101
       4147.8      0.090511
        4148.      0.092228
       4148.2       0.09429
       4148.4      0.096023
       4148.6      0.097379
       4148.8      0.099025
        4149.      0.100977
       4149.2      0.103242
       4149.4      0.105322
       4149.6      0.107053
       4149.8       0.10875
        4150.      0.110538
       4150.2      0.112801
       4150.4      0.115631
       4150.6      0.117616
       4150.8      0.120097
        4151.      0.122012
       4151.2      0.124331
       4151.4      0.127626
       4151.6      0.129478
       4151.8       0.13185
        4152.      0.134291
       4152.2      0.136704
       4152.4      0.139391
       4152.6      0.142289
       4152.8      0.145176
        4153.      0.147126
       4153.2      0.149865
       4153.4      0.152965
       4153.6      0.156513
       4153.8      0.159054
        4154.      0.162256
       4154.2      0.164337
       4154.4      0.167458
       4154.6      0.171526
       4154.8       0.17524
        4155.      0.178176
       4155.2      0.181605
       4155.4      0.184825
       4155.6      0.188975
       4155.8      0.192669
        4156.      0.196303
       4156.2      0.199061
       4156.4      0.202722
       4156.6      0.206828
       4156.8      0.211412
        4157.      0.215093
       4157.2      0.218459
       4157.4       0.22247
       4157.6      0.226967
       4157.8      0.231736
        4158.      0.236059
       4158.2      0.239793
       4158.4      0.243984
       4158.6      0.247578
       4158.8      0.252164
        4159.      0.257814
       4159.2      0.262893
       4159.4      0.267549
       4159.6      0.271254
       4159.8       0.27726
        4160.      0.282817
       4160.2      0.287286
       4160.4      0.292195
       4160.6      0.296043
       4160.8      0.300676
        4161.      0.306907
       4161.2      0.312502
       4161.4      0.317194
       4161.6      0.322155
       4161.8      0.327616
        4162.       0.33369
       4162.2      0.339755
       4162.4       0.34478
       4162.6      0.349726
       4162.8      0.354543
        4163.      0.360351
       4163.2      0.365705
       4163.4      0.372953
       4163.6      0.378602
       4163.8      0.384098
        4164.      0.389654
       4164.2      0.396367
       4164.4      0.402765
       4164.6      0.408716
       4164.8       0.41337
        4165.      0.418909
       4165.2      0.423943
       4165.4      0.430699
       4165.6      0.437165
       4165.8      0.442711
        4166.      0.447818
       4166.2      0.454211
       4166.4      0.459506
       4166.6      0.465974
       4166.8      0.471521
        4167.      0.476971
       4167.2      0.482322
       4167.4       0.48738
       4167.6       0.49433
       4167.8      0.500202
        4168.      0.506118
       4168.2      0.510812
       4168.4      0.517137
       4168.6      0.524109
       4168.8      0.528304
        4169.      0.534031
       4169.2      0.537888
       4169.4      0.542771
       4169.6      0.547547
       4169.8      0.553719
        4170.      0.558944
       4170.2      0.563058
       4170.4      0.568487
       4170.6      0.573077
       4170.8      0.577748
        4171.       0.58245
       4171.2      0.586392
       4171.4      0.590246
       4171.6      0.593974
       4171.8      0.598462
        4172.      0.603381
       4172.2      0.606958
       4172.4      0.610933
       4172.6      0.614508
       4172.8      0.618621
        4173.      0.622664
       4173.2      0.625761
       4173.4      0.628894
       4173.6      0.630755
       4173.8      0.634159
        4174.       0.63722
       4174.2      0.641158
       4174.4      0.643957
       4174.6      0.646704
       4174.8      0.648203
        4175.      0.650949
       4175.2      0.653292
       4175.4      0.656132
       4175.6      0.657239
       4175.8      0.659814
        4176.      0.661084
       4176.2      0.664208
       4176.4      0.665683
       4176.6      0.667742
       4176.8      0.669527
        4177.      0.669551
       4177.2      0.671081
       4177.4      0.673182
       4177.6      0.675071
       4177.8      0.674996
        4178.      0.675867
       4178.2      0.677866
       4178.4      0.678996
       4178.6      0.679322
       4178.8      0.680513
        4179.      0.681621
       4179.2      0.682591
       4179.4       0.68222
       4179.6      0.682984
       4179.8      0.684024
        4180.      0.683598
       4180.2      0.684143
       4180.4      0.684804
       4180.6      0.684739
       4180.8      0.685008
        4181.       0.68556
       4181.2      0.684916
       4181.4      0.686256
       4181.6      0.685733
       4181.8      0.685311
        4182.       0.68549
       4182.2      0.685309
       4182.4      0.686035
       4182.6      0.684906
       4182.8      0.684802
        4183.      0.684961
       4183.2      0.684185
       4183.4      0.683993
       4183.6       0.68466
       4183.8      0.683509
        4184.      0.682884
       4184.2      0.683573
       4184.4      0.681856
       4184.6      0.682499
       4184.8      0.682146
        4185.      0.681348
       4185.2      0.680968
       4185.4      0.680364
       4185.6      0.680224
       4185.8      0.679335
        4186.      0.678626
       4186.2      0.679151
       4186.4      0.678012
       4186.6       0.67703
       4186.8      0.676499
        4187.      0.676481
       4187.2      0.675422
       4187.4      0.674662
       4187.6      0.675278
       4187.8      0.675137
        4188.      0.673771
       4188.2      0.673092
       4188.4       0.67262
       4188.6      0.671705
       4188.8      0.671986
        4189.      0.670926
       4189.2      0.670955
       4189.4      0.670215
       4189.6      0.671014
       4189.8      0.669796
        4190.       0.66885
       4190.2      0.668813
       4190.4      0.668166
       4190.6       0.66755
       4190.8      0.667884
        4191.      0.667667
       4191.2      0.667647
       4191.4      0.666154
       4191.6      0.666103
       4191.8      0.665892
        4192.      0.665676
       4192.2      0.664139
       4192.4      0.663826
       4192.6      0.664577
       4192.8      0.663748
        4193.      0.663593
       4193.2      0.663921
       4193.4       0.66312
       4193.6      0.661916
       4193.8      0.662236
        4194.      0.662436
       4194.2      0.662407
       4194.4      0.662006
       4194.6      0.661516
       4194.8      0.661228
        4195.      0.660864
       4195.2      0.661015
       4195.4       0.66105
       4195.6       0.66042
       4195.8      0.660578
        4196.      0.659897
       4196.2      0.659138
       4196.4      0.659714
       4196.6      0.659593
       4196.8      0.659278
        4197.      0.658582
       4197.2      0.660305
       4197.4       0.65888
       4197.6      0.658914
       4197.8      0.658981
        4198.      0.659268
       4198.2      0.658957
       4198.4       0.65863
       4198.6       0.65859
       4198.8      0.658453
        4199.       0.65883
       4199.2      0.657505
       4199.4      0.657665
       4199.6      0.658252
       4199.8      0.658285
        4200.      0.658687
       4200.2      0.658037
       4200.4      0.658218
       4200.6      0.657918
       4200.8      0.658882
        4201.      0.658018
       4201.2       0.65778
       4201.4      0.658225
       4201.6      0.658753
       4201.8      0.658418
        4202.      0.657918
       4202.2       0.65832
       4202.4      0.658769
       4202.6      0.657708
       4202.8      0.658678
        4203.       0.65894
       4203.2      0.658968
       4203.4       0.65924
       4203.6      0.658533
       4203.8      0.658798
        4204.      0.658804
       4204.2      0.659294
       4204.4      0.659407
       4204.6      0.658815
       4204.8      0.659304
        4205.      0.658874
       4205.2      0.659274
       4205.4      0.658202
       4205.6      0.658218
       4205.8       0.65892
        4206.      0.659101
       4206.2      0.658706
       4206.4      0.658342
       4206.6      0.658255
       4206.8       0.65875
        4207.       0.65882
       4207.2      0.659055
       4207.4      0.658623
       4207.6      0.658381
       4207.8      0.658361
        4208.      0.658604
       4208.2      0.657683
       4208.4      0.657163
       4208.6      0.657958
       4208.8      0.657161
        4209.      0.656904
       4209.2      0.657198
       4209.4       0.65731
       4209.6      0.657065
       4209.8      0.656162
        4210.      0.656452
       4210.2      0.656258
       4210.4      0.655827
       4210.6      0.655935
       4210.8      0.655502
        4211.      0.655222
       4211.2      0.655801
       4211.4      0.655317
       4211.6      0.655248
       4211.8      0.654809
        4212.      0.654273
       4212.2      0.653084
       4212.4      0.654139
       4212.6       0.65315
       4212.8      0.653409
        4213.      0.652654
       4213.2      0.652333
       4213.4      0.652915
       4213.6      0.651878
       4213.8      0.651489
        4214.      0.650694
       4214.2      0.650485
       4214.4      0.650307
       4214.6      0.650515
       4214.8       0.64956
        4215.      0.649342
       4215.2      0.648443
       4215.4      0.647687
       4215.6      0.648287
       4215.8      0.647851
        4216.       0.64694
       4216.2      0.646397
       4216.4      0.645767
       4216.6       0.64536
       4216.8      0.644646
        4217.      0.644423
       4217.2      0.643098
       4217.4      0.642715
       4217.6      0.642499
       4217.8      0.642245
        4218.      0.641614
       4218.2      0.641406
       4218.4      0.639574
       4218.6      0.639109
       4218.8      0.638163
        4219.      0.637964
       4219.2      0.637045
       4219.4      0.637291
       4219.6      0.636431
       4219.8      0.635307
        4220.      0.634854
       4220.2      0.633478
       4220.4      0.632893
       4220.6      0.632669
       4220.8      0.632473
        4221.      0.631035
       4221.2      0.630662
       4221.4      0.629463
       4221.6      0.628534
       4221.8      0.628009
        4222.      0.626024
       4222.2      0.626177
       4222.4      0.625568
       4222.6      0.624883
       4222.8      0.623546
        4223.       0.62318
       4223.2      0.621898
       4223.4       0.62153
       4223.6      0.619756
       4223.8      0.619902
        4224.      0.618232
       4224.2      0.617686
       4224.4      0.616458
       4224.6      0.615911
       4224.8      0.614121
        4225.      0.614064
       4225.2      0.613647
       4225.4      0.613356
       4225.6      0.612054
       4225.8      0.611283
        4226.      0.609603
       4226.2      0.608304
       4226.4      0.608129
       4226.6      0.607936
       4226.8      0.605786
        4227.      0.605965
       4227.2      0.604711
       4227.4      0.603976
       4227.6      0.603583
       4227.8      0.602323
        4228.      0.601559
       4228.2       0.59998
       4228.4      0.599053
       4228.6      0.598544
       4228.8      0.597909
        4229.      0.596627
       4229.2      0.596404
       4229.4      0.595099
       4229.6      0.594508
       4229.8      0.594481
        4230.      0.593376
       4230.2      0.592464
       4230.4      0.591908
       4230.6      0.590668
       4230.8      0.589907
        4231.      0.588446
       4231.2      0.588275
       4231.4      0.586818
       4231.6      0.586993
       4231.8      0.585673
        4232.      0.585455
       4232.2      0.584356
       4232.4      0.582777
       4232.6      0.582831
       4232.8      0.581663
        4233.      0.581152
       4233.2      0.580102
       4233.4      0.580103
       4233.6      0.580121
       4233.8      0.578181
        4234.      0.578344
       4234.2      0.577093
       4234.4      0.577063
       4234.6      0.576681
       4234.8      0.575872
        4235.      0.575042
       4235.2       0.57503
       4235.4      0.573458
       4235.6      0.573302
       4235.8      0.572382
        4236.       0.57201
       4236.2      0.571986
       4236.4      0.570516
       4236.6         0.571
       4236.8      0.570822
        4237.      0.570352
       4237.2      0.569274
       4237.4      0.569181
       4237.6       0.56867
       4237.8      0.568253
        4238.      0.568122
       4238.2      0.568153
       4238.4      0.567837
       4238.6      0.567522
       4238.8      0.567193
        4239.      0.566463
       4239.2      0.566615
       4239.4      0.566342
       4239.6      0.566492
       4239.8      0.566006
        4240.      0.565544
       4240.2       0.56542
       4240.4       0.56571
       4240.6      0.565407
       4240.8      0.565124
        4241.      0.565423
       4241.2      0.565861
       4241.4      0.565539
       4241.6      0.565591
       4241.8      0.565124
        4242.      0.565676
       4242.2      0.566363
       4242.4      0.565388
       4242.6      0.565657
       4242.8      0.566235
        4243.      0.565967
       4243.2      0.566563
       4243.4      0.566507
       4243.6      0.566352
       4243.8      0.566329
        4244.      0.566702
       4244.2      0.567313
       4244.4      0.567166
       4244.6       0.56761
       4244.8      0.568333
        4245.      0.567972
       4245.2      0.568555
       4245.4      0.569094
       4245.6      0.569072
       4245.8      0.570034
        4246.      0.570032
       4246.2      0.570816
       4246.4      0.571423
       4246.6      0.571483
       4246.8      0.571803
        4247.      0.572745
       4247.2      0.573924
       4247.4      0.573621
       4247.6      0.574795
       4247.8      0.575137
        4248.      0.575665
       4248.2      0.577199
       4248.4      0.577087
       4248.6       0.57824
       4248.8      0.578792
        4249.      0.578489
       4249.2      0.579748
       4249.4      0.580181
       4249.6      0.581293
       4249.8      0.582294
        4250.      0.583468
       4250.2      0.583644
       4250.4      0.584713
       4250.6      0.585819
       4250.8      0.586852
        4251.      0.588028
       4251.2      0.588274
       4251.4      0.589386
       4251.6      0.590344
       4251.8       0.59131
        4252.      0.592373
       4252.2       0.59267
       4252.4      0.593764
       4252.6      0.595059
       4252.8      0.595205
        4253.      0.596589
       4253.2      0.596855
       4253.4      0.598272
       4253.6      0.598696
       4253.8      0.599472
        4254.      0.601178
       4254.2      0.600881
       4254.4      0.602893
       4254.6      0.603346
       4254.8      0.603836
        4255.      0.605162
       4255.2      0.606007
       4255.4      0.606329
       4255.6      0.607645
       4255.8       0.60849
        4256.      0.609177
       4256.2      0.610313
       4256.4      0.610052
       4256.6      0.611883
       4256.8      0.612426
        4257.      0.612579
       4257.2      0.612987
       4257.4        0.6136
       4257.6      0.613698
       4257.8      0.614173
        4258.      0.615789
       4258.2      0.616255
       4258.4      0.616854
       4258.6      0.616356
       4258.8      0.616624
        4259.      0.616648
       4259.2      0.616626
       4259.4      0.617043
       4259.6      0.617659
       4259.8      0.617218
        4260.      0.616907
       4260.2      0.617197
       4260.4      0.616798
       4260.6      0.616895
       4260.8      0.616304
        4261.      0.615993
       4261.2       0.61569
       4261.4      0.614573
       4261.6      0.614218
       4261.8      0.614245
        4262.      0.613074
       4262.2      0.612618
       4262.4      0.610721
       4262.6      0.610174
       4262.8      0.609236
        4263.      0.608021
       4263.2      0.606419
       4263.4      0.604427
       4263.6        0.6028
       4263.8      0.601478
        4264.      0.599006
       4264.2      0.597037
       4264.4      0.595354
       4264.6      0.592873
       4264.8      0.591535
        4265.      0.588897
       4265.2      0.586099
       4265.4      0.584064
       4265.6      0.580428
       4265.8      0.577188
        4266.      0.573831
       4266.2      0.571681
       4266.4       0.56882
       4266.6      0.566577
       4266.8      0.562117
        4267.      0.557279
       4267.2      0.554197
       4267.4      0.551035
       4267.6      0.546784
       4267.8      0.543488
        4268.      0.538569
       4268.2       0.53376
       4268.4      0.530415
       4268.6      0.526258
       4268.8      0.521685
        4269.       0.51697
       4269.2      0.511812
       4269.4      0.507544
       4269.6      0.503304
       4269.8      0.498747
        4270.      0.492812
       4270.2      0.486557
       4270.4       0.48257
       4270.6      0.478338
       4270.8      0.473654
        4271.      0.468647
       4271.2      0.462735
       4271.4      0.456008
       4271.6      0.452136
       4271.8      0.446532
        4272.      0.441146
       4272.2      0.434772
       4272.4      0.428927
       4272.6      0.423686
       4272.8      0.418357
        4273.      0.414202
       4273.2      0.408514
       4273.4      0.402193
       4273.6      0.395462
       4273.8      0.390765
        4274.      0.385503
       4274.2      0.380426
       4274.4      0.374307
       4274.6      0.367834
       4274.8      0.363352
        4275.      0.358552
       4275.2      0.353445
       4275.4      0.347768
       4275.6      0.342703
       4275.8      0.335932
        4276.      0.330514
       4276.2      0.326312
       4276.4       0.32069
       4276.6       0.31451
       4276.8      0.308983
        4277.      0.304496
       4277.2      0.300092
       4277.4       0.29561
       4277.6      0.290046
       4277.8      0.284158
        4278.      0.279812
       4278.2      0.274991
       4278.4      0.270924
       4278.6      0.265786
       4278.8      0.259881
        4279.      0.255047
       4279.2      0.251507
       4279.4      0.247807
       4279.6      0.244329
       4279.8      0.239069
        4280.      0.234194
       4280.2      0.229967
       4280.4      0.226479
       4280.6      0.222208
       4280.8      0.217783
        4281.      0.212563
       4281.2      0.209236
       4281.4      0.205773
       4281.6      0.202256
       4281.8      0.198974
        4282.      0.194799
       4282.2      0.190738
       4282.4      0.187309
       4282.6      0.184042
       4282.8      0.180857
        4283.      0.177126
       4283.2      0.173326
       4283.4      0.170421
       4283.6      0.167849
       4283.8      0.165103
        4284.      0.162212
       4284.2      0.158786
       4284.4      0.155962
       4284.6      0.152947
       4284.8      0.150038
        4285.      0.147509
       4285.2      0.144225
       4285.4      0.141264
       4285.6      0.138748
       4285.8      0.136659
        4286.      0.134432
       4286.2      0.131863
       4286.4      0.129233
       4286.6      0.126458
       4286.8      0.124083
        4287.      0.122215
       4287.2      0.119851
       4287.4      0.117114
       4287.6      0.114966
       4287.8      0.112952
        4288.       0.11125
       4288.2      0.109756
       4288.4      0.107642
       4288.6      0.105448
       4288.8      0.103517
        4289.      0.101617
       4289.2      0.099722
       4289.4      0.097846
       4289.6      0.095937
       4289.8      0.094068
        4290.      0.092504
       4290.2      0.091019
       4290.4      0.089558
       4290.6      0.087842
       4290.8      0.085829
        4291.      0.084469
       4291.2      0.083081
       4291.4      0.081675
       4291.6      0.080138
       4291.8      0.078288
        4292.      0.077118
       4292.2      0.075774
       4292.4      0.074852
       4292.6      0.073462
       4292.8      0.072304
        4293.      0.070798
       4293.2      0.069479
       4293.4      0.068352
       4293.6      0.067132
       4293.8      0.065923
        4294.      0.064584
       4294.2       0.06362
       4294.4      0.062672
       4294.6      0.061778
       4294.8      0.060643
        4295.      0.059466
       4295.2      0.058435
       4295.4      0.057393
       4295.6      0.056503
       4295.8      0.055588
        4296.      0.054472
       4296.2      0.053387
       4296.4      0.052561
       4296.6      0.051868
       4296.8      0.051168
        4297.      0.050321
       4297.2      0.049374
       4297.4      0.048591
       4297.6      0.047795
       4297.8       0.04709
        4298.      0.046273
       4298.2       0.04531
       4298.4      0.044683
       4298.6      0.043956
       4298.8       0.04331
        4299.      0.042665
       4299.2      0.041902
       4299.4      0.041189
       4299.6      0.040448
       4299.8      0.039831
        4300.      0.039222
       4300.2      0.038583
       4300.4      0.037859
       4300.6      0.037224
       4300.8      0.036692
        4301.      0.036295
       4301.2      0.035824
       4301.4      0.035106
       4301.6      0.034554
       4301.8      0.033967
        4302.       0.03347
       4302.2      0.033006
       4302.4       0.03248
       4302.6      0.031861
       4302.8      0.031357
        4303.      0.031003
       4303.2      0.030523
       4303.4      0.030137
       4303.6      0.029597
       4303.8      0.029123
        4304.      0.028678
       4304.2       0.02834
       4304.4      0.027889
       4304.6       0.02733
       4304.8      0.026914
        4305.      0.026555
       4305.2      0.026084
       4305.4        0.0259
       4305.6      0.025461
       4305.8      0.025113
        4306.      0.024622
       4306.2       0.02433
       4306.4      0.023996
       4306.6      0.023664
       4306.8      0.023223
        4307.      0.022858
       4307.2      0.022663
       4307.4      0.022359
       4307.6      0.022018
       4307.8      0.021752
        4308.      0.021453
       4308.2      0.020989
       4308.4      0.020813
       4308.6      0.020526
       4308.8      0.020223
        4309.      0.019948
       4309.2      0.019508
       4309.4      0.019271
       4309.6      0.019094
       4309.8      0.018845
        4310.      0.018619
       4310.2      0.018228
       4310.4      0.017961
       4310.6      0.017808
       4310.8      0.017534
        4311.      0.017316
       4311.2      0.017026
       4311.4      0.016803
       4311.6        0.0166
       4311.8      0.016439
        4312.      0.016262
       4312.2      0.015991
       4312.4      0.015707
       4312.6      0.015548
       4312.8      0.015353
        4313.       0.01512
       4313.2      0.014894
       4313.4      0.014729
       4313.6      0.014514
       4313.8       0.01431
        4314.      0.014152
       4314.2      0.013955
       4314.4      0.013805
       4314.6      0.013589
       4314.8      0.013373
        4315.      0.013279
       4315.2      0.013019
       4315.4      0.012908
       4315.6      0.012611
       4315.8      0.012521
        4316.      0.012372
       4316.2      0.012232
       4316.4      0.012136
       4316.6      0.011926
       4316.8      0.011765
        4317.       0.01163
       4317.2      0.011456
       4317.4      0.011354
       4317.6      0.011166
       4317.8      0.011007
        4318.       0.01084
       4318.2      0.010746
       4318.4      0.010683
       4318.6      0.010439
       4318.8      0.010371
        4319.      0.010232
       4319.2      0.010103
       4319.4      0.010012
       4319.6      0.009834
       4319.8      0.009765
        4320.      0.009605
       4320.2      0.009467
       4320.4      0.009377
       4320.6      0.009298
       4320.8      0.009163
        4321.      0.009028
       4321.2      0.008989
       4321.4      0.008821
       4321.6      0.008735
       4321.8      0.008616
        4322.      0.008492
       4322.2      0.008376
       4322.4      0.008299
       4322.6      0.008214
       4322.8      0.008144
        4323.      0.008068
       4323.2        0.0079
       4323.4      0.007795
       4323.6      0.007746
       4323.8      0.007637
        4324.      0.007583
       4324.2      0.007481
       4324.4      0.007369
       4324.6       0.00731
       4324.8      0.007198
        4325.      0.007145
       4325.2      0.007053
       4325.4      0.007047
       4325.6       0.00689
       4325.8      0.006864
        4326.      0.006746
       4326.2      0.006687
       4326.4       0.00656
       4326.6      0.006504
       4326.8      0.006406
        4327.      0.006356
       4327.2      0.006339
       4327.4      0.006229
       4327.6      0.006156
       4327.8      0.006079
        4328.       0.00602
       4328.2      0.005945
       4328.4      0.005882
       4328.6      0.005852
       4328.8      0.005751
        4329.      0.005725
       4329.2      0.005663
       4329.4       0.00561
       4329.6      0.005505
       4329.8      0.005481
        4330.      0.005409
       4330.2       0.00532
       4330.4      0.005282
       4330.6      0.005216
       4330.8      0.005141
        4331.       0.00513
       4331.2      0.005019
       4331.4      0.004989
       4331.6      0.004985
       4331.8      0.004936
        4332.      0.004809
       4332.2      0.004792
       4332.4      0.004711
       4332.6      0.004686
       4332.8      0.004619
        4333.      0.004543
       4333.2       0.00455
       4333.4      0.004512
       4333.6      0.004488
       4333.8       0.00441
        4334.      0.004363
       4334.2      0.004326
       4334.4      0.004298
       4334.6       0.00422
       4334.8      0.004186
        4335.      0.004158
       4335.2      0.004129
       4335.4      0.004064
       4335.6      0.004035
       4335.8      0.003993
        4336.       0.00396
       4336.2      0.003901
       4336.4       0.00383
       4336.6      0.003786
       4336.8      0.003771
        4337.      0.003738
       4337.2      0.003723
       4337.4       0.00366
       4337.6      0.003654
       4337.8      0.003623
        4338.      0.003596
       4338.2      0.003539
       4338.4      0.003483
       4338.6      0.003448
       4338.8      0.003448
        4339.      0.003397
       4339.2      0.003363
       4339.4      0.003291
       4339.6      0.003278
       4339.8      0.003232
        4340.      0.003219
       4340.2      0.003182
       4340.4      0.003179
       4340.6      0.003129
       4340.8      0.003089
        4341.      0.003069
       4341.2      0.003076
       4341.4      0.003018
       4341.6      0.002973
       4341.8      0.002937
        4342.      0.002931
       4342.2      0.002925
       4342.4      0.002889
       4342.6      0.002831
       4342.8      0.002823
        4343.      0.002808
       4343.2       0.00278
       4343.4      0.002794
       4343.6      0.002727
       4343.8      0.002672
        4344.      0.002644
       4344.2      0.002647
       4344.4      0.002612
       4344.6      0.002568
       4344.8      0.002558
        4345.      0.002522
       4345.2      0.002505
       4345.4      0.002501
       4345.6        0.0025
       4345.8      0.002447
        4346.      0.002441
       4346.2      0.002419
       4346.4      0.002373
       4346.6       0.00236
       4346.8      0.002368
        4347.      0.002326
       4347.2      0.002313
       4347.4      0.002291
       4347.6       0.00227
       4347.8      0.002267
        4348.      0.002219
       4348.2      0.002221
       4348.4      0.002223
       4348.6      0.002172
       4348.8      0.002155
        4349.      0.002136
       4349.2      0.002104
       4349.4      0.002104
       4349.6       0.00206
       4349.8      0.002074
        4350.       0.00204
       4350.2       0.00202
       4350.4      0.002008
       4350.6      0.001997
       4350.8      0.001995
        4351.       0.00196
       4351.2      0.001957
       4351.4       0.00193
       4351.6      0.001924
       4351.8      0.001902
        4352.      0.001875
       4352.2      0.001858
       4352.4      0.001833
       4352.6      0.001781
       4352.8      0.001775
        4353.      0.001814
       4353.2      0.001777
       4353.4      0.001741
       4353.6      0.001716
       4353.8      0.001723
        4354.      0.001703
       4354.2      0.001692
       4354.4      0.001657
       4354.6      0.001665
       4354.8      0.001638
        4355.      0.001631
       4355.2      0.001625
       4355.4      0.001635
       4355.6      0.001619
       4355.8      0.001599
        4356.      0.001569
       4356.2      0.001584
       4356.4      0.001525
       4356.6       0.00152
       4356.8      0.001543
        4357.       0.00152
       4357.2      0.001486
       4357.4      0.001492
       4357.6      0.001492
       4357.8      0.001446
        4358.      0.001455
       4358.2      0.001416
       4358.4      0.001414
       4358.6      0.001424
       4358.8      0.001418
        4359.      0.001378
       4359.2      0.001374
       4359.4      0.001351
       4359.6      0.001351
       4359.8      0.001358
        4360.      0.001344
       4360.2        0.0013
       4360.4      0.001298
       4360.6      0.001307
       4360.8       0.00128
        4361.      0.001286
       4361.2      0.001265
       4361.4       0.00128
       4361.6      0.001234
       4361.8      0.001251
        4362.      0.001251
       4362.2      0.001244
       4362.4      0.001226
       4362.6      0.001188
       4362.8      0.001183
        4363.      0.001208
       4363.2      0.001182
       4363.4      0.001182
       4363.6      0.001153
       4363.8      0.001121
        4364.      0.001162
       4364.2      0.001155
       4364.4      0.001146
       4364.6      0.001108
       4364.8      0.001138
        4365.      0.001136
       4365.2      0.001093
       4365.4      0.001097
       4365.6      0.001078
       4365.8      0.001075
        4366.      0.001072
       4366.2      0.001067
       4366.4      0.001039
       4366.6      0.001034
       4366.8      0.001042
        4367.      0.001028
       4367.2      0.001032
       4367.4       0.00103
       4367.6         0.001
       4367.8   9.940000E-4
        4368.      0.001016
       4368.2   9.770000E-4
       4368.4   9.990000E-4
       4368.6   9.910000E-4
       4368.8   9.540000E-4
        4369.   9.290000E-4
       4369.2   9.480000E-4
       4369.4   9.510000E-4
       4369.6   9.210000E-4
       4369.8   9.290000E-4
        4370.   9.270000E-4
       4370.2   9.230000E-4
       4370.4   8.920000E-4
       4370.6   9.150000E-4
       4370.8   9.260000E-4
        4371.   8.990000E-4
       4371.2   8.970000E-4
       4371.4   8.920000E-4
       4371.6   8.800000E-4
       4371.8   8.590000E-4
        4372.   8.760000E-4
       4372.2   8.770000E-4
       4372.4   8.630000E-4
       4372.6   8.300000E-4
       4372.8   8.520000E-4
        4373.   8.420000E-4
       4373.2   8.310000E-4
       4373.4   8.190000E-4
       4373.6   8.260000E-4
       4373.8   8.140000E-4
        4374.   8.100000E-4
       4374.2   8.310000E-4
       4374.4   7.890000E-4
       4374.6   7.780000E-4
       4374.8   7.880000E-4
        4375.   7.900000E-4
       4375.2   7.760000E-4
       4375.4   7.760000E-4
       4375.6   7.500000E-4
       4375.8   7.610000E-4
        4376.   7.360000E-4
       4376.2   7.500000E-4
       4376.4   7.520000E-4
       4376.6   7.560000E-4
       4376.8   7.490000E-4
        4377.   7.460000E-4
       4377.2   7.340000E-4
       4377.4   7.100000E-4
       4377.6   7.360000E-4
       4377.8   7.370000E-4
        4378.   7.350000E-4
       4378.2   7.100000E-4
       4378.4   6.730000E-4
       4378.6   6.930000E-4
       4378.8   6.920000E-4
        4379.   6.980000E-4
       4379.2   6.850000E-4
       4379.4   6.780000E-4
       4379.6   6.780000E-4
       4379.8   6.750000E-4
        4380.   6.610000E-4
       4380.2   6.630000E-4
       4380.4   6.620000E-4
       4380.6   6.450000E-4
       4380.8   6.480000E-4
        4381.   6.790000E-4
       4381.2   6.550000E-4
       4381.4   6.400000E-4
       4381.6   6.500000E-4
       4381.8   6.310000E-4
        4382.   6.250000E-4
       4382.2   6.230000E-4
       4382.4   6.300000E-4
       4382.6   6.250000E-4
       4382.8   6.130000E-4
        4383.   6.140000E-4
       4383.2   5.980000E-4
       4383.4   5.840000E-4
       4383.6   5.810000E-4
       4383.8   5.940000E-4
        4384.   5.980000E-4
       4384.2   5.640000E-4
       4384.4   5.710000E-4
       4384.6   5.570000E-4
       4384.8   5.740000E-4
        4385.   5.910000E-4
       4385.2   5.720000E-4
       4385.4   5.500000E-4
       4385.6   5.570000E-4
       4385.8   5.450000E-4
        4386.   5.380000E-4
       4386.2   5.800000E-4
       4386.4   5.250000E-4
       4386.6   5.310000E-4
       4386.8   5.230000E-4
        4387.   5.340000E-4
       4387.2   5.070000E-4
       4387.4   5.170000E-4
       4387.6   5.220000E-4
       4387.8   4.830000E-4
        4388.   4.920000E-4
       4388.2   4.980000E-4
       4388.4   5.030000E-4
       4388.6   4.940000E-4
       4388.8   4.780000E-4
        4389.   4.890000E-4
       4389.2   4.610000E-4
       4389.4   4.810000E-4
       4389.6   4.830000E-4
       4389.8   4.720000E-4
        4390.   4.590000E-4
       4390.2   4.780000E-4
       4390.4   4.590000E-4
       4390.6   4.700000E-4
       4390.8   4.560000E-4
        4391.   4.190000E-4
       4391.2   4.570000E-4
       4391.4   4.470000E-4
       4391.6   4.560000E-4
       4391.8   4.410000E-4
        4392.   4.250000E-4
       4392.2   4.360000E-4
       4392.4   4.400000E-4
       4392.6   4.100000E-4
       4392.8   4.580000E-4
        4393.   4.250000E-4
       4393.2   4.320000E-4
       4393.4   4.080000E-4
       4393.6   3.960000E-4
       4393.8   4.150000E-4
        4394.   3.930000E-4
       4394.2   4.080000E-4
       4394.4   4.140000E-4
       4394.6   4.230000E-4
       4394.8   4.140000E-4
        4395.   4.160000E-4
       4395.2   4.150000E-4
       4395.4   3.880000E-4
       4395.6   4.250000E-4
       4395.8   3.920000E-4
        4396.   3.970000E-4
       4396.2   3.610000E-4
       4396.4   3.880000E-4
       4396.6   3.950000E-4
       4396.8   3.770000E-4
        4397.   3.790000E-4
        4410.   3.211630E-4
        4420.   2.473070E-4
        4430.   1.931600E-4
        4440.   1.528590E-4
        4450.   1.245040E-4
        4460.   1.026880E-4
        4470.   8.667540E-5
        4480.   7.288500E-5
        4490.   6.195860E-5
        4500.   5.421170E-5
        4510.   4.690850E-5
        4520.   4.085530E-5
        4530.   3.576690E-5
        4540.   3.137180E-5
        4550.   2.692140E-5
        4560.   2.335090E-5
        4570.   1.959990E-5
        4580.   1.632090E-5
        4590.   1.302400E-5
        4600.   1.009110E-5
        4610.   7.666860E-6
        4620.   5.640260E-6
        4630.   4.126110E-6
        4640.   2.972250E-6
        4650.   2.140460E-6
        4660.   1.551110E-6
        4670.   1.136680E-6
        4680.   8.649000E-7
        4690.   6.480430E-7
        4700.   5.284640E-7
        4710.   3.889910E-7
        4720.   3.385880E-7
        4730.   3.066680E-7
        4740.   1.900850E-7
        4750.   2.110960E-7
        4760.   1.854520E-7
        4770.   1.502110E-7
        4780.   1.442680E-7
        4790.   1.140420E-7
        4800.   1.451210E-7
        4810.   1.156260E-7
        4820.   1.201450E-7
        4830.   1.134350E-7
        4840.   9.656820E-8
        4850.   1.464090E-7
        4860.   1.511980E-7
        4870.   1.385770E-7
        4880.   1.344510E-7
        4890.   1.212300E-7
        4900.   1.073250E-7
        4910.   1.408360E-7
        4920.   1.302490E-7
        4930.   1.142640E-7
        4940.   1.006230E-7
        4950.   1.247920E-7
        4960.   1.247900E-7
        4970.   8.706610E-8
        4980.   1.259060E-7
        4990.   1.063710E-7
        5000.   1.408420E-7
        5010.   8.623250E-8
        5020.   1.169680E-7
        5030.   6.646930E-8
        5040.   1.363000E-7
        5050.   1.413480E-7
        5060.   8.287450E-8
        5070.   7.940120E-8
        5080.   1.267000E-7
        5090.   1.241200E-7
        5100.   1.105610E-7
        5110.   9.658180E-8
        5120.   1.501630E-7
        5130.   1.062700E-7
        5140.   1.381870E-7
        5150.   1.050890E-7
        5160.   1.030090E-7
        5170.   9.893910E-8
        5180.   1.650520E-7
        5190.   1.191010E-7
        5200.   1.085540E-7
        5210.   9.046360E-8
        5220.   7.942460E-8
        5230.   8.749410E-8
        5240.   1.046730E-7
        5250.   9.313400E-8
        5260.   7.115200E-8
        5270.   8.672520E-8
        5280.   9.266590E-8
        5290.   6.710040E-8
        5300.   8.678950E-8
        5310.   6.196280E-8
        5320.   9.294520E-8
        5330.   6.012440E-8
        5340.   1.041640E-7
        5350.   8.783890E-8
        5360.   7.972340E-8
        5370.   5.153450E-8
        5380.   6.660150E-8
        5390.   5.730350E-8
        5400.   9.422690E-8
        5410.   1.191050E-7
        5420.   8.104230E-8
        5430.   9.668650E-8
        5440.   8.056330E-8
        5450.   7.702420E-8
        5460.   6.229940E-8
        5470.   8.695450E-8
        5480.   1.037550E-7
        5490.   9.628900E-8
        5500.   6.506090E-8
        5510.   8.770850E-8
        5520.   7.054170E-8
        5530.   7.842600E-8
        5540.   7.174130E-8
        5550.   7.731020E-8
        5560.   1.116990E-7
        5570.   9.297950E-8
        5580.   9.894890E-8
        5590.   9.194970E-8
        5600.   5.776940E-8
        5610.   8.570340E-8
        5620.   8.369650E-8
        5630.   1.044930E-7
        5640.   1.315350E-7
        5650.   8.330380E-8
        5660.   1.126550E-7
        5670.   9.802680E-8
        5680.   1.158420E-7
        5690.   1.165590E-7
        5700.   1.148750E-7
        5710.   1.234550E-7
        5720.   1.440830E-7
        5730.   1.087210E-7
        5740.   1.383220E-7
        5750.   1.208980E-7
        5760.   1.503050E-7
        5770.   1.135680E-7
        5780.   1.213630E-7
        5790.   9.835380E-8
        5800.   1.050010E-7
        5810.   5.687650E-8
        5820.   8.633100E-8
        5830.   1.103590E-7
        5840.   1.009670E-7
        5850.   1.295330E-7
        5860.   1.123580E-7
        5870.   9.247940E-8
        5880.   1.112440E-7
        5890.   1.042720E-7
        5900.   9.067610E-8
        5910.   9.661290E-8
        5920.   7.175710E-8
        5930.   8.858920E-8
        5940.   8.423060E-8
        5950.   1.393840E-7
        5960.   1.130350E-7
        5970.   2.721470E-8
        5980.   1.396990E-7
        5990.   5.066240E-8
        6000.   7.963110E-8
        6010.   1.200060E-7
        6020.   1.248760E-7
        6030.   7.093780E-8
        6040.   1.264550E-7
        6050.   1.216640E-7
        6060.   7.077290E-8
        6070.   9.943680E-8
        6080.   1.004050E-7
        6090.   1.073860E-7
        6100.   5.930150E-8
        6110.   9.878890E-8
        6120.   5.889460E-8
        6130.   1.110930E-7
        6140.   9.335770E-8
        6150.   8.536560E-8
        6160.   6.210000E-8
        6170.   9.304200E-8
        6180.   9.952130E-8
        6190.   9.228120E-8
        6200.   6.719410E-8
        6210.   1.063860E-7
        6220.   1.280710E-7
        6230.   8.440960E-8
        6240.   1.271470E-7
        6250.   7.074880E-8
        6260.   7.544210E-8
        6270.   1.279610E-7
        6280.   1.150920E-7
        6290.   1.232910E-7
        6300.   9.099630E-8
        6310.   1.031180E-7
        6320.   1.204540E-7
        6330.   7.910610E-8
        6340.   1.108300E-7
        6350.   1.252440E-7
        6360.   9.583500E-8
        6370.   1.014280E-7
        6380.   1.114070E-7
        6390.   1.314610E-7
        6400.   9.398710E-8
        6410.   1.216310E-7
        6420.   1.389220E-7
        6430.   1.492140E-7
        6440.   7.948350E-8
        6450.   1.290440E-7
        6460.   1.513450E-7
        6470.   1.148460E-7
        6480.   9.620820E-8
        6490.   1.107940E-7
        6500.   1.180830E-7
        6510.   9.792380E-8
        6520.   9.970660E-8
        6530.   1.242440E-7
        6540.   1.109400E-7
        6550.   1.292090E-7
        6560.   1.226820E-7
        6570.   1.298080E-7
        6580.   6.657830E-8
        6590.   1.200870E-7
        6600.   1.525990E-7
        6610.   1.129330E-7
        6620.   1.055480E-7
        6630.   1.452270E-7
        6640.   1.039240E-7
        6650.   7.811330E-8
        6660.   6.360220E-8
        6670.   1.379130E-7
        6680.   8.963690E-8
        6690.   7.381680E-8
        6700.   1.234350E-7
        6710.   7.311590E-8
        6720.   7.757990E-8
        6730.   1.279940E-7
        6740.   5.884060E-8
        6750.   1.138100E-7
        6760.   1.171400E-7
        6770.   7.795050E-8
        6780.   9.522770E-8
        6790.   1.138440E-7
        6800.   1.032200E-7
        6810.   9.311170E-8
        6820.   1.185880E-7
        6830.   1.940670E-7
        6840.   1.405330E-7
        6850.   1.353680E-7
        6860.   1.567310E-7
        6870.   1.852580E-7
        6880.   2.131730E-7
        6890.   1.805350E-7
        6900.   2.475100E-7
        6910.   2.366920E-7
        6920.   3.086670E-7
        6930.   2.932770E-7
        6940.   2.931430E-7
        6950.   3.693520E-7
        6960.   3.509580E-7
        6970.   3.408530E-7
        6980.   3.889530E-7
        6990.   4.011480E-7
        7000.   3.709260E-7
        7010.   3.571920E-7
        7020.   3.695260E-7
        7030.   3.769820E-7
        7040.   3.499180E-7
        7050.   3.775430E-7
        7060.   3.393260E-7
        7070.   3.895460E-7
        7080.   2.930890E-7
        7090.   2.683440E-7
        7100.   2.844610E-7
        7110.   2.346280E-7
        7120.   2.413410E-7
        7130.   2.259150E-7
        7140.   2.339130E-7
        7150.   1.670600E-7
        7160.   1.615980E-7
        7170.   2.145420E-7
        7180.   1.604380E-7
        7190.   1.507270E-7
        7200.   1.388110E-7
        7210.   1.136380E-7
        7220.   1.390280E-7
        7230.   1.170790E-7
        7240.   1.401390E-7
        7250.   1.441460E-7
        7260.   1.163570E-7
        7270.   8.999070E-8
        7280.   1.537880E-7
        7290.   1.199740E-7
        7300.   1.428090E-7
        7310.   1.392470E-7
        7320.   1.615640E-7
        7330.   1.452120E-7
        7340.   1.729330E-7
        7350.   1.127320E-7
        7360.   1.113970E-7
        7370.   8.536370E-8
        7380.   1.141050E-7
        7390.   1.269590E-7
        7400.   9.642810E-8
        7410.   1.435860E-7
        7420.   1.604840E-7
        7430.   1.537370E-7
        7440.   1.464580E-7
        7450.   9.286150E-8
        7460.   1.164680E-7
        7470.   1.399660E-7
        7480.   1.013940E-7
        7490.   1.035000E-7
        7500.   1.113910E-7
        7510.   1.018020E-7
        7520.   1.301190E-7
        7530.   7.738490E-8
        7540.   1.230440E-7
        7550.   1.305810E-7
        7560.   1.493900E-7
        7570.   9.998000E-8
        7580.   1.287060E-7
        7590.   1.294060E-7
        7600.   1.238040E-7
        7610.   1.163130E-7
        7620.   1.522180E-7
        7630.   1.525730E-7
        7640.   9.630970E-8
        7650.   1.142470E-7
        7660.   1.191090E-7
        7670.   1.167970E-7
        7680.   9.946730E-8
        7690.   1.249630E-7
        7700.   8.300670E-8
        7710.   1.390530E-7
        7720.   1.071080E-7
        7730.   1.043500E-7
        7740.   1.171810E-7
        7750.   1.108790E-7
        7760.   1.385080E-7
        7770.   1.165600E-7
        7780.   1.568180E-7
        7790.   1.380370E-7
        7800.   9.734170E-8
        7810.   1.275020E-7
        7820.   1.376870E-7
        7830.   1.175390E-7
        7840.   9.304630E-8
        7850.   1.419980E-7
        7860.   1.088860E-7
        7870.   1.336950E-7
        7880.   1.007190E-7
        7890.   7.911910E-8
        7900.   9.714310E-8
        7910.   1.581510E-7
        7920.   7.852160E-8
        7930.   1.651000E-7
        7940.   1.637350E-7
        7950.   1.356320E-7
        7960.   1.086260E-7
        7970.   8.940060E-8
        7980.   1.291660E-7
        7990.   1.097560E-7
        8000.   1.562370E-7
        8010.   1.419600E-7
        8020.   1.169850E-7
        8030.   1.034160E-7
        8040.   1.576690E-7
        8050.   1.213160E-7
        8060.   8.684100E-8
        8070.   1.363560E-7
        8080.   1.487610E-7
        8090.   1.085010E-7
        8100.   1.377240E-7
        8110.   1.002250E-7
        8120.   1.285570E-7
        8130.   1.311760E-7
        8140.   1.358690E-7
        8150.   1.342530E-7
        8160.   1.181070E-7
        8170.   5.931510E-8
        8180.   1.511560E-7
        8190.   1.136210E-7
        8200.   1.168510E-7
        8210.   1.342040E-7
        8220.   1.204400E-7
        8230.   1.383320E-7
        8240.   1.385380E-7
        8250.   1.200600E-7
        8260.   1.055900E-7
        8270.   9.954690E-8
        8280.   1.199520E-7
        8290.   6.254190E-8
        8300.   1.867740E-7
        8310.   1.056540E-7
        8320.   6.574280E-8
        8330.   9.360070E-8
        8340.   1.666540E-7
        8350.   1.078140E-7
        8360.   8.844860E-8
        8370.   8.649000E-8
        8380.   9.346220E-8
        8390.   8.124770E-8
        8400.   1.147390E-7
        8410.   1.006450E-7
        8420.   4.590180E-8
        8430.   9.399620E-8
        8440.   8.608310E-8
        8450.   1.207900E-7
        8460.   1.184220E-7
        8470.   9.050070E-8
        8480.   7.634880E-8
        8490.   1.371260E-7
        8500.  1.000230E-10
        8510.  1.000230E-10
        8520.  1.000230E-10
        8530.   8.759630E-8
        8540.  1.000230E-10
        8550.  1.000230E-10
        8560.  1.000230E-10
        8570.  1.000230E-10
        8580.   8.562860E-7
        8590.  1.000230E-10
        8600.  1.000230E-10
        8610.  1.000230E-10
        8620.  1.000230E-10
        8630.   1.393530E-7
        8640.  1.000230E-10
        8650.  1.000230E-10
        8660.  1.000230E-10
        8670.  1.000230E-10
        8680.  1.000230E-10
        8690.  1.000230E-10
        8700.  1.000230E-10
        8710.  1.000230E-10
        8720.  1.000230E-10
        8730.  1.000230E-10
        8740.  1.000230E-10
        8750.  1.000230E-10
        8760.  1.000230E-10
        8770.  1.000230E-10
        8780.  1.000230E-10
        8790.  1.000230E-10
        8800.  1.000230E-10
        8810.  1.000230E-10
        8820.  1.000230E-10
        8830.  1.000230E-10
        8840.  1.000230E-10
        8850.  1.000230E-10
        8860.   1.964540E-6
        8870.  1.000230E-10
        8880.  1.000230E-10
        8890.   9.952330E-7
        8900.  1.000230E-10
        8910.  1.000230E-10
        8920.  1.000230E-10
        8930.  1.000230E-10
        8940.  1.000230E-10
        8950.  1.000230E-10
        8960.  1.000230E-10
        8970.  1.000230E-10
        8980.  1.000230E-10
        8990.  1.000230E-10
        9000.  1.000230E-10
        9010.  1.000230E-10
        9020.  1.000230E-10
        9030.  1.000230E-10
        9040.  1.000230E-10
        9050.  1.000230E-10
        9060.  1.000230E-10
        9070.  1.000230E-10
        9080.  1.000230E-10
        9090.  1.000230E-10
        9100.  1.000230E-10
        9110.  1.000230E-10
        9120.  1.000230E-10
        9130.  1.000230E-10
        9140.  1.000230E-10
        9150.  1.000230E-10
        9160.  1.000230E-10
        9170.  1.000230E-10
        9180.  1.000230E-10
        9190.  1.000230E-10
        9200.  1.000230E-10
        9210.  1.000230E-10
        9220.  1.000230E-10
        9230.  1.000230E-10
        9240.  1.000230E-10
        9250.  1.000230E-10
        9260.  1.000230E-10
        9270.  1.000230E-10
        9280.  1.000230E-10
        9290.  1.000230E-10
        9300.  1.000230E-10
        9310.  1.000230E-10
        9320.  1.000230E-10
        9330.  1.000230E-10
        9340.  1.000230E-10
        9350.  1.000230E-10
        9360.  1.000230E-10
        9370.   3.342840E-7
        9380.   3.126580E-7
        9390.  1.000230E-10
        9400.  1.000230E-10
        9410.  1.000230E-10
        9420.   1.943890E-7
        9430.  1.000230E-10
        9440.  1.000230E-10
        9450.  1.000230E-10
        9460.  1.000230E-10
        9470.  1.000230E-10
        9480.  1.000230E-10
        9490.  1.000230E-10
        9500.   1.303830E-7
        9510.  1.000230E-10
        9520.  1.000230E-10
        9530.  1.000230E-10
        9540.  1.000230E-10
        9550.  1.000230E-10
        9560.  1.000230E-10
        9570.  1.000230E-10
        9580.  1.000230E-10
        9590.  1.000230E-10
        9600.  1.000230E-10
        9610.  1.000230E-10
        9620.  1.000230E-10
        9630.  1.000230E-10
        9640.  1.000230E-10
        9650.  1.000230E-10
        9660.  1.000230E-10
        9670.  1.000230E-10
        9680.  1.000230E-10
        9690.  1.000230E-10
        9700.  1.000230E-10
        9710.  1.000230E-10
        9720.  1.000230E-10
        9730.  1.000230E-10
        9740.  1.000230E-10
        9750.  1.000230E-10
        9760.   1.702410E-7
        9770.  1.000230E-10
        9780.  1.000230E-10
        9790.  1.000230E-10
        9800.  1.000230E-10
        9810.  1.000230E-10
        9820.  1.000230E-10
        9830.  1.000230E-10
        9840.  1.000230E-10
        9850.  1.000230E-10
        9860.  1.000230E-10
        9870.  1.000230E-10
        9880.  1.000230E-10
        9890.  1.000230E-10
        9900.  1.000230E-10
        9910.  1.000230E-10
        9920.  1.000230E-10
        9930.  1.000230E-10
        9940.  1.000230E-10
        9950.  1.000230E-10
        9960.  1.000230E-10
        9970.  1.000230E-10
        9980.  1.000230E-10
        9990.  1.000230E-10
       10000.  1.000230E-10
       10010.  1.000230E-10
       10020.  1.000230E-10
       10030.  1.000230E-10
       10040.  1.000230E-10
       10050.  1.000230E-10
       10060.  1.000230E-10
       10070.  1.000230E-10
       10080.  1.000230E-10
       10090.  1.000230E-10
       10100.  1.000230E-10
       10110.  1.000230E-10
       10120.  1.000230E-10
       10130.  1.000230E-10
       10140.  1.000230E-10
       10150.  1.000230E-10
       10160.  1.000230E-10
       10170.  1.000230E-10
       10180.  1.000230E-10
       10190.  1.000230E-10
       10200.  1.000230E-10
       10210.  1.000230E-10
       10220.  1.000230E-10
       10230.  1.000230E-10
       10240.  1.000230E-10
       10250.  1.000230E-10
       10260.  1.000230E-10
       10270.  1.000230E-10
       10280.  1.000230E-10
       10290.  1.000230E-10
       10300.  1.000230E-10
       10310.  1.000230E-10
       10320.  1.000230E-10
       10330.  1.000230E-10
       10340.   7.074860E-8
       10350.  1.000230E-10
       10360.   1.007120E-7
       10370.  1.000230E-10
       10380.  1.000230E-10
       10390.  1.000230E-10
       10400.  1.000230E-10
       10410.  1.000230E-10
       10420.   2.085940E-8
       10430.  1.000230E-10
       10440.  1.000230E-10
       10450.  1.000230E-10
       10460.  1.000230E-10
       10470.  1.000230E-10
       10480.  1.000230E-10
       10490.  1.000230E-10
       10500.  1.000230E-10
       10510.   3.459480E-7
       10520.  1.000230E-10
       10530.  1.000230E-10
       10540.  1.000230E-10
       10550.  1.000230E-10
       10560.  1.000230E-10
       10570.   1.811020E-8
       10580.  1.000230E-10
       10590.  1.000230E-10
       10600.  1.000230E-10
       10610.  1.000230E-10
       10620.  1.000230E-10
       10630.  1.000230E-10
       10640.  1.000230E-10
       10650.  1.000230E-10
       10660.   4.338270E-8
       10670.  1.000230E-10
       10680.  1.000230E-10
       10690.  1.000230E-10
       10700.  1.000230E-10
       10710.  1.000230E-10
       10720.  1.000230E-10
       10730.  1.000230E-10
       10740.  1.000230E-10
       10750.  1.000230E-10
       10760.  1.000230E-10
       10770.  1.000230E-10
       10780.  1.000230E-10
       10790.  1.000230E-10
       10800.  1.000230E-10
       10810.  1.000230E-10
       10820.  1.000230E-10
       10830.  1.000230E-10
       10840.  1.000230E-10
       10850.  1.000230E-10
       10860.  1.000230E-10
       10870.  1.000230E-10
       10880.  1.000230E-10
       10890.  1.000230E-10
       10900.  1.000230E-10
       10910.  1.000230E-10
       10920.  1.000230E-10
       10930.  1.000230E-10
       10940.  1.000230E-10
       10950.  1.000230E-10
       10960.   9.676090E-8
       10970.  1.000230E-10
       10980.  1.000230E-10
       10990.  1.000230E-10
       11000.  1.000230E-10
       11001.            0.
       11002.            0.
