        1938.            0.
        1939.            0.
        1940.   1.404310E-6
        1950.   1.414260E-6
        1960.   1.233110E-6
        1970.   1.203140E-6
        1980.   1.071810E-6
        1990.   1.094960E-6
        2000.   9.667920E-7
        2010.   8.658810E-7
        2020.   8.559490E-7
        2030.   7.694490E-7
        2040.   7.035470E-7
        2050.   6.431060E-7
        2060.   6.012390E-7
        2070.   5.283290E-7
        2080.   4.838950E-7
        2090.   4.362480E-7
        2100.   3.963700E-7
        2110.   3.559150E-7
        2120.   3.294170E-7
        2130.   2.952970E-7
        2140.   2.879560E-7
        2150.   2.547470E-7
        2160.   2.283150E-7
        2170.   2.144530E-7
        2180.   2.026110E-7
        2190.   2.077370E-7
        2200.   1.699050E-7
        2210.   1.592140E-7
        2220.   1.666140E-7
        2230.   1.675990E-7
        2240.   1.601400E-7
        2250.   1.480520E-7
        2260.   1.399310E-7
        2270.   1.662720E-7
        2280.   1.652300E-7
        2290.   1.646080E-7
        2300.   1.483360E-7
        2310.   1.818550E-7
        2320.   1.942700E-7
        2330.   1.904870E-7
        2340.   2.063680E-7
        2350.   2.197220E-7
        2360.   2.327560E-7
        2370.   2.414310E-7
        2380.   2.564120E-7
        2390.   2.628110E-7
        2400.   2.941740E-7
        2410.   2.934700E-7
        2420.   3.390170E-7
        2430.   3.358440E-7
        2440.   3.561830E-7
        2450.   3.857050E-7
        2460.   4.020970E-7
        2470.   4.181540E-7
        2480.   4.193420E-7
        2490.   4.784740E-7
        2500.   4.908800E-7
        2510.   5.073140E-7
        2520.   5.467470E-7
        2530.   5.540740E-7
        2540.   5.978470E-7
        2550.   6.456780E-7
        2560.   6.424050E-7
        2570.   6.887650E-7
        2580.   7.061380E-7
        2590.   7.569050E-7
        2600.   7.623830E-7
        2610.   8.153690E-7
        2620.   8.667120E-7
        2630.   8.840480E-7
        2640.   9.320770E-7
        2650.   9.758750E-7
        2660.   1.044140E-6
        2670.   1.104950E-6
        2680.   1.148470E-6
        2690.   1.199500E-6
        2700.   1.246130E-6
        2710.   1.312540E-6
        2720.   1.373870E-6
        2730.   1.435690E-6
        2740.   1.554880E-6
        2750.   1.604630E-6
        2760.   1.646500E-6
        2770.   1.731950E-6
        2780.   1.802450E-6
        2790.   1.885300E-6
        2800.   1.914240E-6
        2810.   2.022160E-6
        2820.   2.032380E-6
        2830.   2.143520E-6
        2840.   2.144740E-6
        2850.   2.159130E-6
        2860.   2.225540E-6
        2870.   2.235360E-6
        2880.   2.260680E-6
        2890.   2.209010E-6
        2900.   2.210760E-6
        2910.   2.179340E-6
        2920.   2.138140E-6
        2930.   2.057650E-6
        2940.   2.057900E-6
        2950.   2.004970E-6
        2960.   1.942680E-6
        2970.   1.837270E-6
        2980.   1.771520E-6
        2990.   1.722720E-6
        3000.   1.632480E-6
        3010.   1.527510E-6
        3020.   1.470530E-6
        3030.   1.424460E-6
        3040.   1.289330E-6
        3050.   1.211430E-6
        3060.   1.190470E-6
        3070.   1.087170E-6
        3080.   1.015550E-6
        3090.   9.265190E-7
        3100.   8.653760E-7
        3110.   8.270390E-7
        3120.   7.777370E-7
        3130.   7.321280E-7
        3140.   6.487300E-7
        3150.   6.219090E-7
        3160.   5.665410E-7
        3170.   5.354520E-7
        3180.   4.938810E-7
        3190.   4.691260E-7
        3200.   4.241820E-7
        3210.   3.961410E-7
        3220.   3.706580E-7
        3230.   3.250700E-7
        3240.   3.276200E-7
        3250.   3.235950E-7
        3260.   3.052600E-7
        3270.   2.716140E-7
        3280.   2.813710E-7
        3290.   2.696010E-7
        3300.   2.508280E-7
        3310.   2.200720E-7
        3320.   2.216280E-7
        3330.   2.277260E-7
        3340.   2.310910E-7
        3350.   2.031300E-7
        3360.   2.037820E-7
        3370.   2.137240E-7
        3380.   2.319520E-7
        3390.   1.963880E-7
        3400.   1.974590E-7
        3410.   2.394540E-7
        3420.   2.094470E-7
        3430.   2.235670E-7
        3440.   2.533340E-7
        3450.   2.328140E-7
        3460.   2.326830E-7
        3470.   2.310740E-7
        3480.   2.254240E-7
        3490.   2.330370E-7
        3500.   2.322210E-7
        3510.   2.421760E-7
        3520.   2.250890E-7
        3530.   2.164610E-7
        3540.   2.995740E-7
        3550.   2.306500E-7
        3560.   2.878740E-7
        3570.   2.501070E-7
        3580.   2.804320E-7
        3590.   2.832660E-7
        3600.   3.052560E-7
        3610.   3.155790E-7
        3620.   3.040940E-7
        3630.   3.533630E-7
        3640.   3.205050E-7
        3650.   3.349890E-7
        3660.   3.629190E-7
        3670.   3.658080E-7
        3680.   3.675510E-7
        3690.   4.064290E-7
        3700.   4.390600E-7
        3710.   5.200500E-7
        3720.   5.652900E-7
        3730.   6.716160E-7
        3740.   7.640500E-7
        3750.   9.039200E-7
        3760.   9.856170E-7
        3770.   1.152870E-6
        3780.   1.292740E-6
        3790.   1.615260E-6
        3800.   2.158140E-6
        3810.   3.046890E-6
        3850.   1.000000E-5
        3860.   1.800000E-5
        3870.   5.000000E-5
        3880.   8.900000E-5
        3890.   1.930000E-4
        3900.   3.710000E-4
        3910.   8.230000E-4
        3920.      0.001823
        3930.      0.004103
        3940.      0.009218
        3950.      0.020173
        3960.      0.042199
        3970.      0.082471
        3980.      0.146168
        3990.       0.22665
        4000.      0.313421
        4010.      0.398441
        4020.      0.470405
        4030.      0.526932
        4040.      0.569557
        4050.      0.601021
        4060.      0.623582
        4070.      0.640786
        4080.      0.654267
        4090.      0.664474
        4100.      0.673892
        4110.      0.680696
        4120.      0.686798
        4130.       0.69368
        4140.      0.699546
        4150.      0.707168
        4160.      0.715073
        4170.      0.724025
        4180.       0.73418
        4190.      0.743543
        4200.      0.752722
        4210.      0.760906
        4220.      0.767573
        4230.      0.772466
        4240.      0.774588
        4250.      0.775081
        4260.      0.773957
        4270.      0.772503
        4280.      0.770709
        4290.      0.771159
        4300.       0.77325
        4310.      0.777668
        4320.       0.78422
        4330.       0.79188
        4340.      0.800543
        4350.      0.808276
        4360.      0.814287
        4370.      0.818642
        4380.        0.8202
        4390.      0.820508
        4400.      0.819208
        4410.      0.817687
        4420.      0.817624
        4430.      0.818863
        4440.      0.822038
        4450.      0.827278
        4460.      0.834361
        4470.       0.84216
        4480.      0.850651
        4490.      0.858604
        4500.       0.86514
        4510.       0.87067
        4520.      0.873672
        4530.      0.876095
        4540.       0.87774
        4550.      0.878624
        4560.      0.880157
        4570.      0.880833
        4580.      0.881452
        4590.      0.881962
        4600.      0.881432
        4610.      0.880742
        4620.      0.877901
        4630.      0.874724
        4640.      0.870648
        4650.      0.866574
        4660.      0.862507
        4670.      0.859365
        4680.      0.857807
        4690.      0.857175
        4700.      0.859079
        4710.      0.862517
        4720.      0.866899
        4730.      0.873095
        4740.      0.878538
        4750.      0.884283
        4760.      0.889834
        4770.      0.893965
        4780.      0.897826
        4790.      0.899415
        4800.      0.901616
        4810.      0.902787
        4820.      0.903544
        4830.      0.905562
        4840.      0.906756
        4850.      0.909018
        4860.      0.911402
        4870.      0.913496
        4880.      0.914827
        4890.      0.915221
        4900.      0.914575
        4910.      0.912208
        4920.      0.908847
        4930.      0.904033
        4940.      0.898556
        4950.      0.892474
        4960.      0.885882
        4970.      0.880594
        4980.      0.875328
        4990.      0.871045
        5000.      0.868767
        5010.       0.86634
        5020.      0.866147
        5030.      0.866972
        5040.      0.867241
        5050.      0.868716
        5060.      0.870896
        5070.      0.872156
        5080.      0.874057
        5090.      0.875166
        5100.        0.8761
        5110.      0.876902
        5120.      0.877355
        5130.      0.877317
        5140.      0.877741
        5150.      0.877143
        5160.        0.8758
        5170.      0.875353
        5180.      0.875211
        5190.       0.87362
        5200.      0.873318
        5210.      0.874137
        5220.       0.87434
        5230.      0.874936
        5240.      0.877318
        5250.      0.879112
        5260.      0.879796
        5270.      0.881352
        5280.      0.880656
        5290.      0.877825
        5300.      0.874445
        5310.      0.867109
        5320.      0.858329
        5330.      0.849125
        5340.      0.839114
        5350.      0.828583
        5360.       0.82114
        5370.      0.815831
        5380.      0.811328
        5390.      0.809035
        5400.      0.808603
        5410.      0.806593
        5420.      0.804252
        5430.      0.799938
        5440.      0.794109
        5450.        0.7879
        5460.      0.782514
        5470.      0.773535
        5480.      0.749835
        5490.      0.689727
        5500.      0.576665
        5510.         0.422
        5520.      0.269595
        5530.       0.15924
        5540.      0.088011
        5550.      0.048401
        5560.      0.027348
        5570.      0.015857
        5580.      0.009504
        5590.      0.005835
        5600.      0.003663
        5610.      0.002363
        5620.      0.001579
        5630.      0.001056
        5640.   7.220000E-4
        5650.   5.280000E-4
        5660.   3.470000E-4
        5670.   2.460000E-4
        5680.   1.870000E-4
        5690.   1.200000E-4
        5700.   9.900000E-5
        5710.   8.400000E-5
        5720.   5.500000E-5
        5730.   5.100000E-5
        5740.   3.800000E-5
        5750.   2.600000E-5
        5760.   2.236650E-5
        5770.   1.758900E-5
        5780.   1.371630E-5
        5790.   1.108210E-5
        5800.   8.904690E-6
        5810.   7.164800E-6
        5820.   5.891440E-6
        5830.   4.778760E-6
        5840.   3.905780E-6
        5850.   3.246860E-6
        5860.   2.703100E-6
        5870.   2.297550E-6
        5880.   1.945470E-6
        5890.   1.627630E-6
        5900.   1.360180E-6
        5910.   1.160750E-6
        5920.   9.882160E-7
        5930.   8.760480E-7
        5940.   7.116740E-7
        5950.   6.300280E-7
        5960.   5.528090E-7
        5970.   4.894430E-7
        5980.   4.103500E-7
        5990.   3.631370E-7
        6000.   3.175890E-7
        6010.   2.744200E-7
        6020.   2.449380E-7
        6030.   2.406660E-7
        6040.   1.881220E-7
        6050.   1.706220E-7
        6060.   1.761610E-7
        6070.   1.238660E-7
        6080.   1.197080E-7
        6090.   1.214590E-7
        6100.   9.379400E-8
        6110.   5.453960E-8
        6120.   9.413970E-8
        6130.   6.930840E-8
        6140.   5.061490E-8
        6150.   3.280830E-8
        6160.   8.466830E-8
        6170.   5.367050E-8
        6180.   5.918930E-8
        6190.   2.155350E-8
        6200.   7.798440E-8
        6210.   2.934670E-8
        6220.   5.636750E-8
        6230.   3.432850E-8
        6240.   2.902500E-8
        6250.   4.283040E-8
        6260.   4.816360E-8
        6270.   4.466310E-8
        6280.   2.433940E-8
        6290.   5.621330E-8
        6300.   5.967370E-8
        6310.   3.260350E-8
        6320.   4.015390E-8
        6330.   6.435630E-8
        6340.   2.732920E-8
        6350.   5.846290E-9
        6360.   2.526190E-8
        6370.   2.554910E-8
        6380.   4.755970E-9
        6390.   4.832890E-8
        6400.   5.139610E-9
        6410.   1.854740E-8
        6420.   6.026510E-9
        6430.   2.698390E-8
        6440.   2.501380E-8
        6450.   1.127420E-8
        6460.  1.000230E-10
        6470.   1.520690E-8
        6480.   9.850080E-9
        6490.   2.489160E-8
        6500.   2.537570E-8
        6510.   1.776370E-8
        6520.   2.631050E-8
        6530.   3.538960E-8
        6540.   3.251750E-8
        6550.   2.164840E-8
        6560.   1.030310E-8
        6570.   3.336360E-9
        6580.  1.000230E-10
        6590.  1.000230E-10
        6600.   2.598870E-8
        6610.   1.736960E-8
        6620.  1.000230E-10
        6630.   4.947610E-9
        6640.   5.870460E-8
        6650.   9.573520E-9
        6660.  1.000230E-10
        6670.   1.876800E-8
        6680.  1.000230E-10
        6690.   3.567270E-8
        6700.  1.000230E-10
        6710.   4.004350E-8
        6720.  1.000230E-10
        6730.   2.524860E-8
        6740.  1.000230E-10
        6750.   2.257410E-8
        6760.  1.000230E-10
        6770.  1.000230E-10
        6780.   9.854970E-9
        6790.  1.000230E-10
        6800.   3.252790E-9
        6810.   1.954120E-8
        6820.   2.345000E-8
        6830.  1.000230E-10
        6840.   2.332560E-8
        6850.   4.661520E-9
        6860.   5.568090E-9
        6870.   5.562530E-9
        6880.   3.081550E-9
        6890.  1.000230E-10
        6900.   2.170270E-8
        6910.   3.218900E-8
        6920.   2.702290E-8
        6930.   2.024380E-8
        6940.  1.000230E-10
        6950.  1.000230E-10
        6960.   1.977010E-8
        6970.   2.004580E-8
        6980.   2.975600E-8
        6990.   2.661840E-8
        7000.   1.100430E-8
        7010.   1.424350E-8
        7020.   2.717900E-8
        7030.   2.707180E-8
        7040.   4.745620E-8
        7050.   6.403180E-8
        7060.   3.182420E-8
        7070.   3.999340E-8
        7080.   2.926320E-8
        7090.   3.692770E-8
        7100.   5.020150E-8
        7110.   5.673160E-8
        7120.   2.134520E-8
        7130.   3.479590E-8
        7140.   2.798710E-8
        7150.   3.175810E-8
        7160.   4.520790E-8
        7170.   3.713820E-8
        7180.   4.080800E-8
        7190.   5.053710E-8
        7200.   4.129030E-8
        7210.   4.939780E-8
        7220.   6.044420E-8
        7230.   3.435290E-8
        7240.   1.069770E-7
        7250.   1.143250E-7
        7260.   1.492430E-7
        7270.   2.229020E-7
        7280.   3.918760E-7
        7290.   7.635600E-7
        7300.   1.270550E-6
        7310.   1.664680E-6
        7320.   1.991610E-6
        7330.   2.034090E-6
        7340.   1.758500E-6
        7350.   1.279610E-6
        7360.   8.733840E-7
        7370.   4.640040E-7
        7380.   2.896000E-7
        7390.   1.781390E-7
        7400.   1.444400E-7
        7410.   1.205270E-7
        7420.   8.598760E-8
        7430.   8.700740E-8
        7440.   9.265120E-8
        7450.   5.741800E-8
        7460.   5.536440E-8
        7470.   5.504270E-8
        7480.   5.282460E-8
        7490.   6.462360E-8
        7500.   3.143500E-8
        7510.   7.783230E-8
        7520.   8.146130E-8
        7530.   4.726090E-8
        7540.   7.866560E-8
        7550.   9.762990E-8
        7560.   1.106060E-7
        7570.   1.351070E-7
        7580.   1.880320E-7
        7590.   2.008200E-7
        7600.   2.887540E-7
        7610.   3.462840E-7
        7620.   4.743530E-7
        7630.   4.847700E-7
        7640.   5.106380E-7
        7650.   5.184500E-7
        7660.   4.500210E-7
        7670.   3.771920E-7
        7680.   2.923880E-7
        7690.   2.192160E-7
        7700.   1.726100E-7
        7710.   1.026900E-7
        7720.   1.212030E-7
        7730.   9.254690E-8
        7740.   7.513030E-8
        7750.   8.957150E-8
        7760.   1.214590E-7
        7770.   7.984990E-8
        7780.   8.673870E-8
        7790.   9.760090E-8
        7800.   5.138150E-8
        7810.   6.195940E-8
        7820.   6.502480E-8
        7830.   6.300710E-8
        7840.   9.742160E-8
        7850.   1.244770E-7
        7860.   6.845470E-8
        7870.   9.122540E-8
        7880.   9.566300E-8
        7890.   5.470120E-8
        7900.   8.183190E-8
        7910.   8.210560E-8
        7920.   6.240320E-8
        7930.   1.181360E-7
        7940.   1.410590E-7
        7950.   7.709300E-8
        7960.   1.174350E-7
        7970.   1.167630E-7
        7980.   1.410950E-7
        7990.   1.144680E-7
        8000.   9.668500E-8
        8010.   9.561100E-8
        8020.   8.358630E-8
        8030.   5.531700E-8
        8040.   5.122530E-8
        8050.   8.722660E-8
        8060.   5.807080E-8
        8070.   4.238690E-8
        8080.   4.951450E-8
        8090.   9.579570E-8
        8100.   8.034000E-8
        8110.   5.789770E-8
        8120.   5.248510E-8
        8130.   5.679180E-8
        8140.   9.305440E-8
        8150.   7.812500E-8
        8160.   3.110870E-8
        8170.   9.398300E-8
        8180.   8.758470E-8
        8190.   6.957540E-8
        8200.   6.378840E-8
        8210.   8.498470E-8
        8220.   4.061200E-8
        8230.   1.275270E-7
        8240.   9.068350E-8
        8250.   9.089710E-8
        8260.   5.329900E-8
        8270.   7.052570E-8
        8280.   5.187330E-8
        8290.   8.927890E-8
        8300.   7.862000E-8
        8310.   4.795660E-8
        8320.   3.500650E-8
        8330.   8.949610E-8
        8340.   8.255680E-8
        8350.   4.788640E-8
        8360.   8.234170E-8
        8370.   5.054510E-8
        8380.   5.020690E-8
        8390.   7.723730E-8
        8400.   5.901010E-8
        8410.   1.289700E-7
        8420.   1.016370E-7
        8430.   9.289940E-8
        8440.   3.824560E-8
        8450.   9.232520E-8
        8460.   9.478880E-8
        8470.   7.844880E-8
        8480.   5.938700E-8
        8490.   9.962290E-8
        8500.   5.741600E-8
        8510.   3.849000E-8
        8520.   8.017890E-9
        8530.   1.658350E-8
        8540.   1.079040E-8
        8550.   7.931840E-8
        8560.   7.278070E-8
        8570.   6.495940E-8
        8580.   6.258150E-8
        8590.   8.080270E-8
        8600.   1.199750E-7
        8610.   4.371960E-8
        8620.   4.440650E-8
        8630.  1.000230E-10
        8640.   6.313470E-8
        8650.   1.395040E-8
        8660.  1.000230E-10
        8670.   1.246430E-7
        8680.   6.031440E-8
        8690.   1.370980E-7
        8700.   1.162540E-7
        8710.   5.816850E-8
        8720.   1.223710E-7
        8730.   6.458300E-8
        8740.   1.162610E-7
        8750.  1.000230E-10
        8760.   6.883830E-8
        8770.   2.861210E-8
        8780.   1.946920E-7
        8790.   9.797570E-9
        8800.   2.413140E-7
        8810.   2.622170E-7
        8820.  1.000230E-10
        8830.   2.939990E-7
        8840.   7.479540E-9
        8850.  1.000230E-10
        8860.  1.000230E-10
        8870.  1.000230E-10
        8880.   6.501140E-8
        8890.   6.862000E-9
        8900.  1.000230E-10
        8910.   3.034600E-8
        8920.  1.000230E-10
        8930.  1.000230E-10
        8940.   4.542450E-8
        8950.  1.000230E-10
        8960.  1.000230E-10
        8970.  1.000230E-10
        8980.  1.000230E-10
        8990.  1.000230E-10
        9000.   4.924860E-6
        9010.   3.791060E-6
        9020.   3.056150E-6
        9030.   4.354910E-6
        9040.   4.943200E-6
        9050.   1.994510E-6
        9060.   3.945440E-6
        9070.   2.835190E-6
        9080.   4.371560E-6
        9090.   2.706340E-6
        9100.   2.175180E-6
        9110.   3.929190E-6
        9120.   2.727550E-6
        9130.   3.315840E-6
        9140.   2.055380E-6
        9150.   1.678730E-6
        9160.   3.654540E-6
        9170.   2.730270E-6
        9180.   3.769280E-6
        9190.   3.510540E-6
        9200.   3.692840E-6
        9210.   2.968400E-6
        9220.   2.533510E-6
        9230.   2.392200E-6
        9240.   2.436470E-6
        9250.   2.116890E-6
        9260.   2.758540E-6
        9270.   2.964240E-6
        9280.   1.424280E-6
        9290.   1.850090E-6
        9300.   2.087540E-6
        9310.   3.125620E-6
        9320.   2.023460E-6
        9330.   9.414710E-7
        9340.   2.004090E-6
        9350.   1.781930E-6
        9360.   2.491080E-6
        9370.   9.340630E-7
        9380.   1.567200E-6
        9390.   1.409120E-6
        9400.   2.369410E-6
        9410.   1.122320E-6
        9420.   1.997700E-6
        9430.   2.050140E-6
        9440.   1.133720E-6
        9450.   2.584360E-6
        9460.   1.722070E-6
        9470.   8.635450E-7
        9480.   1.046120E-6
        9490.   2.232480E-6
        9500.   1.610670E-6
        9510.   1.433140E-6
        9520.   2.145850E-6
        9530.   1.138310E-6
        9540.   1.082630E-6
        9550.   1.003720E-6
        9560.   1.203830E-6
        9570.   1.392890E-6
        9580.   1.187340E-6
        9590.   1.732200E-6
        9600.   1.411710E-6
        9610.   6.630310E-7
        9620.   2.055650E-6
        9630.   2.229040E-6
        9640.   8.864210E-7
        9650.   1.025790E-6
        9660.   1.174300E-6
        9670.   1.202880E-6
        9680.   1.031700E-6
        9690.   1.139770E-6
        9700.   1.445550E-6
        9710.   1.872090E-6
        9720.   1.087720E-6
        9730.   1.508090E-6
        9740.   8.323750E-7
        9750.   1.966110E-6
        9760.   1.426320E-6
        9770.   1.200440E-6
        9780.   1.365680E-6
        9790.   7.788170E-7
        9800.   1.493480E-6
        9810.   3.398260E-7
        9820.   1.376880E-6
        9830.   1.663230E-6
        9840.   1.289120E-6
        9850.   9.054410E-7
        9860.   9.110910E-7
        9870.   1.316160E-6
        9880.   6.025080E-7
        9890.   5.209360E-7
        9900.   1.001210E-6
        9910.   1.027030E-6
        9920.   7.759450E-7
        9930.   4.793280E-7
        9940.   1.207510E-6
        9950.   1.068450E-6
        9960.   1.036670E-6
        9970.   1.164220E-6
        9980.   1.983680E-8
        9990.   1.178940E-6
       10000.   6.933620E-7
       10010.   1.044110E-6
       10020.   1.116230E-6
       10030.   4.682680E-7
       10040.   1.255350E-6
       10050.   1.034100E-6
       10060.   9.147490E-7
       10070.   8.418910E-7
       10080.   6.524290E-7
       10090.   8.626940E-7
       10100.   1.033800E-6
       10110.   9.600481E-7
       10120.   8.028610E-7
       10130.   5.076730E-7
       10140.   6.997500E-7
       10150.   7.678920E-7
       10160.   1.195230E-6
       10170.   9.351490E-7
       10180.   8.464470E-7
       10190.   3.730580E-7
       10200.   8.822240E-7
       10210.   1.478140E-6
       10220.   9.622880E-7
       10230.   1.164650E-6
       10240.   1.120500E-6
       10250.   9.586590E-7
       10260.   1.220240E-6
       10270.   7.508520E-7
       10280.   1.013150E-6
       10290.   1.122590E-6
       10300.   1.172920E-6
       10310.   1.118710E-6
       10320.   8.001260E-7
       10330.   9.512740E-7
       10340.   1.607470E-6
       10350.   1.253780E-6
       10360.   1.128300E-6
       10370.   1.017200E-6
       10380.   1.285060E-6
       10390.   1.021400E-6
       10400.   1.240620E-6
       10410.   1.302630E-6
       10420.   1.130990E-6
       10430.   1.396700E-6
       10440.   1.366370E-6
       10450.   1.452960E-6
       10460.   1.566520E-6
       10470.   1.386510E-6
       10480.   1.076590E-6
       10490.   1.241260E-6
       10500.   1.596160E-6
       10510.   1.468970E-6
       10520.   1.078210E-6
       10530.   1.611360E-6
       10540.   1.699970E-6
       10550.   1.657660E-6
       10560.   1.218620E-6
       10570.   1.649990E-6
       10580.   1.647840E-6
       10590.   1.915760E-6
       10600.   1.664190E-6
       10610.   1.659800E-6
       10620.   1.515480E-6
       10630.   1.708420E-6
       10640.   1.742720E-6
       10650.   1.698760E-6
       10660.   1.729120E-6
       10670.   1.954200E-6
       10680.   1.822720E-6
       10690.   2.230710E-6
       10700.   1.747580E-6
       10710.   1.948020E-6
       10720.   2.316410E-6
       10730.   1.973780E-6
       10740.   2.302130E-6
       10750.   2.352470E-6
       10760.   2.075600E-6
       10770.   2.268360E-6
       10780.   2.494590E-6
       10790.   2.237240E-6
       10800.   2.757850E-6
       10810.   2.626150E-6
       10820.   2.493690E-6
       10830.   2.282370E-6
       10840.   2.743160E-6
       10850.   2.792230E-6
       10860.   2.931590E-6
       10870.   3.162930E-6
       10880.   2.928700E-6
       10890.   2.998560E-6
       10900.   3.104050E-6
       10910.   3.553200E-6
       10920.   3.178430E-6
       10930.   3.589400E-6
       10940.   3.503250E-6
       10950.   3.722010E-6
       10960.   3.854360E-6
       10970.   4.110520E-6
       10980.   3.858060E-6
       10990.   4.633890E-6
       11000.   3.938340E-6
       11001.            0.
       11002.            0.
