# WaveAns.  Transmission
 2000.00    0.00000
 2010.00    0.00000
 2020.00    0.00000
 2030.00    0.00000
 2040.00    0.00000
 2050.00    0.00000
 2060.00    0.00000
 2070.00    0.00000
 2080.00    0.00000
 2090.00    0.00000
 2100.00    0.00000
 2110.00    0.00000
 2120.00    0.00000
 2130.00    0.00000
 2140.00    0.00000
 2150.00    0.00000
 2160.00    0.00000
 2170.00    0.00000
 2180.00    0.00000
 2190.00    0.00000
 2200.00    0.00000
 2210.00    0.00000
 2220.00    0.00000
 2230.00    0.00000
 2240.00    0.00000
 2250.00    0.00000
 2260.00    0.00000
 2270.00    0.00000
 2280.00    0.00000
 2290.00    0.00000
 2300.00    0.00000
 2310.00    0.00000
 2320.00    0.00000
 2330.00    0.00000
 2340.00    0.00000
 2350.00    0.00000
 2360.00    0.00000
 2370.00    0.00000
 2380.00    0.00000
 2390.00    0.00000
 2400.00    0.00000
 2410.00    0.00000
 2420.00    0.00000
 2430.00    0.00000
 2440.00    0.00000
 2450.00    0.00000
 2460.00    0.00000
 2470.00    0.00000
 2480.00    0.00000
 2490.00    0.00000
 2500.00    0.00000
 2510.00    0.00000
 2520.00    0.00000
 2530.00    0.00000
 2540.00    0.00000
 2550.00    0.00000
 2560.00    0.00000
 2570.00    0.00000
 2580.00    0.00000
 2590.00    0.00000
 2600.00    0.00000
 2610.00    0.00000
 2620.00    0.00000
 2630.00    0.00000
 2640.00    0.00000
 2650.00    0.00000
 2660.00    0.00000
 2670.00    0.00000
 2680.00    0.00000
 2690.00    0.00000
 2700.00    0.00000
 2710.00    0.00000
 2720.00    0.00000
 2730.00    0.00000
 2740.00    0.00000
 2750.00    0.00000
 2760.00    0.00000
 2770.00    0.00000
 2780.00    0.00000
 2790.00    0.00000
 2800.00    0.00000
 2810.00    0.00000
 2820.00    0.00000
 2830.00    0.00000
 2840.00    0.00000
 2850.00    0.00000
 2860.00    0.00000
 2870.00    0.00000
 2880.00    0.00000
 2890.00    0.00000
 2900.00    0.00000
 2910.00    0.00000
 2920.00    0.00000
 2930.00    0.00000
 2940.00    0.00000
 2950.00    0.00000
 2960.00    0.00000
 2970.00    0.00000
 2980.00    0.00000
 2990.00    0.00000
 3000.00    0.00000
 3010.00    0.00000
 3020.00    0.00000
 3030.00    0.00000
 3040.00    0.00000
 3050.00    0.00000
 3060.00    0.00000
 3070.00    0.00000
 3080.00    0.00000
 3090.00    0.00000
 3100.00    0.00000
 3110.00    0.00000
 3120.00    0.00000
 3130.00    0.00000
 3140.00    0.00000
 3150.00    0.00000
 3160.00    0.00000
 3170.00    0.00000
 3180.00    0.00000
 3190.00    0.00000
 3200.00    0.00000
 3210.00    0.00000
 3220.00    0.00000
 3230.00    0.00000
 3240.00    0.00000
 3250.00    0.00000
 3260.00    0.00000
 3270.00    0.00000
 3280.00    0.00000
 3290.00    0.00000
 3300.00    0.00000
 3310.00    0.00000
 3320.00    0.00000
 3330.00    0.00000
 3340.00    0.00000
 3350.00    0.00000
 3360.00    0.00000
 3370.00    0.00000
 3380.00    0.00000
 3390.00    0.00000
 3400.00    0.00000
 3410.00    0.00000
 3420.00    0.00000
 3430.00    0.00000
 3440.00    0.00000
 3450.00    0.00000
 3460.00    0.00000
 3470.00    0.00000
 3480.00    0.00000
 3490.00    0.00000
 3500.00    0.00000
 3510.00    0.00000
 3520.00    0.00000
 3530.00    0.00000
 3540.00    0.00000
 3550.00    0.00000
 3560.00    0.00000
 3570.00    0.00000
 3580.00    0.00000
 3590.00    0.00000
 3600.00    0.00000
 3610.00    0.00000
 3620.00    0.00000
 3630.00    0.00000
 3640.00    0.00000
 3650.00    0.00000
 3660.00    0.00000
 3670.00    0.00000
 3680.00    0.00000
 3690.00    0.00000
 3700.00    0.00000
 3710.00    0.00000
 3720.00    0.00000
 3730.00    0.00000
 3740.00    0.00000
 3750.00    0.00000
 3760.00    0.00000
 3770.00    0.00000
 3780.00    0.00000
 3790.00    0.00000
 3800.00    0.00000
 3810.00    0.00000
 3820.00    0.00000
 3830.00    0.00000
 3840.00    0.00000
 3850.00    0.00000
 3860.00    0.00000
 3870.00    0.00000
 3880.00    0.00000
 3890.00    0.00000
 3900.00    0.00000
 3910.00    0.00000
 3920.00    0.00000
 3930.00    0.00000
 3940.00    0.00000
 3950.00    0.00000
 3960.00    0.00000
 3970.00    0.00000
 3980.00    0.00000
 3990.00    0.00000
 4000.00    0.00000
 4010.00    0.00000
 4020.00    0.00000
 4030.00    0.00000
 4040.00    0.00000
 4050.00    0.00000
 4060.00    0.00000
 4070.00    0.00000
 4080.00    0.00000
 4090.00    0.00000
 4100.00    0.00000
 4110.00    0.00000
 4120.00    0.00000
 4130.00    0.00000
 4140.00    0.00000
 4150.00    0.00000
 4160.00    0.00000
 4170.00    0.00000
 4180.00    0.00000
 4190.00    0.00000
 4200.00    0.00000
 4210.00    0.00000
 4220.00    0.00000
 4230.00    0.00000
 4240.00    0.00000
 4250.00    0.00000
 4260.00    0.00000
 4270.00    0.00000
 4280.00    0.00000
 4290.00    0.00000
 4300.00    0.00000
 4310.00    0.00000
 4320.00    0.00000
 4330.00    0.00000
 4340.00    0.00000
 4350.00    0.00000
 4360.00    0.00000
 4370.00    0.00000
 4380.00    0.00000
 4390.00    0.00000
 4400.00    0.00000
 4410.00    0.00000
 4420.00    0.00000
 4430.00    0.00000
 4440.00    0.00000
 4450.00    0.00000
 4460.00    0.00000
 4470.00    0.00000
 4480.00    0.00000
 4490.00    0.00000
 4500.00    0.00000
 4510.00    0.00000
 4520.00    0.00000
 4530.00    0.00000
 4540.00    0.00000
 4550.00    0.00000
 4560.00    0.00000
 4570.00    0.00000
 4580.00    0.00000
 4590.00    0.00000
 4600.00    0.00000
 4610.00    0.00000
 4620.00    0.00000
 4630.00    0.00000
 4640.00    0.00000
 4650.00    0.00000
 4660.00    0.00000
 4670.00    0.00000
 4680.00    0.00000
 4690.00    0.00000
 4700.00    0.00000
 4710.00    0.00000
 4720.00    0.00000
 4730.00    0.00000
 4740.00    0.00000
 4750.00    0.00000
 4760.00    0.00000
 4770.00    0.00000
 4780.00    0.00000
 4790.00    0.00000
 4800.00    0.00000
 4810.00    0.00000
 4820.00    0.00000
 4830.00    0.00000
 4840.00    0.00000
 4850.00    0.00000
 4860.00    0.00000
 4870.00    0.00000
 4880.00    0.00000
 4890.00    0.00000
 4900.00    0.00000
 4910.00    0.00000
 4920.00    0.00000
 4930.00    0.00000
 4940.00    0.00000
 4950.00    0.00000
 4960.00    0.00000
 4970.00    0.00000
 4980.00    0.00000
 4990.00    0.00000
 5000.00    0.00000
 5010.00    0.00000
 5020.00    0.00000
 5030.00    0.00000
 5040.00    0.00000
 5050.00    0.00000
 5060.00    0.00000
 5070.00    0.00000
 5080.00    0.00000
 5090.00    0.00000
 5100.00    0.00000
 5110.00    0.00000
 5120.00    0.00000
 5130.00    0.00000
 5140.00    0.00000
 5150.00    0.00000
 5160.00    0.00000
 5170.00    0.00000
 5180.00    0.00000
 5190.00    0.00000
 5200.00    0.00000
 5210.00    0.00000
 5220.00    0.00000
 5230.00    0.00000
 5240.00    0.00000
 5250.00    0.00000
 5260.00    0.00000
 5270.00    0.00000
 5280.00    0.00000
 5290.00    0.00000
 5300.00    0.00000
 5310.00    0.00000
 5320.00    0.00000
 5330.00    0.00000
 5340.00    0.00000
 5350.00    0.00000
 5360.00    0.00000
 5370.00    0.00000
 5380.00    0.00000
 5390.00    0.00000
 5400.00    0.00000
 5410.00    0.00000
 5420.00    0.00000
 5430.00    0.00000
 5440.00    0.00000
 5450.00    0.00000
 5460.00    0.00000
 5470.00    0.00000
 5480.00    0.00000
 5490.00    0.00000
 5500.00    0.00000
 5510.00    0.00000
 5520.00    0.00000
 5530.00    0.00000
 5540.00    0.00000
 5550.00    0.00000
 5560.00    0.00000
 5570.00    0.00000
 5580.00    0.00000
 5590.00    0.00000
 5600.00    0.00000
 5610.00    0.00000
 5620.00    0.00000
 5630.00    0.00000
 5640.00    0.00000
 5650.00    0.00000
 5660.00    0.00000
 5670.00    0.00000
 5680.00    0.00000
 5690.00    0.00000
 5700.00    0.00000
 5710.00    0.00000
 5720.00    0.00000
 5730.00    0.00000
 5740.00    0.00000
 5750.00    0.00000
 5760.00    0.00000
 5770.00    0.00000
 5780.00    0.00000
 5790.00    0.00000
 5800.00    0.00000
 5810.00    0.00000
 5820.00    0.00000
 5830.00    0.00000
 5840.00    0.00000
 5850.00    0.00000
 5860.00    0.00000
 5870.00    0.00000
 5880.00    0.00000
 5890.00    0.00000
 5900.00    0.00000
 5910.00    0.00000
 5920.00    0.00000
 5930.00    0.00000
 5940.00    0.00000
 5950.00    0.00000
 5960.00    0.00000
 5970.00    0.00000
 5980.00    0.00000
 5990.00    0.00000
 6000.00    0.00000
 6010.00    0.00034
 6020.00    0.00068
 6030.00    0.00102
 6040.00    0.00136
 6050.00    0.00170
 6060.00    0.00205
 6070.00    0.00239
 6080.00    0.00274
 6090.00    0.00309
 6100.00    0.00344
 6110.00    0.03753
 6120.00    0.07177
 6130.00    0.10615
 6140.00    0.14066
 6150.00    0.17532
 6160.00    0.21011
 6170.00    0.24504
 6180.00    0.28012
 6190.00    0.31533
 6200.00    0.35068
 6210.00    0.35130
 6220.00    0.35191
 6230.00    0.35253
 6240.00    0.35314
 6250.00    0.35376
 6260.00    0.35438
 6270.00    0.35499
 6280.00    0.35561
 6290.00    0.35622
 6300.00    0.35684
 6310.00    0.35746
 6320.00    0.35807
 6330.00    0.35869
 6340.00    0.35930
 6350.00    0.35992
 6360.00    0.36054
 6370.00    0.36115
 6380.00    0.36177
 6390.00    0.36238
 6400.00    0.36300
 6410.00    0.36353
 6420.00    0.36406
 6430.00    0.36458
 6440.00    0.36511
 6450.00    0.36564
 6460.00    0.36617
 6470.00    0.36670
 6480.00    0.36722
 6490.00    0.36775
 6500.00    0.36828
 6510.00    0.36876
 6520.00    0.36925
 6530.00    0.36973
 6540.00    0.37022
 6550.00    0.37070
 6560.00    0.37118
 6570.00    0.37167
 6580.00    0.37215
 6590.00    0.37264
 6600.00    0.37312
 6610.00    0.37356
 6620.00    0.37400
 6630.00    0.37444
 6640.00    0.37488
 6650.00    0.37532
 6660.00    0.37576
 6670.00    0.37620
 6680.00    0.37664
 6690.00    0.37708
 6700.00    0.37752
 6710.00    0.37796
 6720.00    0.37840
 6730.00    0.37884
 6740.00    0.37928
 6750.00    0.37972
 6760.00    0.38016
 6770.00    0.38060
 6780.00    0.38104
 6790.00    0.38148
 6800.00    0.38192
 6810.00    0.38236
 6820.00    0.38280
 6830.00    0.38324
 6840.00    0.38368
 6850.00    0.38412
 6860.00    0.38456
 6870.00    0.38500
 6880.00    0.38544
 6890.00    0.38588
 6900.00    0.38632
 6910.00    0.38672
 6920.00    0.38711
 6930.00    0.38751
 6940.00    0.38790
 6950.00    0.38830
 6960.00    0.38870
 6970.00    0.38909
 6980.00    0.38949
 6990.00    0.38988
 7000.00    0.39028
 7010.00    0.39059
 7020.00    0.39090
 7030.00    0.39120
 7040.00    0.39151
 7050.00    0.39182
 7060.00    0.39213
 7070.00    0.39244
 7080.00    0.39274
 7090.00    0.39305
 7100.00    0.39336
 7110.00    0.39362
 7120.00    0.39389
 7130.00    0.39415
 7140.00    0.39442
 7150.00    0.39468
 7160.00    0.39494
 7170.00    0.39521
 7180.00    0.39547
 7190.00    0.39574
 7200.00    0.39600
 7210.00    0.39613
 7220.00    0.39626
 7230.00    0.39640
 7240.00    0.39653
 7250.00    0.39666
 7260.00    0.39679
 7270.00    0.39692
 7280.00    0.39706
 7290.00    0.39719
 7300.00    0.39732
 7310.00    0.39745
 7320.00    0.39758
 7330.00    0.39772
 7340.00    0.39785
 7350.00    0.39798
 7360.00    0.39811
 7370.00    0.39824
 7380.00    0.39838
 7390.00    0.39851
 7400.00    0.39864
 7410.00    0.39868
 7420.00    0.39873
 7430.00    0.39877
 7440.00    0.39882
 7450.00    0.39886
 7460.00    0.39890
 7470.00    0.39895
 7480.00    0.39899
 7490.00    0.39904
 7500.00    0.39908
 7510.00    0.39908
 7520.00    0.39908
 7530.00    0.39908
 7540.00    0.39908
 7550.00    0.39908
 7560.00    0.39908
 7570.00    0.39908
 7580.00    0.39908
 7590.00    0.39908
 7600.00    0.39908
 7610.00    0.39908
 7620.00    0.39908
 7630.00    0.39908
 7640.00    0.39908
 7650.00    0.39908
 7660.00    0.39908
 7670.00    0.39908
 7680.00    0.39908
 7690.00    0.39908
 7700.00    0.39908
 7710.00    0.39895
 7720.00    0.39882
 7730.00    0.39868
 7740.00    0.39855
 7750.00    0.39842
 7760.00    0.39829
 7770.00    0.39816
 7780.00    0.39802
 7790.00    0.39789
 7800.00    0.39776
 7810.00    0.39750
 7820.00    0.39723
 7830.00    0.39697
 7840.00    0.39670
 7850.00    0.39644
 7860.00    0.39618
 7870.00    0.39591
 7880.00    0.39565
 7890.00    0.39538
 7900.00    0.39512
 7910.00    0.39472
 7920.00    0.39433
 7930.00    0.39393
 7940.00    0.39354
 7950.00    0.39314
 7960.00    0.39274
 7970.00    0.39235
 7980.00    0.39195
 7990.00    0.39156
 8000.00    0.39116
 8010.00    0.39076
 8020.00    0.39037
 8030.00    0.38997
 8040.00    0.38958
 8050.00    0.38918
 8060.00    0.38878
 8070.00    0.38839
 8080.00    0.38799
 8090.00    0.38760
 8100.00    0.38720
 8110.00    0.38658
 8120.00    0.38597
 8130.00    0.38535
 8140.00    0.38474
 8150.00    0.38412
 8160.00    0.38350
 8170.00    0.38289
 8180.00    0.38227
 8190.00    0.38166
 8200.00    0.38104
 8210.00    0.38025
 8220.00    0.37946
 8230.00    0.37866
 8240.00    0.37787
 8250.00    0.37708
 8260.00    0.37629
 8270.00    0.37550
 8280.00    0.37470
 8290.00    0.37391
 8300.00    0.37312
 8310.00    0.37215
 8320.00    0.37118
 8330.00    0.37022
 8340.00    0.36925
 8350.00    0.36828
 8360.00    0.36731
 8370.00    0.36634
 8380.00    0.36538
 8390.00    0.36441
 8400.00    0.36344
 8410.00    0.36238
 8420.00    0.36133
 8430.00    0.36027
 8440.00    0.35922
 8450.00    0.35816
 8460.00    0.35710
 8470.00    0.35605
 8480.00    0.35499
 8490.00    0.35394
 8500.00    0.35288
 8510.00    0.35160
 8520.00    0.35033
 8530.00    0.34905
 8540.00    0.34778
 8550.00    0.34650
 8560.00    0.34522
 8570.00    0.34395
 8580.00    0.34267
 8590.00    0.34140
 8600.00    0.34012
 8610.00    0.33862
 8620.00    0.33713
 8630.00    0.33563
 8640.00    0.33414
 8650.00    0.33264
 8660.00    0.33114
 8670.00    0.32965
 8680.00    0.32815
 8690.00    0.32666
 8700.00    0.32516
 8710.00    0.32362
 8720.00    0.32208
 8730.00    0.32054
 8740.00    0.31900
 8750.00    0.31746
 8760.00    0.31592
 8770.00    0.31438
 8780.00    0.31284
 8790.00    0.31130
 8800.00    0.30976
 8810.00    0.30809
 8820.00    0.30642
 8830.00    0.30474
 8840.00    0.30307
 8850.00    0.30140
 8860.00    0.29973
 8870.00    0.29806
 8880.00    0.29638
 8890.00    0.29471
 8900.00    0.29304
 8910.00    0.29124
 8920.00    0.28943
 8930.00    0.28763
 8940.00    0.28582
 8950.00    0.28402
 8960.00    0.28222
 8970.00    0.28041
 8980.00    0.27861
 8990.00    0.27680
 9000.00    0.27500
 9010.00    0.27293
 9020.00    0.27086
 9030.00    0.26880
 9040.00    0.26673
 9050.00    0.26466
 9060.00    0.26259
 9070.00    0.26052
 9080.00    0.25846
 9090.00    0.25639
 9100.00    0.25432
 9110.00    0.25208
 9120.00    0.24983
 9130.00    0.24759
 9140.00    0.24534
 9150.00    0.24310
 9160.00    0.24086
 9170.00    0.23861
 9180.00    0.23637
 9190.00    0.23412
 9200.00    0.23188
 9210.00    0.22968
 9220.00    0.22748
 9230.00    0.22528
 9240.00    0.22308
 9250.00    0.22088
 9260.00    0.21868
 9270.00    0.21648
 9280.00    0.21428
 9290.00    0.21208
 9300.00    0.20988
 9310.00    0.20759
 9320.00    0.20530
 9330.00    0.20302
 9340.00    0.20073
 9350.00    0.19844
 9360.00    0.19615
 9370.00    0.19386
 9380.00    0.19158
 9390.00    0.18929
 9400.00    0.18700
 9410.00    0.18476
 9420.00    0.18251
 9430.00    0.18027
 9440.00    0.17802
 9450.00    0.17578
 9460.00    0.17354
 9470.00    0.17129
 9480.00    0.16905
 9490.00    0.16680
 9500.00    0.16456
 9510.00    0.16223
 9520.00    0.15990
 9530.00    0.15756
 9540.00    0.15523
 9550.00    0.15290
 9560.00    0.15057
 9570.00    0.14824
 9580.00    0.14590
 9590.00    0.14357
 9600.00    0.14124
 9610.00    0.13926
 9620.00    0.13728
 9630.00    0.13530
 9640.00    0.13332
 9650.00    0.13134
 9660.00    0.12936
 9670.00    0.12738
 9680.00    0.12540
 9690.00    0.12342
 9700.00    0.12144
 9710.00    0.11950
 9720.00    0.11757
 9730.00    0.11563
 9740.00    0.11370
 9750.00    0.11176
 9760.00    0.10982
 9770.00    0.10789
 9780.00    0.10595
 9790.00    0.10402
 9800.00    0.10208
 9810.00    0.10032
 9820.00    0.09856
 9830.00    0.09680
 9840.00    0.09504
 9850.00    0.09328
 9860.00    0.09152
 9870.00    0.08976
 9880.00    0.08800
 9890.00    0.08624
 9900.00    0.08448
 9910.00    0.08268
 9920.00    0.08087
 9930.00    0.07907
 9940.00    0.07726
 9950.00    0.07546
 9960.00    0.07366
 9970.00    0.07185
 9980.00    0.07005
 9990.00    0.06824
10000.00    0.06644
10010.00    0.06425
10020.00    0.06209
10030.00    0.05997
10040.00    0.05787
10050.00    0.05580
10060.00    0.05377
10070.00    0.05176
10080.00    0.04979
10090.00    0.04785
10100.00    0.04594
10110.00    0.04406
10120.00    0.04220
10130.00    0.04039
10140.00    0.03860
10150.00    0.03684
10160.00    0.03511
10170.00    0.03342
10180.00    0.03175
10190.00    0.03012
10200.00    0.02851
10210.00    0.02725
10220.00    0.02601
10230.00    0.02480
10240.00    0.02361
10250.00    0.02244
10260.00    0.02129
10270.00    0.02017
10280.00    0.01907
10290.00    0.01799
10300.00    0.01694
10310.00    0.01612
10320.00    0.01532
10330.00    0.01453
10340.00    0.01376
10350.00    0.01301
10360.00    0.01228
10370.00    0.01156
10380.00    0.01086
10390.00    0.01017
10400.00    0.00950
10410.00    0.00898
10420.00    0.00847
10430.00    0.00798
10440.00    0.00749
10450.00    0.00702
10460.00    0.00656
10470.00    0.00611
10480.00    0.00567
10490.00    0.00525
10500.00    0.00484
10510.00    0.00474
10520.00    0.00463
10530.00    0.00453
10540.00    0.00443
10550.00    0.00433
10560.00    0.00423
10570.00    0.00412
10580.00    0.00402
10590.00    0.00392
10600.00    0.00382
10610.00    0.00372
10620.00    0.00362
10630.00    0.00352
10640.00    0.00342
10650.00    0.00332
10660.00    0.00322
10670.00    0.00312
10680.00    0.00302
10690.00    0.00292
10700.00    0.00283
10710.00    0.00273
10720.00    0.00263
10730.00    0.00253
10740.00    0.00244
10750.00    0.00234
10760.00    0.00224
10770.00    0.00215
10780.00    0.00205
10790.00    0.00195
10800.00    0.00186
10810.00    0.00176
10820.00    0.00167
10830.00    0.00157
10840.00    0.00148
10850.00    0.00138
10860.00    0.00129
10870.00    0.00120
10880.00    0.00110
10890.00    0.00101
10900.00    0.00092
10910.00    0.00082
10920.00    0.00073
10930.00    0.00064
10940.00    0.00055
10950.00    0.00045
10960.00    0.00036
10970.00    0.00027
10980.00    0.00018
10990.00    0.00009
11000.00    0.00000
11010.00    0.00000
11020.00    0.00000
11030.00    0.00000
11040.00    0.00000
11050.00    0.00000
11060.00    0.00000
11070.00    0.00000
11080.00    0.00000
11090.00    0.00000
11100.00    0.00000
11110.00    0.00000
11120.00    0.00000
11130.00    0.00000
11140.00    0.00000
11150.00    0.00000
11160.00    0.00000
11170.00    0.00000
11180.00    0.00000
11190.00    0.00000
11200.00    0.00000
11210.00    0.00000
11220.00    0.00000
11230.00    0.00000
11240.00    0.00000
11250.00    0.00000
11260.00    0.00000
11270.00    0.00000
11280.00    0.00000
11290.00    0.00000
11300.00    0.00000
11310.00    0.00000
11320.00    0.00000
11330.00    0.00000
11340.00    0.00000
11350.00    0.00000
11360.00    0.00000
11370.00    0.00000
11380.00    0.00000
11390.00    0.00000
11400.00    0.00000
11410.00    0.00000
11420.00    0.00000
11430.00    0.00000
11440.00    0.00000
11450.00    0.00000
11460.00    0.00000
11470.00    0.00000
11480.00    0.00000
11490.00    0.00000
11500.00    0.00000
11510.00    0.00000
11520.00    0.00000
11530.00    0.00000
11540.00    0.00000
11550.00    0.00000
11560.00    0.00000
11570.00    0.00000
11580.00    0.00000
11590.00    0.00000
11600.00    0.00000
11610.00    0.00000
11620.00    0.00000
11630.00    0.00000
11640.00    0.00000
11650.00    0.00000
11660.00    0.00000
11670.00    0.00000
11680.00    0.00000
11690.00    0.00000
11700.00    0.00000
11710.00    0.00000
11720.00    0.00000
11730.00    0.00000
11740.00    0.00000
11750.00    0.00000
11760.00    0.00000
11770.00    0.00000
11780.00    0.00000
11790.00    0.00000
11800.00    0.00000
11810.00    0.00000
11820.00    0.00000
11830.00    0.00000
11840.00    0.00000
11850.00    0.00000
11860.00    0.00000
11870.00    0.00000
11880.00    0.00000
11890.00    0.00000
11900.00    0.00000
11910.00    0.00000
11920.00    0.00000
11930.00    0.00000
11940.00    0.00000
11950.00    0.00000
11960.00    0.00000
11970.00    0.00000
11980.00    0.00000
11990.00    0.00000
12000.00    0.00000
12010.00    0.00000
12020.00    0.00000
12030.00    0.00000
12040.00    0.00000
12050.00    0.00000
12060.00    0.00000
12070.00    0.00000
12080.00    0.00000
12090.00    0.00000
12100.00    0.00000
12110.00    0.00000
12120.00    0.00000
12130.00    0.00000
12140.00    0.00000
12150.00    0.00000
12160.00    0.00000
12170.00    0.00000
12180.00    0.00000
12190.00    0.00000
12200.00    0.00000
12210.00    0.00000
12220.00    0.00000
12230.00    0.00000
12240.00    0.00000
12250.00    0.00000
12260.00    0.00000
12270.00    0.00000
12280.00    0.00000
12290.00    0.00000
12300.00    0.00000
12310.00    0.00000
12320.00    0.00000
12330.00    0.00000
12340.00    0.00000
12350.00    0.00000
12360.00    0.00000
12370.00    0.00000
12380.00    0.00000
12390.00    0.00000
12400.00    0.00000
12410.00    0.00000
12420.00    0.00000
12430.00    0.00000
12440.00    0.00000
12450.00    0.00000
12460.00    0.00000
12470.00    0.00000
12480.00    0.00000
12490.00    0.00000
12500.00    0.00000
12510.00    0.00000
12520.00    0.00000
12530.00    0.00000
12540.00    0.00000
12550.00    0.00000
12560.00    0.00000
12570.00    0.00000
12580.00    0.00000
12590.00    0.00000
12600.00    0.00000
12610.00    0.00000
12620.00    0.00000
12630.00    0.00000
12640.00    0.00000
12650.00    0.00000
12660.00    0.00000
12670.00    0.00000
12680.00    0.00000
12690.00    0.00000
12700.00    0.00000
12710.00    0.00000
12720.00    0.00000
12730.00    0.00000
12740.00    0.00000
12750.00    0.00000
12760.00    0.00000
12770.00    0.00000
12780.00    0.00000
12790.00    0.00000
12800.00    0.00000
12810.00    0.00000
12820.00    0.00000
12830.00    0.00000
12840.00    0.00000
12850.00    0.00000
12860.00    0.00000
12870.00    0.00000
12880.00    0.00000
12890.00    0.00000
12900.00    0.00000
12910.00    0.00000
12920.00    0.00000
12930.00    0.00000
12940.00    0.00000
12950.00    0.00000
12960.00    0.00000
12970.00    0.00000
12980.00    0.00000
12990.00    0.00000
13000.00    0.00000
13010.00    0.00000
13020.00    0.00000
13030.00    0.00000
13040.00    0.00000
13050.00    0.00000
13060.00    0.00000
13070.00    0.00000
13080.00    0.00000
13090.00    0.00000
13100.00    0.00000
13110.00    0.00000
13120.00    0.00000
13130.00    0.00000
13140.00    0.00000
13150.00    0.00000
13160.00    0.00000
13170.00    0.00000
13180.00    0.00000
13190.00    0.00000
13200.00    0.00000
13210.00    0.00000
13220.00    0.00000
13230.00    0.00000
13240.00    0.00000
13250.00    0.00000
13260.00    0.00000
13270.00    0.00000
13280.00    0.00000
13290.00    0.00000
13300.00    0.00000
13310.00    0.00000
13320.00    0.00000
13330.00    0.00000
13340.00    0.00000
13350.00    0.00000
13360.00    0.00000
13370.00    0.00000
13380.00    0.00000
13390.00    0.00000
13400.00    0.00000
13410.00    0.00000
13420.00    0.00000
13430.00    0.00000
13440.00    0.00000
13450.00    0.00000
13460.00    0.00000
13470.00    0.00000
13480.00    0.00000
13490.00    0.00000
13500.00    0.00000
13510.00    0.00000
13520.00    0.00000
13530.00    0.00000
13540.00    0.00000
13550.00    0.00000
13560.00    0.00000
13570.00    0.00000
13580.00    0.00000
13590.00    0.00000
13600.00    0.00000
13610.00    0.00000
13620.00    0.00000
13630.00    0.00000
13640.00    0.00000
13650.00    0.00000
13660.00    0.00000
13670.00    0.00000
13680.00    0.00000
13690.00    0.00000
13700.00    0.00000
13710.00    0.00000
13720.00    0.00000
13730.00    0.00000
13740.00    0.00000
13750.00    0.00000
13760.00    0.00000
13770.00    0.00000
13780.00    0.00000
13790.00    0.00000
13800.00    0.00000
13810.00    0.00000
13820.00    0.00000
13830.00    0.00000
13840.00    0.00000
13850.00    0.00000
13860.00    0.00000
13870.00    0.00000
13880.00    0.00000
13890.00    0.00000
13900.00    0.00000
13910.00    0.00000
13920.00    0.00000
13930.00    0.00000
13940.00    0.00000
13950.00    0.00000
13960.00    0.00000
13970.00    0.00000
13980.00    0.00000
13990.00    0.00000
14000.00    0.00000
14010.00    0.00000
14020.00    0.00000
14030.00    0.00000
14040.00    0.00000
14050.00    0.00000
14060.00    0.00000
14070.00    0.00000
14080.00    0.00000
14090.00    0.00000
14100.00    0.00000
14110.00    0.00000
14120.00    0.00000
14130.00    0.00000
14140.00    0.00000
14150.00    0.00000
14160.00    0.00000
14170.00    0.00000
14180.00    0.00000
14190.00    0.00000
14200.00    0.00000
14210.00    0.00000
14220.00    0.00000
14230.00    0.00000
14240.00    0.00000
14250.00    0.00000
14260.00    0.00000
14270.00    0.00000
14280.00    0.00000
14290.00    0.00000
14300.00    0.00000
14310.00    0.00000
14320.00    0.00000
14330.00    0.00000
14340.00    0.00000
14350.00    0.00000
14360.00    0.00000
14370.00    0.00000
14380.00    0.00000
14390.00    0.00000
14400.00    0.00000
14410.00    0.00000
14420.00    0.00000
14430.00    0.00000
14440.00    0.00000
14450.00    0.00000
14460.00    0.00000
14470.00    0.00000
14480.00    0.00000
14490.00    0.00000
14500.00    0.00000
14510.00    0.00000
14520.00    0.00000
14530.00    0.00000
14540.00    0.00000
14550.00    0.00000
14560.00    0.00000
14570.00    0.00000
14580.00    0.00000
14590.00    0.00000
14600.00    0.00000
14610.00    0.00000
14620.00    0.00000
14630.00    0.00000
14640.00    0.00000
14650.00    0.00000
14660.00    0.00000
14670.00    0.00000
14680.00    0.00000
14690.00    0.00000
14700.00    0.00000
14710.00    0.00000
14720.00    0.00000
14730.00    0.00000
14740.00    0.00000
14750.00    0.00000
14760.00    0.00000
14770.00    0.00000
14780.00    0.00000
14790.00    0.00000
14800.00    0.00000
14810.00    0.00000
14820.00    0.00000
14830.00    0.00000
14840.00    0.00000
14850.00    0.00000
14860.00    0.00000
14870.00    0.00000
14880.00    0.00000
14890.00    0.00000
14900.00    0.00000
14910.00    0.00000
14920.00    0.00000
14930.00    0.00000
14940.00    0.00000
14950.00    0.00000
14960.00    0.00000
14970.00    0.00000
14980.00    0.00000
14990.00    0.00000
15000.00    0.00000
15010.00    0.00000
15020.00    0.00000
15030.00    0.00000
15040.00    0.00000
15050.00    0.00000
15060.00    0.00000
15070.00    0.00000
15080.00    0.00000
15090.00    0.00000
15100.00    0.00000
15110.00    0.00000
15120.00    0.00000
15130.00    0.00000
15140.00    0.00000
15150.00    0.00000
15160.00    0.00000
15170.00    0.00000
15180.00    0.00000
15190.00    0.00000
15200.00    0.00000
15210.00    0.00000
15220.00    0.00000
15230.00    0.00000
15240.00    0.00000
15250.00    0.00000
15260.00    0.00000
15270.00    0.00000
15280.00    0.00000
15290.00    0.00000
15300.00    0.00000
15310.00    0.00000
15320.00    0.00000
15330.00    0.00000
15340.00    0.00000
15350.00    0.00000
15360.00    0.00000
15370.00    0.00000
15380.00    0.00000
15390.00    0.00000
15400.00    0.00000
15410.00    0.00000
15420.00    0.00000
15430.00    0.00000
15440.00    0.00000
15450.00    0.00000
15460.00    0.00000
15470.00    0.00000
15480.00    0.00000
15490.00    0.00000
15500.00    0.00000
15510.00    0.00000
15520.00    0.00000
15530.00    0.00000
15540.00    0.00000
15550.00    0.00000
15560.00    0.00000
15570.00    0.00000
15580.00    0.00000
15590.00    0.00000
15600.00    0.00000
15610.00    0.00000
15620.00    0.00000
15630.00    0.00000
15640.00    0.00000
15650.00    0.00000
15660.00    0.00000
15670.00    0.00000
15680.00    0.00000
15690.00    0.00000
15700.00    0.00000
15710.00    0.00000
15720.00    0.00000
15730.00    0.00000
15740.00    0.00000
15750.00    0.00000
15760.00    0.00000
15770.00    0.00000
15780.00    0.00000
15790.00    0.00000
15800.00    0.00000
15810.00    0.00000
15820.00    0.00000
15830.00    0.00000
15840.00    0.00000
15850.00    0.00000
15860.00    0.00000
15870.00    0.00000
15880.00    0.00000
15890.00    0.00000
15900.00    0.00000
15910.00    0.00000
15920.00    0.00000
15930.00    0.00000
15940.00    0.00000
15950.00    0.00000
15960.00    0.00000
15970.00    0.00000
15980.00    0.00000
15990.00    0.00000
16000.00    0.00000
16010.00    0.00000
16020.00    0.00000
16030.00    0.00000
16040.00    0.00000
16050.00    0.00000
16060.00    0.00000
16070.00    0.00000
16080.00    0.00000
16090.00    0.00000
16100.00    0.00000
16110.00    0.00000
16120.00    0.00000
16130.00    0.00000
16140.00    0.00000
16150.00    0.00000
16160.00    0.00000
16170.00    0.00000
16180.00    0.00000
16190.00    0.00000
16200.00    0.00000
16210.00    0.00000
16220.00    0.00000
16230.00    0.00000
16240.00    0.00000
16250.00    0.00000
16260.00    0.00000
16270.00    0.00000
16280.00    0.00000
16290.00    0.00000
16300.00    0.00000
16310.00    0.00000
16320.00    0.00000
16330.00    0.00000
16340.00    0.00000
16350.00    0.00000
16360.00    0.00000
16370.00    0.00000
16380.00    0.00000
16390.00    0.00000
16400.00    0.00000
16410.00    0.00000
16420.00    0.00000
16430.00    0.00000
16440.00    0.00000
16450.00    0.00000
16460.00    0.00000
16470.00    0.00000
16480.00    0.00000
16490.00    0.00000
16500.00    0.00000
16510.00    0.00000
16520.00    0.00000
16530.00    0.00000
16540.00    0.00000
16550.00    0.00000
16560.00    0.00000
16570.00    0.00000
16580.00    0.00000
16590.00    0.00000
16600.00    0.00000
16610.00    0.00000
16620.00    0.00000
16630.00    0.00000
16640.00    0.00000
16650.00    0.00000
16660.00    0.00000
16670.00    0.00000
16680.00    0.00000
16690.00    0.00000
16700.00    0.00000
16710.00    0.00000
16720.00    0.00000
16730.00    0.00000
16740.00    0.00000
16750.00    0.00000
16760.00    0.00000
16770.00    0.00000
16780.00    0.00000
16790.00    0.00000
16800.00    0.00000
16810.00    0.00000
16820.00    0.00000
16830.00    0.00000
16840.00    0.00000
16850.00    0.00000
16860.00    0.00000
16870.00    0.00000
16880.00    0.00000
16890.00    0.00000
16900.00    0.00000
16910.00    0.00000
16920.00    0.00000
16930.00    0.00000
16940.00    0.00000
16950.00    0.00000
16960.00    0.00000
16970.00    0.00000
16980.00    0.00000
16990.00    0.00000
17000.00    0.00000
17010.00    0.00000
17020.00    0.00000
17030.00    0.00000
17040.00    0.00000
17050.00    0.00000
17060.00    0.00000
17070.00    0.00000
17080.00    0.00000
17090.00    0.00000
17100.00    0.00000
17110.00    0.00000
17120.00    0.00000
17130.00    0.00000
17140.00    0.00000
17150.00    0.00000
17160.00    0.00000
17170.00    0.00000
17180.00    0.00000
17190.00    0.00000
17200.00    0.00000
17210.00    0.00000
17220.00    0.00000
17230.00    0.00000
17240.00    0.00000
17250.00    0.00000
17260.00    0.00000
17270.00    0.00000
17280.00    0.00000
17290.00    0.00000
17300.00    0.00000
17310.00    0.00000
17320.00    0.00000
17330.00    0.00000
17340.00    0.00000
17350.00    0.00000
17360.00    0.00000
17370.00    0.00000
17380.00    0.00000
17390.00    0.00000
17400.00    0.00000
17410.00    0.00000
17420.00    0.00000
17430.00    0.00000
17440.00    0.00000
17450.00    0.00000
17460.00    0.00000
17470.00    0.00000
17480.00    0.00000
17490.00    0.00000
17500.00    0.00000
17510.00    0.00000
17520.00    0.00000
17530.00    0.00000
17540.00    0.00000
17550.00    0.00000
17560.00    0.00000
17570.00    0.00000
17580.00    0.00000
17590.00    0.00000
17600.00    0.00000
17610.00    0.00000
17620.00    0.00000
17630.00    0.00000
17640.00    0.00000
17650.00    0.00000
17660.00    0.00000
17670.00    0.00000
17680.00    0.00000
17690.00    0.00000
17700.00    0.00000
17710.00    0.00000
17720.00    0.00000
17730.00    0.00000
17740.00    0.00000
17750.00    0.00000
17760.00    0.00000
17770.00    0.00000
17780.00    0.00000
17790.00    0.00000
17800.00    0.00000
17810.00    0.00000
17820.00    0.00000
17830.00    0.00000
17840.00    0.00000
17850.00    0.00000
17860.00    0.00000
17870.00    0.00000
17880.00    0.00000
17890.00    0.00000
17900.00    0.00000
17910.00    0.00000
17920.00    0.00000
17930.00    0.00000
17940.00    0.00000
17950.00    0.00000
17960.00    0.00000
17970.00    0.00000
17980.00    0.00000
17990.00    0.00000
18000.00    0.00000
