# WaveAns.  Transmission
 2000.00    0.00000
 2010.00    0.00000
 2020.00    0.00000
 2030.00    0.00000
 2040.00    0.00000
 2050.00    0.00000
 2060.00    0.00000
 2070.00    0.00000
 2080.00    0.00000
 2090.00    0.00000
 2100.00    0.00000
 2110.00    0.00000
 2120.00    0.00000
 2130.00    0.00000
 2140.00    0.00000
 2150.00    0.00000
 2160.00    0.00000
 2170.00    0.00000
 2180.00    0.00000
 2190.00    0.00000
 2200.00    0.00000
 2210.00    0.00000
 2220.00    0.00000
 2230.00    0.00000
 2240.00    0.00000
 2250.00    0.00000
 2260.00    0.00000
 2270.00    0.00000
 2280.00    0.00000
 2290.00    0.00000
 2300.00    0.00000
 2310.00    0.00000
 2320.00    0.00000
 2330.00    0.00000
 2340.00    0.00000
 2350.00    0.00000
 2360.00    0.00000
 2370.00    0.00000
 2380.00    0.00000
 2390.00    0.00000
 2400.00    0.00000
 2410.00    0.00000
 2420.00    0.00000
 2430.00    0.00000
 2440.00    0.00000
 2450.00    0.00000
 2460.00    0.00000
 2470.00    0.00000
 2480.00    0.00000
 2490.00    0.00000
 2500.00    0.00000
 2510.00    0.00000
 2520.00    0.00000
 2530.00    0.00000
 2540.00    0.00000
 2550.00    0.00000
 2560.00    0.00000
 2570.00    0.00000
 2580.00    0.00000
 2590.00    0.00000
 2600.00    0.00000
 2610.00    0.00000
 2620.00    0.00000
 2630.00    0.00000
 2640.00    0.00000
 2650.00    0.00000
 2660.00    0.00000
 2670.00    0.00000
 2680.00    0.00000
 2690.00    0.00000
 2700.00    0.00000
 2710.00    0.00000
 2720.00    0.00000
 2730.00    0.00000
 2740.00    0.00000
 2750.00    0.00000
 2760.00    0.00000
 2770.00    0.00000
 2780.00    0.00000
 2790.00    0.00000
 2800.00    0.00000
 2810.00    0.00000
 2820.00    0.00000
 2830.00    0.00000
 2840.00    0.00000
 2850.00    0.00000
 2860.00    0.00000
 2870.00    0.00000
 2880.00    0.00000
 2890.00    0.00000
 2900.00    0.00000
 2910.00    0.00000
 2920.00    0.00000
 2930.00    0.00000
 2940.00    0.00000
 2950.00    0.00000
 2960.00    0.00000
 2970.00    0.00000
 2980.00    0.00000
 2990.00    0.00000
 3000.00    0.00000
 3010.00    0.00000
 3020.00    0.00000
 3030.00    0.00000
 3040.00    0.00000
 3050.00    0.00000
 3060.00    0.00000
 3070.00    0.00000
 3080.00    0.00000
 3090.00    0.00000
 3100.00    0.00000
 3110.00    0.00000
 3120.00    0.00000
 3130.00    0.00000
 3140.00    0.00000
 3150.00    0.00000
 3160.00    0.00000
 3170.00    0.00000
 3180.00    0.00000
 3190.00    0.00000
 3200.00    0.00000
 3210.00    0.00000
 3220.00    0.00000
 3230.00    0.00000
 3240.00    0.00000
 3250.00    0.00000
 3260.00    0.00000
 3270.00    0.00000
 3280.00    0.00000
 3290.00    0.00000
 3300.00    0.00000
 3310.00    0.00000
 3320.00    0.00000
 3330.00    0.00000
 3340.00    0.00000
 3350.00    0.00000
 3360.00    0.00000
 3370.00    0.00000
 3380.00    0.00000
 3390.00    0.00000
 3400.00    0.00000
 3410.00    0.00000
 3420.00    0.00000
 3430.00    0.00000
 3440.00    0.00000
 3450.00    0.00000
 3460.00    0.00000
 3470.00    0.00000
 3480.00    0.00000
 3490.00    0.00000
 3500.00    0.00000
 3510.00    0.00000
 3520.00    0.00000
 3530.00    0.00000
 3540.00    0.00000
 3550.00    0.00000
 3560.00    0.00000
 3570.00    0.00000
 3580.00    0.00000
 3590.00    0.00000
 3600.00    0.00000
 3610.00    0.00000
 3620.00    0.00000
 3630.00    0.00000
 3640.00    0.00000
 3650.00    0.00000
 3660.00    0.00000
 3670.00    0.00000
 3680.00    0.00000
 3690.00    0.00000
 3700.00    0.00000
 3710.00    0.00000
 3720.00    0.00000
 3730.00    0.00000
 3740.00    0.00000
 3750.00    0.00000
 3760.00    0.00000
 3770.00    0.00000
 3780.00    0.00000
 3790.00    0.00000
 3800.00    0.00000
 3810.00    0.00000
 3820.00    0.00000
 3830.00    0.00000
 3840.00    0.00000
 3850.00    0.00000
 3860.00    0.00000
 3870.00    0.00000
 3880.00    0.00000
 3890.00    0.00000
 3900.00    0.00000
 3910.00    0.00000
 3920.00    0.00000
 3930.00    0.00000
 3940.00    0.00000
 3950.00    0.00000
 3960.00    0.00000
 3970.00    0.00000
 3980.00    0.00000
 3990.00    0.00000
 4000.00    0.00000
 4010.00    0.00000
 4020.00    0.00000
 4030.00    0.00000
 4040.00    0.00000
 4050.00    0.00000
 4060.00    0.00000
 4070.00    0.00000
 4080.00    0.00000
 4090.00    0.00000
 4100.00    0.00000
 4110.00    0.00000
 4120.00    0.00000
 4130.00    0.00000
 4140.00    0.00000
 4150.00    0.00000
 4160.00    0.00000
 4170.00    0.00000
 4180.00    0.00000
 4190.00    0.00000
 4200.00    0.00000
 4210.00    0.00000
 4220.00    0.00000
 4230.00    0.00000
 4240.00    0.00000
 4250.00    0.00000
 4260.00    0.00000
 4270.00    0.00000
 4280.00    0.00000
 4290.00    0.00000
 4300.00    0.00000
 4310.00    0.00000
 4320.00    0.00000
 4330.00    0.00000
 4340.00    0.00000
 4350.00    0.00000
 4360.00    0.00000
 4370.00    0.00000
 4380.00    0.00000
 4390.00    0.00000
 4400.00    0.00000
 4410.00    0.00000
 4420.00    0.00000
 4430.00    0.00000
 4440.00    0.00000
 4450.00    0.00000
 4460.00    0.00000
 4470.00    0.00000
 4480.00    0.00000
 4490.00    0.00000
 4500.00    0.00000
 4510.00    0.00000
 4520.00    0.00000
 4530.00    0.00000
 4540.00    0.00000
 4550.00    0.00000
 4560.00    0.00000
 4570.00    0.00000
 4580.00    0.00000
 4590.00    0.00000
 4600.00    0.00000
 4610.00    0.00000
 4620.00    0.00000
 4630.00    0.00000
 4640.00    0.00000
 4650.00    0.00000
 4660.00    0.00000
 4670.00    0.00000
 4680.00    0.00000
 4690.00    0.00000
 4700.00    0.00000
 4710.00    0.00000
 4720.00    0.00000
 4730.00    0.00000
 4740.00    0.00000
 4750.00    0.00000
 4760.00    0.00000
 4770.00    0.00000
 4780.00    0.00000
 4790.00    0.00000
 4800.00    0.00000
 4810.00    0.00000
 4820.00    0.00000
 4830.00    0.00000
 4840.00    0.00000
 4850.00    0.00000
 4860.00    0.00000
 4870.00    0.00000
 4880.00    0.00000
 4890.00    0.00000
 4900.00    0.00000
 4910.00    0.00000
 4920.00    0.00000
 4930.00    0.00000
 4940.00    0.00000
 4950.00    0.00000
 4960.00    0.00000
 4970.00    0.00000
 4980.00    0.00000
 4990.00    0.00000
 5000.00    0.00000
 5010.00    0.00000
 5020.00    0.00000
 5030.00    0.00000
 5040.00    0.00000
 5050.00    0.00000
 5060.00    0.00000
 5070.00    0.00000
 5080.00    0.00000
 5090.00    0.00000
 5100.00    0.00000
 5110.00    0.00000
 5120.00    0.00000
 5130.00    0.00000
 5140.00    0.00000
 5150.00    0.00000
 5160.00    0.00000
 5170.00    0.00000
 5180.00    0.00000
 5190.00    0.00000
 5200.00    0.00000
 5210.00    0.00000
 5220.00    0.00000
 5230.00    0.00000
 5240.00    0.00000
 5250.00    0.00000
 5260.00    0.00000
 5270.00    0.00000
 5280.00    0.00000
 5290.00    0.00000
 5300.00    0.00000
 5310.00    0.00000
 5320.00    0.00000
 5330.00    0.00000
 5340.00    0.00000
 5350.00    0.00000
 5360.00    0.00000
 5370.00    0.00000
 5380.00    0.00000
 5390.00    0.00000
 5400.00    0.00000
 5410.00    0.00000
 5420.00    0.00000
 5430.00    0.00000
 5440.00    0.00000
 5450.00    0.00000
 5460.00    0.00000
 5470.00    0.00000
 5480.00    0.00000
 5490.00    0.00000
 5500.00    0.00000
 5510.00    0.00000
 5520.00    0.00000
 5530.00    0.00000
 5540.00    0.00000
 5550.00    0.00000
 5560.00    0.00000
 5570.00    0.00000
 5580.00    0.00000
 5590.00    0.00000
 5600.00    0.00000
 5610.00    0.00000
 5620.00    0.00000
 5630.00    0.00000
 5640.00    0.00000
 5650.00    0.00000
 5660.00    0.00000
 5670.00    0.00000
 5680.00    0.00000
 5690.00    0.00000
 5700.00    0.00000
 5710.00    0.00000
 5720.00    0.00000
 5730.00    0.00000
 5740.00    0.00000
 5750.00    0.00000
 5760.00    0.00000
 5770.00    0.00000
 5780.00    0.00000
 5790.00    0.00000
 5800.00    0.00000
 5810.00    0.00000
 5820.00    0.00000
 5830.00    0.00000
 5840.00    0.00000
 5850.00    0.00000
 5860.00    0.00000
 5870.00    0.00000
 5880.00    0.00000
 5890.00    0.00000
 5900.00    0.00000
 5910.00    0.00000
 5920.00    0.00000
 5930.00    0.00000
 5940.00    0.00000
 5950.00    0.00000
 5960.00    0.00000
 5970.00    0.00000
 5980.00    0.00000
 5990.00    0.00000
 6000.00    0.00000
 6010.00    0.00000
 6020.00    0.00000
 6030.00    0.00000
 6040.00    0.00000
 6050.00    0.00000
 6060.00    0.00000
 6070.00    0.00000
 6080.00    0.00000
 6090.00    0.00000
 6100.00    0.00000
 6110.00    0.00000
 6120.00    0.00000
 6130.00    0.00000
 6140.00    0.00000
 6150.00    0.00000
 6160.00    0.00000
 6170.00    0.00000
 6180.00    0.00000
 6190.00    0.00000
 6200.00    0.00000
 6210.00    0.00000
 6220.00    0.00000
 6230.00    0.00000
 6240.00    0.00000
 6250.00    0.00000
 6260.00    0.00000
 6270.00    0.00000
 6280.00    0.00000
 6290.00    0.00000
 6300.00    0.00000
 6310.00    0.00000
 6320.00    0.00000
 6330.00    0.00000
 6340.00    0.00000
 6350.00    0.00000
 6360.00    0.00000
 6370.00    0.00000
 6380.00    0.00000
 6390.00    0.00000
 6400.00    0.00000
 6410.00    0.00000
 6420.00    0.00000
 6430.00    0.00000
 6440.00    0.00000
 6450.00    0.00000
 6460.00    0.00000
 6470.00    0.00000
 6480.00    0.00000
 6490.00    0.00000
 6500.00    0.00000
 6510.00    0.00000
 6520.00    0.00000
 6530.00    0.00000
 6540.00    0.00000
 6550.00    0.00000
 6560.00    0.00000
 6570.00    0.00000
 6580.00    0.00000
 6590.00    0.00000
 6600.00    0.00000
 6610.00    0.00000
 6620.00    0.00000
 6630.00    0.00000
 6640.00    0.00000
 6650.00    0.00000
 6660.00    0.00000
 6670.00    0.00000
 6680.00    0.00000
 6690.00    0.00000
 6700.00    0.00000
 6710.00    0.00000
 6720.00    0.00000
 6730.00    0.00000
 6740.00    0.00000
 6750.00    0.00000
 6760.00    0.00000
 6770.00    0.00000
 6780.00    0.00000
 6790.00    0.00000
 6800.00    0.00000
 6810.00    0.00000
 6820.00    0.00000
 6830.00    0.00000
 6840.00    0.00000
 6850.00    0.00000
 6860.00    0.00000
 6870.00    0.00000
 6880.00    0.00000
 6890.00    0.00000
 6900.00    0.00000
 6910.00    0.00000
 6920.00    0.00000
 6930.00    0.00000
 6940.00    0.00000
 6950.00    0.00000
 6960.00    0.00000
 6970.00    0.00000
 6980.00    0.00000
 6990.00    0.00000
 7000.00    0.00000
 7010.00    0.00000
 7020.00    0.00000
 7030.00    0.00000
 7040.00    0.00000
 7050.00    0.00000
 7060.00    0.00000
 7070.00    0.00000
 7080.00    0.00000
 7090.00    0.00000
 7100.00    0.00000
 7110.00    0.00000
 7120.00    0.00000
 7130.00    0.00000
 7140.00    0.00000
 7150.00    0.00000
 7160.00    0.00000
 7170.00    0.00000
 7180.00    0.00000
 7190.00    0.00000
 7200.00    0.00000
 7210.00    0.00000
 7220.00    0.00000
 7230.00    0.00000
 7240.00    0.00000
 7250.00    0.00000
 7260.00    0.00000
 7270.00    0.00000
 7280.00    0.00000
 7290.00    0.00000
 7300.00    0.00000
 7310.00    0.00000
 7320.00    0.00000
 7330.00    0.00000
 7340.00    0.00000
 7350.00    0.00000
 7360.00    0.00000
 7370.00    0.00000
 7380.00    0.00000
 7390.00    0.00000
 7400.00    0.00000
 7410.00    0.00000
 7420.00    0.00000
 7430.00    0.00000
 7440.00    0.00000
 7450.00    0.00000
 7460.00    0.00000
 7470.00    0.00000
 7480.00    0.00000
 7490.00    0.00000
 7500.00    0.00000
 7510.00    0.00000
 7520.00    0.00000
 7530.00    0.00000
 7540.00    0.00000
 7550.00    0.00000
 7560.00    0.00000
 7570.00    0.00000
 7580.00    0.00000
 7590.00    0.00000
 7600.00    0.00000
 7610.00    0.00000
 7620.00    0.00000
 7630.00    0.00000
 7640.00    0.00000
 7650.00    0.00000
 7660.00    0.00000
 7670.00    0.00000
 7680.00    0.00000
 7690.00    0.00000
 7700.00    0.00000
 7710.00    0.00000
 7720.00    0.00000
 7730.00    0.00000
 7740.00    0.00000
 7750.00    0.00000
 7760.00    0.00000
 7770.00    0.00000
 7780.00    0.00000
 7790.00    0.00000
 7800.00    0.00000
 7810.00    0.00000
 7820.00    0.00000
 7830.00    0.00000
 7840.00    0.00000
 7850.00    0.00000
 7860.00    0.00000
 7870.00    0.00000
 7880.00    0.00000
 7890.00    0.00000
 7900.00    0.00000
 7910.00    0.00000
 7920.00    0.00000
 7930.00    0.00000
 7940.00    0.00000
 7950.00    0.00000
 7960.00    0.00000
 7970.00    0.00000
 7980.00    0.00000
 7990.00    0.00000
 8000.00    0.00000
 8010.00    0.00000
 8020.00    0.00000
 8030.00    0.00000
 8040.00    0.00000
 8050.00    0.00000
 8060.00    0.00000
 8070.00    0.00000
 8080.00    0.00000
 8090.00    0.00000
 8100.00    0.00000
 8110.00    0.00000
 8120.00    0.00000
 8130.00    0.00000
 8140.00    0.00000
 8150.00    0.00000
 8160.00    0.00000
 8170.00    0.00000
 8180.00    0.00000
 8190.00    0.00000
 8200.00    0.00000
 8210.00    0.00000
 8220.00    0.00000
 8230.00    0.00000
 8240.00    0.00000
 8250.00    0.00000
 8260.00    0.00000
 8270.00    0.00000
 8280.00    0.00000
 8290.00    0.00000
 8300.00    0.00000
 8310.00    0.00000
 8320.00    0.00000
 8330.00    0.00000
 8340.00    0.00000
 8350.00    0.00000
 8360.00    0.00000
 8370.00    0.00000
 8380.00    0.00000
 8390.00    0.00000
 8400.00    0.00000
 8410.00    0.00000
 8420.00    0.00000
 8430.00    0.00000
 8440.00    0.00000
 8450.00    0.00000
 8460.00    0.00000
 8470.00    0.00000
 8480.00    0.00000
 8490.00    0.00000
 8500.00    0.00000
 8510.00    0.00000
 8520.00    0.00000
 8530.00    0.00000
 8540.00    0.00000
 8550.00    0.00000
 8560.00    0.00000
 8570.00    0.00000
 8580.00    0.00000
 8590.00    0.00000
 8600.00    0.00000
 8610.00    0.00000
 8620.00    0.00000
 8630.00    0.00000
 8640.00    0.00000
 8650.00    0.00000
 8660.00    0.00000
 8670.00    0.00000
 8680.00    0.00000
 8690.00    0.00000
 8700.00    0.00000
 8710.00    0.00000
 8720.00    0.00000
 8730.00    0.00000
 8740.00    0.00000
 8750.00    0.00000
 8760.00    0.00000
 8770.00    0.00000
 8780.00    0.00000
 8790.00    0.00000
 8800.00    0.00000
 8810.00    0.00000
 8820.00    0.00000
 8830.00    0.00000
 8840.00    0.00000
 8850.00    0.00000
 8860.00    0.00000
 8870.00    0.00000
 8880.00    0.00000
 8890.00    0.00000
 8900.00    0.00000
 8910.00    0.00000
 8920.00    0.00000
 8930.00    0.00000
 8940.00    0.00000
 8950.00    0.00000
 8960.00    0.00000
 8970.00    0.00000
 8980.00    0.00000
 8990.00    0.00000
 9000.00    0.00000
 9010.00    0.00033
 9020.00    0.00065
 9030.00    0.00096
 9040.00    0.00127
 9050.00    0.00158
 9060.00    0.00188
 9070.00    0.00218
 9080.00    0.00247
 9090.00    0.00276
 9100.00    0.00304
 9110.00    0.00331
 9120.00    0.00358
 9130.00    0.00385
 9140.00    0.00410
 9150.00    0.01976
 9160.00    0.03512
 9170.00    0.05019
 9180.00    0.06497
 9190.00    0.07947
 9200.00    0.09367
 9210.00    0.10760
 9220.00    0.12125
 9230.00    0.13462
 9240.00    0.14770
 9250.00    0.16050
 9260.00    0.17302
 9270.00    0.18633
 9280.00    0.20184
 9290.00    0.21698
 9300.00    0.23178
 9310.00    0.24611
 9320.00    0.26006
 9330.00    0.27365
 9340.00    0.28687
 9350.00    0.29971
 9360.00    0.31218
 9370.00    0.32428
 9380.00    0.32045
 9390.00    0.31663
 9400.00    0.31280
 9410.00    0.30905
 9420.00    0.30529
 9430.00    0.30154
 9440.00    0.29779
 9450.00    0.29403
 9460.00    0.29028
 9470.00    0.28652
 9480.00    0.28277
 9490.00    0.27902
 9500.00    0.27526
 9510.00    0.27136
 9520.00    0.26746
 9530.00    0.26356
 9540.00    0.25966
 9550.00    0.25576
 9560.00    0.25186
 9570.00    0.24796
 9580.00    0.24406
 9590.00    0.24016
 9600.00    0.23626
 9610.00    0.23294
 9620.00    0.22963
 9630.00    0.22632
 9640.00    0.22301
 9650.00    0.21970
 9660.00    0.21638
 9670.00    0.21307
 9680.00    0.20976
 9690.00    0.20645
 9700.00    0.20314
 9710.00    0.19990
 9720.00    0.19666
 9730.00    0.19342
 9740.00    0.19018
 9750.00    0.18694
 9760.00    0.18371
 9770.00    0.18047
 9780.00    0.17723
 9790.00    0.17399
 9800.00    0.17075
 9810.00    0.16781
 9820.00    0.16486
 9830.00    0.16192
 9840.00    0.15898
 9850.00    0.15603
 9860.00    0.15309
 9870.00    0.15014
 9880.00    0.14720
 9890.00    0.14426
 9900.00    0.14131
 9910.00    0.13829
 9920.00    0.13528
 9930.00    0.13226
 9940.00    0.12924
 9950.00    0.12622
 9960.00    0.12321
 9970.00    0.12019
 9980.00    0.11717
 9990.00    0.11415
10000.00    0.11114
10010.00    0.10856
10020.00    0.10598
10030.00    0.10341
10040.00    0.10083
10050.00    0.09826
10060.00    0.09568
10070.00    0.09310
10080.00    0.09053
10090.00    0.08795
10100.00    0.08538
10110.00    0.08280
10120.00    0.08022
10130.00    0.07765
10140.00    0.07507
10150.00    0.07250
10160.00    0.06992
10170.00    0.06734
10180.00    0.06477
10190.00    0.06219
10200.00    0.05962
10210.00    0.05770
10220.00    0.05579
10230.00    0.05388
10240.00    0.05196
10250.00    0.05005
10260.00    0.04813
10270.00    0.04622
10280.00    0.04431
10290.00    0.04239
10300.00    0.04048
10310.00    0.03908
10320.00    0.03768
10330.00    0.03628
10340.00    0.03489
10350.00    0.03349
10360.00    0.03209
10370.00    0.03069
10380.00    0.02929
10390.00    0.02789
10400.00    0.02650
10410.00    0.02547
10420.00    0.02444
10430.00    0.02340
10440.00    0.02237
10450.00    0.02134
10460.00    0.02031
10470.00    0.01928
10480.00    0.01825
10490.00    0.01722
10500.00    0.01619
10510.00    0.01617
10520.00    0.01615
10530.00    0.01613
10540.00    0.01611
10550.00    0.01608
10560.00    0.01606
10570.00    0.01604
10580.00    0.01602
10590.00    0.01600
10600.00    0.01598
10610.00    0.01595
10620.00    0.01593
10630.00    0.01591
10640.00    0.01589
10650.00    0.01587
10660.00    0.01585
10670.00    0.01582
10680.00    0.01580
10690.00    0.01578
10700.00    0.01576
10710.00    0.01574
10720.00    0.01572
10730.00    0.01570
10740.00    0.01567
10750.00    0.01565
10760.00    0.01563
10770.00    0.01561
10780.00    0.01559
10790.00    0.01557
10800.00    0.01554
10810.00    0.01552
10820.00    0.01550
10830.00    0.01548
10840.00    0.01546
10850.00    0.01544
10860.00    0.01541
10870.00    0.01539
10880.00    0.01537
10890.00    0.01535
10900.00    0.01533
10910.00    0.01531
10920.00    0.01529
10930.00    0.01526
10940.00    0.01524
10950.00    0.01522
10960.00    0.01520
10970.00    0.01518
10980.00    0.01516
10990.00    0.01513
11000.00    0.01511
11010.00    0.01507
11020.00    0.01503
11030.00    0.01499
11040.00    0.01495
11050.00    0.01491
11060.00    0.01487
11070.00    0.01482
11080.00    0.01478
11090.00    0.01474
11100.00    0.01470
11110.00    0.01466
11120.00    0.01462
11130.00    0.01458
11140.00    0.01454
11150.00    0.01450
11160.00    0.01446
11170.00    0.01442
11180.00    0.01438
11190.00    0.01434
11200.00    0.01430
11210.00    0.01426
11220.00    0.01422
11230.00    0.01418
11240.00    0.01414
11250.00    0.01410
11260.00    0.01406
11270.00    0.01402
11280.00    0.01398
11290.00    0.01394
11300.00    0.01390
11310.00    0.01386
11320.00    0.01382
11330.00    0.01378
11340.00    0.01374
11350.00    0.01370
11360.00    0.01366
11370.00    0.01362
11380.00    0.01358
11390.00    0.01354
11400.00    0.01351
11410.00    0.01347
11420.00    0.01343
11430.00    0.01339
11440.00    0.01335
11450.00    0.01331
11460.00    0.01327
11470.00    0.01323
11480.00    0.01319
11490.00    0.01316
11500.00    0.01312
11510.00    0.01308
11520.00    0.01304
11530.00    0.01300
11540.00    0.01296
11550.00    0.01293
11560.00    0.01289
11570.00    0.01285
11580.00    0.01281
11590.00    0.01277
11600.00    0.01274
11610.00    0.01270
11620.00    0.01266
11630.00    0.01262
11640.00    0.01258
11650.00    0.01255
11660.00    0.01251
11670.00    0.01247
11680.00    0.01243
11690.00    0.01240
11700.00    0.01236
11710.00    0.01232
11720.00    0.01228
11730.00    0.01225
11740.00    0.01221
11750.00    0.01217
11760.00    0.01214
11770.00    0.01210
11780.00    0.01206
11790.00    0.01203
11800.00    0.01199
11810.00    0.01195
11820.00    0.01192
11830.00    0.01188
11840.00    0.01184
11850.00    0.01181
11860.00    0.01177
11870.00    0.01173
11880.00    0.01170
11890.00    0.01166
11900.00    0.01162
11910.00    0.01159
11920.00    0.01155
11930.00    0.01152
11940.00    0.01148
11950.00    0.01144
11960.00    0.01141
11970.00    0.01137
11980.00    0.01134
11990.00    0.01130
12000.00    0.01126
12010.00    0.01123
12020.00    0.01119
12030.00    0.01115
12040.00    0.01111
12050.00    0.01108
12060.00    0.01104
12070.00    0.01100
12080.00    0.01097
12090.00    0.01093
12100.00    0.01089
12110.00    0.01085
12120.00    0.01082
12130.00    0.01078
12140.00    0.01074
12150.00    0.01071
12160.00    0.01067
12170.00    0.01063
12180.00    0.01060
12190.00    0.01056
12200.00    0.01053
12210.00    0.01049
12220.00    0.01045
12230.00    0.01042
12240.00    0.01038
12250.00    0.01034
12260.00    0.01031
12270.00    0.01027
12280.00    0.01024
12290.00    0.01020
12300.00    0.01017
12310.00    0.01013
12320.00    0.01009
12330.00    0.01006
12340.00    0.01002
12350.00    0.00999
12360.00    0.00995
12370.00    0.00992
12380.00    0.00988
12390.00    0.00985
12400.00    0.00981
12410.00    0.00978
12420.00    0.00974
12430.00    0.00971
12440.00    0.00967
12450.00    0.00964
12460.00    0.00960
12470.00    0.00957
12480.00    0.00953
12490.00    0.00950
12500.00    0.00946
12510.00    0.00943
12520.00    0.00940
12530.00    0.00936
12540.00    0.00933
12550.00    0.00929
12560.00    0.00926
12570.00    0.00923
12580.00    0.00919
12590.00    0.00916
12600.00    0.00912
12610.00    0.00909
12620.00    0.00906
12630.00    0.00902
12640.00    0.00899
12650.00    0.00896
12660.00    0.00892
12670.00    0.00889
12680.00    0.00886
12690.00    0.00882
12700.00    0.00879
12710.00    0.00876
12720.00    0.00872
12730.00    0.00869
12740.00    0.00866
12750.00    0.00862
12760.00    0.00859
12770.00    0.00856
12780.00    0.00853
12790.00    0.00849
12800.00    0.00846
12810.00    0.00843
12820.00    0.00840
12830.00    0.00836
12840.00    0.00833
12850.00    0.00830
12860.00    0.00827
12870.00    0.00823
12880.00    0.00820
12890.00    0.00817
12900.00    0.00814
12910.00    0.00811
12920.00    0.00807
12930.00    0.00804
12940.00    0.00801
12950.00    0.00798
12960.00    0.00795
12970.00    0.00792
12980.00    0.00788
12990.00    0.00785
13000.00    0.00782
13010.00    0.00779
13020.00    0.00776
13030.00    0.00773
13040.00    0.00770
13050.00    0.00767
13060.00    0.00764
13070.00    0.00760
13080.00    0.00757
13090.00    0.00754
13100.00    0.00751
13110.00    0.00748
13120.00    0.00745
13130.00    0.00742
13140.00    0.00739
13150.00    0.00736
13160.00    0.00733
13170.00    0.00730
13180.00    0.00727
13190.00    0.00724
13200.00    0.00721
13210.00    0.00718
13220.00    0.00715
13230.00    0.00712
13240.00    0.00709
13250.00    0.00706
13260.00    0.00703
13270.00    0.00700
13280.00    0.00697
13290.00    0.00694
13300.00    0.00691
13310.00    0.00688
13320.00    0.00685
13330.00    0.00682
13340.00    0.00679
13350.00    0.00677
13360.00    0.00674
13370.00    0.00671
13380.00    0.00668
13390.00    0.00665
13400.00    0.00662
13410.00    0.00659
13420.00    0.00656
13430.00    0.00653
13440.00    0.00651
13450.00    0.00648
13460.00    0.00645
13470.00    0.00642
13480.00    0.00639
13490.00    0.00636
13500.00    0.00634
13510.00    0.00631
13520.00    0.00628
13530.00    0.00625
13540.00    0.00622
13550.00    0.00620
13560.00    0.00617
13570.00    0.00614
13580.00    0.00611
13590.00    0.00609
13600.00    0.00606
13610.00    0.00603
13620.00    0.00600
13630.00    0.00598
13640.00    0.00595
13650.00    0.00592
13660.00    0.00589
13670.00    0.00587
13680.00    0.00584
13690.00    0.00581
13700.00    0.00579
13710.00    0.00576
13720.00    0.00573
13730.00    0.00570
13740.00    0.00568
13750.00    0.00565
13760.00    0.00562
13770.00    0.00560
13780.00    0.00557
13790.00    0.00555
13800.00    0.00552
13810.00    0.00549
13820.00    0.00547
13830.00    0.00544
13840.00    0.00541
13850.00    0.00539
13860.00    0.00536
13870.00    0.00534
13880.00    0.00531
13890.00    0.00529
13900.00    0.00526
13910.00    0.00523
13920.00    0.00521
13930.00    0.00518
13940.00    0.00516
13950.00    0.00513
13960.00    0.00511
13970.00    0.00508
13980.00    0.00506
13990.00    0.00503
14000.00    0.00501
14010.00    0.00498
14020.00    0.00496
14030.00    0.00493
14040.00    0.00491
14050.00    0.00488
14060.00    0.00486
14070.00    0.00483
14080.00    0.00481
14090.00    0.00478
14100.00    0.00476
14110.00    0.00473
14120.00    0.00471
14130.00    0.00469
14140.00    0.00466
14150.00    0.00464
14160.00    0.00461
14170.00    0.00459
14180.00    0.00457
14190.00    0.00454
14200.00    0.00452
14210.00    0.00449
14220.00    0.00447
14230.00    0.00445
14240.00    0.00442
14250.00    0.00440
14260.00    0.00438
14270.00    0.00435
14280.00    0.00433
14290.00    0.00431
14300.00    0.00428
14310.00    0.00426
14320.00    0.00424
14330.00    0.00421
14340.00    0.00419
14350.00    0.00417
14360.00    0.00415
14370.00    0.00412
14380.00    0.00410
14390.00    0.00408
14400.00    0.00406
14410.00    0.00403
14420.00    0.00401
14430.00    0.00399
14440.00    0.00397
14450.00    0.00394
14460.00    0.00392
14470.00    0.00390
14480.00    0.00388
14490.00    0.00385
14500.00    0.00383
14510.00    0.00381
14520.00    0.00379
14530.00    0.00377
14540.00    0.00375
14550.00    0.00372
14560.00    0.00370
14570.00    0.00368
14580.00    0.00366
14590.00    0.00364
14600.00    0.00362
14610.00    0.00360
14620.00    0.00357
14630.00    0.00355
14640.00    0.00353
14650.00    0.00351
14660.00    0.00349
14670.00    0.00347
14680.00    0.00345
14690.00    0.00343
14700.00    0.00341
14710.00    0.00339
14720.00    0.00337
14730.00    0.00335
14740.00    0.00333
14750.00    0.00330
14760.00    0.00328
14770.00    0.00326
14780.00    0.00324
14790.00    0.00322
14800.00    0.00320
14810.00    0.00318
14820.00    0.00316
14830.00    0.00314
14840.00    0.00312
14850.00    0.00310
14860.00    0.00308
14870.00    0.00307
14880.00    0.00305
14890.00    0.00303
14900.00    0.00301
14910.00    0.00299
14920.00    0.00297
14930.00    0.00295
14940.00    0.00293
14950.00    0.00291
14960.00    0.00289
14970.00    0.00287
14980.00    0.00285
14990.00    0.00283
15000.00    0.00282
15010.00    0.00280
15020.00    0.00278
15030.00    0.00276
15040.00    0.00274
15050.00    0.00272
15060.00    0.00270
15070.00    0.00269
15080.00    0.00267
15090.00    0.00265
15100.00    0.00263
15110.00    0.00261
15120.00    0.00260
15130.00    0.00258
15140.00    0.00256
15150.00    0.00254
15160.00    0.00252
15170.00    0.00251
15180.00    0.00249
15190.00    0.00247
15200.00    0.00245
15210.00    0.00244
15220.00    0.00242
15230.00    0.00240
15240.00    0.00238
15250.00    0.00237
15260.00    0.00235
15270.00    0.00233
15280.00    0.00231
15290.00    0.00230
15300.00    0.00228
15310.00    0.00226
15320.00    0.00225
15330.00    0.00223
15340.00    0.00221
15350.00    0.00220
15360.00    0.00218
15370.00    0.00216
15380.00    0.00215
15390.00    0.00213
15400.00    0.00212
15410.00    0.00210
15420.00    0.00208
15430.00    0.00207
15440.00    0.00205
15450.00    0.00203
15460.00    0.00202
15470.00    0.00200
15480.00    0.00199
15490.00    0.00197
15500.00    0.00196
15510.00    0.00194
15520.00    0.00192
15530.00    0.00191
15540.00    0.00189
15550.00    0.00188
15560.00    0.00186
15570.00    0.00185
15580.00    0.00183
15590.00    0.00182
15600.00    0.00180
15610.00    0.00179
15620.00    0.00177
15630.00    0.00176
15640.00    0.00174
15650.00    0.00173
15660.00    0.00171
15670.00    0.00170
15680.00    0.00168
15690.00    0.00167
15700.00    0.00166
15710.00    0.00164
15720.00    0.00163
15730.00    0.00161
15740.00    0.00160
15750.00    0.00158
15760.00    0.00157
15770.00    0.00156
15780.00    0.00154
15790.00    0.00153
15800.00    0.00151
15810.00    0.00150
15820.00    0.00149
15830.00    0.00147
15840.00    0.00146
15850.00    0.00145
15860.00    0.00143
15870.00    0.00142
15880.00    0.00141
15890.00    0.00139
15900.00    0.00138
15910.00    0.00137
15920.00    0.00135
15930.00    0.00134
15940.00    0.00133
15950.00    0.00131
15960.00    0.00130
15970.00    0.00129
15980.00    0.00128
15990.00    0.00126
16000.00    0.00125
16010.00    0.00124
16020.00    0.00123
16030.00    0.00121
16040.00    0.00120
16050.00    0.00119
16060.00    0.00118
16070.00    0.00117
16080.00    0.00115
16090.00    0.00114
16100.00    0.00113
16110.00    0.00112
16120.00    0.00111
16130.00    0.00109
16140.00    0.00108
16150.00    0.00107
16160.00    0.00106
16170.00    0.00105
16180.00    0.00104
16190.00    0.00103
16200.00    0.00101
16210.00    0.00100
16220.00    0.00099
16230.00    0.00098
16240.00    0.00097
16250.00    0.00096
16260.00    0.00095
16270.00    0.00094
16280.00    0.00093
16290.00    0.00091
16300.00    0.00090
16310.00    0.00089
16320.00    0.00088
16330.00    0.00087
16340.00    0.00086
16350.00    0.00085
16360.00    0.00084
16370.00    0.00083
16380.00    0.00082
16390.00    0.00081
16400.00    0.00080
16410.00    0.00079
16420.00    0.00078
16430.00    0.00077
16440.00    0.00076
16450.00    0.00075
16460.00    0.00074
16470.00    0.00073
16480.00    0.00072
16490.00    0.00071
16500.00    0.00070
16510.00    0.00069
16520.00    0.00069
16530.00    0.00068
16540.00    0.00067
16550.00    0.00066
16560.00    0.00065
16570.00    0.00064
16580.00    0.00063
16590.00    0.00062
16600.00    0.00061
16610.00    0.00060
16620.00    0.00060
16630.00    0.00059
16640.00    0.00058
16650.00    0.00057
16660.00    0.00056
16670.00    0.00055
16680.00    0.00055
16690.00    0.00054
16700.00    0.00053
16710.00    0.00052
16720.00    0.00051
16730.00    0.00050
16740.00    0.00050
16750.00    0.00049
16760.00    0.00048
16770.00    0.00047
16780.00    0.00047
16790.00    0.00046
16800.00    0.00045
16810.00    0.00044
16820.00    0.00044
16830.00    0.00043
16840.00    0.00042
16850.00    0.00041
16860.00    0.00041
16870.00    0.00040
16880.00    0.00039
16890.00    0.00039
16900.00    0.00038
16910.00    0.00037
16920.00    0.00036
16930.00    0.00036
16940.00    0.00035
16950.00    0.00034
16960.00    0.00034
16970.00    0.00033
16980.00    0.00033
16990.00    0.00032
17000.00    0.00031
17010.00    0.00031
17020.00    0.00030
17030.00    0.00029
17040.00    0.00029
17050.00    0.00028
17060.00    0.00028
17070.00    0.00027
17080.00    0.00026
17090.00    0.00026
17100.00    0.00025
17110.00    0.00025
17120.00    0.00024
17130.00    0.00024
17140.00    0.00023
17150.00    0.00023
17160.00    0.00022
17170.00    0.00022
17180.00    0.00021
17190.00    0.00021
17200.00    0.00020
17210.00    0.00020
17220.00    0.00019
17230.00    0.00019
17240.00    0.00018
17250.00    0.00018
17260.00    0.00017
17270.00    0.00017
17280.00    0.00016
17290.00    0.00016
17300.00    0.00015
17310.00    0.00015
17320.00    0.00014
17330.00    0.00014
17340.00    0.00014
17350.00    0.00013
17360.00    0.00013
17370.00    0.00012
17380.00    0.00012
17390.00    0.00012
17400.00    0.00011
17410.00    0.00011
17420.00    0.00011
17430.00    0.00010
17440.00    0.00010
17450.00    0.00009
17460.00    0.00009
17470.00    0.00009
17480.00    0.00008
17490.00    0.00008
17500.00    0.00008
17510.00    0.00008
17520.00    0.00007
17530.00    0.00007
17540.00    0.00007
17550.00    0.00006
17560.00    0.00006
17570.00    0.00006
17580.00    0.00006
17590.00    0.00005
17600.00    0.00005
17610.00    0.00005
17620.00    0.00005
17630.00    0.00004
17640.00    0.00004
17650.00    0.00004
17660.00    0.00004
17670.00    0.00003
17680.00    0.00003
17690.00    0.00003
17700.00    0.00003
17710.00    0.00003
17720.00    0.00002
17730.00    0.00002
17740.00    0.00002
17750.00    0.00002
17760.00    0.00002
17770.00    0.00002
17780.00    0.00002
17790.00    0.00001
17800.00    0.00001
17810.00    0.00001
17820.00    0.00001
17830.00    0.00001
17840.00    0.00001
17850.00    0.00001
17860.00    0.00001
17870.00    0.00001
17880.00    0.00000
17890.00    0.00000
17900.00    0.00000
17910.00    0.00000
17920.00    0.00000
17930.00    0.00000
17940.00    0.00000
17950.00    0.00000
17960.00    0.00000
17970.00    0.00000
17980.00    0.00000
17990.00    0.00000
18000.00    0.00000
