7985 0
7985 1.777e-06
7990 1.27635e-06
7995 1.64591e-07
8000 -5.71965e-07
8005 1.45609e-07
8010 -1.73022e-06
8015 3.38226e-10
8020 -1.59861e-06
8025 -7.32124e-07
8030 -2.9327e-07
8035 7.34232e-07
8040 -1.03922e-06
8045 1.25773e-10
8050 -1.04224e-06
8055 8.96063e-07
8060 6.01528e-07
8065 -1.05668e-06
8070 1.97797e-06
8075 -7.62624e-07
8080 -7.73648e-07
8085 -1.08269e-06
8090 1.24342e-06
8095 -1.59388e-07
8100 -1.59619e-07
8105 -1.49859e-07
8110 2.21112e-06
8115 1.50292e-07
8120 1.79609e-06
8125 6.0291e-07
8130 9.05665e-07
8135 -7.65889e-07
8140 -9.18374e-07
8145 3.13303e-07
8150 -1.55865e-06
8155 2.19945e-06
8160 -1.10638e-06
8165 5.89563e-07
8170 -7.43096e-07
8175 -1.5291e-07
8180 9.03404e-10
8185 1.52327e-06
8190 9.21418e-07
8195 -2.64517e-06
8200 1.7249e-06
8205 1.11047e-06
8210 -4.84793e-10
8215 -8.97134e-07
8220 7.5386e-07
8225 -1.98561e-06
8230 -1.00649e-09
8235 -1.55575e-06
8240 1.55798e-07
8245 -3.18288e-06
8250 1.4479e-06
8255 6.05001e-07
8260 2.1518e-06
8265 3.09797e-10
8270 1.8289e-10
8275 -6.39846e-07
8280 9.66359e-07
8285 1.97749e-06
8290 6.21456e-07
8295 7.91084e-07
8300 1.58435e-07
8305 -7.50962e-07
8310 6.1431e-07
8315 2.66215e-06
8320 1.91175e-06
8325 -1.48895e-07
8330 -6.17703e-07
8335 2.07342e-09
8340 9.61144e-07
8345 9.08989e-07
8350 -9.31658e-07
8355 3.184e-10
8360 3.86573e-07
8365 -6.12912e-07
8370 1.61513e-07
8375 6.03807e-07
8380 7.34654e-11
8385 3.24353e-07
8390 9.96044e-07
8395 3.144e-07
8400 -2.09524e-06
8405 4.56576e-07
8410 -4.6808e-07
8415 1.51514e-06
8420 9.38691e-07
8425 -1.53017e-07
8430 1.14469e-09
8435 1.77541e-06
8440 1.70099e-06
8445 1.12087e-06
8450 2.78393e-06
8455 8.72489e-10
8460 8.60604e-07
8465 2.55213e-06
8470 1.10631e-08
8475 1.34043e-06
8480 2.3295e-06
8485 3.74334e-06
8490 -2.80297e-06
8495 6.01453e-07
8500 3.12289e-07
8505 9.15708e-07
8510 3.80163e-06
8515 3.5266e-06
8520 3.32929e-06
8525 9.31592e-07
8530 -1.12384e-07
8535 3.15074e-06
8540 3.33504e-06
8545 2.54959e-06
8550 -2.25914e-08
8555 -8.93503e-07
8560 3.13692e-06
8565 1.66683e-06
8570 2.06632e-06
8575 2.05281e-09
8580 4.42772e-06
8585 7.02041e-06
8590 4.07381e-06
8595 1.90809e-06
8600 2.98589e-06
8605 1.64946e-06
8610 4.5417e-06
8615 2.57228e-06
8620 3.01241e-06
8625 3.84507e-06
8630 2.59349e-06
8635 4.69721e-06
8640 2.26487e-06
8645 5.86597e-06
8650 4.83069e-06
8655 3.53765e-06
8660 5.72536e-06
8665 5.56973e-06
8670 7.74212e-06
8675 4.27805e-06
8680 6.40758e-06
8685 4.65102e-06
8690 3.55695e-06
8695 -2.06184e-06
8700 7.21369e-06
8705 3.05332e-06
8710 9.04153e-06
8715 2.34253e-06
8720 1.26104e-05
8725 4.08261e-06
8730 1.42352e-05
8735 5.91374e-07
8740 8.64428e-07
8745 5.85665e-06
8750 0.000169498
8755 5.60812e-05
8760 5.54002e-05
8765 3.91352e-05
8770 -0.000123704
8775 -3.05368e-05
8780 -4.53891e-05
8785 4.50618e-05
8790 1.89383e-06
8795 -2.17818e-05
8800 -2.69151e-05
8805 -5.01429e-05
8810 9.41945e-05
8815 -6.3183e-05
8820 -6.91656e-05
8825 8.23564e-05
8830 8.82439e-06
8835 -3.81043e-05
8840 4.66455e-05
8845 -5.8913e-05
8850 8.03222e-05
8855 4.08741e-05
8860 1.91085e-05
8865 2.12686e-05
8870 5.84077e-05
8875 -8.61278e-05
8880 -7.25575e-05
8885 9.66323e-05
8890 -1.17683e-05
8895 3.19658e-05
8900 4.92573e-08
8905 -2.30073e-05
8910 8.00829e-05
8915 1.15325e-05
8920 -4.22271e-05
8925 -0.000147199
8930 -0.000109256
8935 6.51061e-05
8940 2.95649e-05
8945 -3.17564e-05
8950 8.16217e-05
8955 8.09241e-05
8960 -2.54376e-05
8965 -6.12885e-05
8970 -3.50371e-05
8975 7.01993e-05
8980 -2.18838e-05
8985 2.94582e-05
8990 2.23292e-05
8995 -2.37569e-05
9000 -1.4166e-05
9005 2.18672e-05
9010 7.73174e-06
9015 -4.14139e-05
9020 -1.52197e-06
9025 4.63465e-06
9030 9.12736e-06
9035 -2.3532e-05
9040 -8.65149e-06
9045 3.05386e-05
9050 -2.57723e-05
9055 2.46004e-05
9060 2.04818e-07
9065 -8.20226e-06
9070 4.23426e-06
9075 -9.04375e-06
9080 -8.01265e-06
9085 3.57072e-05
9090 3.2101e-05
9095 1.92577e-05
9100 -3.91686e-05
9105 2.68212e-05
9110 1.93792e-05
9115 -7.4966e-06
9120 4.52683e-05
9125 -7.76194e-06
9130 -2.59699e-05
9135 2.62365e-05
9140 -4.02319e-05
9145 5.46406e-05
9150 2.88715e-05
9155 2.86977e-05
9160 -5.28636e-05
9165 1.77132e-05
9170 1.75905e-05
9175 -2.40361e-05
9180 8.5747e-05
9185 6.88838e-06
9190 2.07176e-05
9195 2.39449e-05
9200 2.00807e-05
9205 5.93775e-05
9210 7.52963e-05
9215 1.37488e-05
9220 5.47997e-05
9225 3.84732e-05
9230 9.90433e-05
9235 5.7391e-05
9240 1.20443e-07
9245 5.5891e-05
9250 7.6921e-05
9255 -1.21443e-05
9260 4.65532e-05
9265 5.72511e-05
9270 1.21496e-05
9275 7.23003e-05
9280 8.65316e-05
9285 6.05035e-06
9290 3.20786e-05
9295 7.20812e-05
9300 4.01619e-05
9305 7.12264e-05
9310 4.54219e-05
9315 6.47324e-05
9320 8.94695e-05
9325 4.45227e-05
9330 9.26855e-05
9335 0.000122371
9340 0.000106565
9345 4.35188e-05
9350 5.95953e-05
9355 6.19402e-05
9360 9.5396e-05
9365 8.52147e-05
9370 9.01151e-05
9375 0.000157964
9380 4.9948e-05
9385 6.52271e-05
9390 0.000157185
9395 0.000167167
9400 0.000160648
9405 0.000162519
9410 0.000185216
9415 0.000176502
9420 0.000196138
9425 0.000258147
9430 0.000242039
9435 0.000248642
9440 0.000314455
9445 0.000268413
9450 0.000286727
9455 0.000302066
9460 0.000339144
9465 0.000327832
9470 0.00034792
9475 0.00042012
9480 0.000349808
9485 0.000392711
9490 0.000421132
9495 0.000454578
9500 0.0004339
9505 0.00049404
9510 0.000514199
9515 0.000539846
9520 0.000538657
9525 0.000587995
9530 0.000612429
9535 0.000616482
9540 0.000666819
9545 0.000667884
9550 0.000662164
9555 0.000735524
9560 0.000725524
9565 0.000800347
9570 0.000824737
9575 0.000892465
9580 0.000890407
9585 0.000948822
9590 0.0009886
9595 0.0010069
9600 0.00104777
9605 0.0011207
9610 0.00110569
9615 0.00120342
9620 0.00124225
9625 0.00124631
9630 0.00136253
9635 0.001408
9640 0.00149577
9645 0.00158664
9650 0.00159694
9655 0.00169505
9660 0.00181796
9665 0.00190438
9670 0.00199226
9675 0.00201559
9680 0.00222358
9685 0.00228517
9690 0.00243886
9695 0.00254516
9700 0.00272984
9705 0.00285888
9710 0.00303769
9715 0.00320691
9720 0.0033787
9725 0.00355088
9730 0.00376357
9735 0.00399204
9740 0.00424475
9745 0.00448134
9750 0.00479418
9755 0.00500819
9760 0.00532087
9765 0.00566501
9770 0.00603656
9775 0.00643689
9780 0.00682458
9785 0.00726142
9790 0.00769649
9795 0.00820628
9800 0.00876732
9805 0.00939576
9810 0.00996847
9815 0.0105853
9820 0.0113407
9825 0.0120581
9830 0.012861
9835 0.0137564
9840 0.0146681
9845 0.0156702
9850 0.0166488
9855 0.0177566
9860 0.0189644
9865 0.0202774
9870 0.0216698
9875 0.023056
9880 0.0245667
9885 0.0260981
9890 0.0278346
9895 0.0297199
9900 0.0316076
9905 0.0335749
9910 0.0356662
9915 0.0378082
9920 0.0400606
9925 0.0424945
9930 0.0451257
9935 0.04767
9940 0.050307
9945 0.0530282
9950 0.0558791
9955 0.0587962
9960 0.0618283
9965 0.06496
9970 0.0679961
9975 0.0710162
9980 0.0742625
9985 0.0774549
9990 0.0808404
9995 0.0841019
10000 0.0873148
10005 0.090436
10010 0.0937056
10015 0.0969252
10020 0.10012
10025 0.103336
10030 0.106356
10035 0.109214
10040 0.11205
10045 0.114775
10050 0.117414
10055 0.119979
10060 0.122489
10065 0.124655
10070 0.126752
10075 0.128691
10080 0.130575
10085 0.132329
10090 0.133924
10095 0.135288
10100 0.136505
10105 0.137594
10110 0.138569
10115 0.139413
10120 0.140127
10125 0.140757
10130 0.141184
10135 0.141556
10140 0.141733
10145 0.141914
10150 0.141973
10155 0.141945
10160 0.141831
10165 0.14161
10170 0.141412
10175 0.141152
10180 0.140816
10185 0.140424
10190 0.139981
10195 0.13959
10200 0.139158
10205 0.138712
10210 0.138253
10215 0.137794
10220 0.137355
10225 0.136908
10230 0.13648
10235 0.136058
10240 0.135675
10245 0.135272
10250 0.13491
10255 0.13459
10260 0.134315
10265 0.134032
10270 0.133785
10275 0.13358
10280 0.133411
10285 0.133279
10290 0.133186
10295 0.133122
10300 0.133098
10305 0.133148
10310 0.133175
10315 0.133243
10320 0.133319
10325 0.133542
10330 0.133701
10335 0.133939
10340 0.134192
10345 0.134468
10350 0.134822
10355 0.135156
10360 0.135517
10365 0.13595
10370 0.136343
10375 0.136857
10380 0.137329
10385 0.137825
10390 0.138309
10395 0.13886
10400 0.139353
10405 0.139915
10410 0.140502
10415 0.141059
10420 0.141665
10425 0.142205
10430 0.142821
10435 0.143428
10440 0.144034
10445 0.144628
10450 0.14518
10455 0.145735
10460 0.14633
10465 0.146879
10470 0.14749
10475 0.147986
10480 0.148516
10485 0.148993
10490 0.149504
10495 0.149978
10500 0.150496
10505 0.150912
10510 0.151389
10515 0.151784
10520 0.15218
10525 0.152576
10530 0.152952
10535 0.153319
10540 0.153608
10545 0.153914
10550 0.154234
10555 0.15448
10560 0.154757
10565 0.155015
10570 0.155204
10575 0.155447
10580 0.155672
10585 0.155831
10590 0.155999
10595 0.156171
10600 0.156347
10605 0.156502
10610 0.156594
10615 0.156738
10620 0.156837
10625 0.156953
10630 0.157019
10635 0.15715
10640 0.157249
10645 0.157334
10650 0.157484
10655 0.157568
10660 0.157644
10665 0.157797
10670 0.157908
10675 0.158031
10680 0.158164
10685 0.158304
10690 0.158431
10695 0.15854
10700 0.158731
10705 0.158986
10710 0.159087
10715 0.159251
10720 0.159506
10725 0.159687
10730 0.159954
10735 0.160165
10740 0.160413
10745 0.160638
10750 0.160925
10755 0.161181
10760 0.161409
10765 0.161668
10770 0.16199
10775 0.16227
10780 0.162598
10785 0.162901
10790 0.1632
10795 0.163518
10800 0.163832
10805 0.164195
10810 0.164514
10815 0.164879
10820 0.16521
10825 0.165513
10830 0.16589
10835 0.166222
10840 0.166603
10845 0.16695
10850 0.16728
10855 0.167557
10860 0.167982
10865 0.168232
10870 0.1686
10875 0.168948
10880 0.169315
10885 0.169637
10890 0.169972
10895 0.170317
10900 0.170661
10905 0.170984
10910 0.171309
10915 0.171632
10920 0.171925
10925 0.172256
10930 0.172595
10935 0.172918
10940 0.173231
10945 0.173541
10950 0.173827
10955 0.174132
10960 0.174426
10965 0.174696
10970 0.174977
10975 0.1753
10980 0.175536
10985 0.17583
10990 0.176069
10995 0.176337
11000 0.17656
11005 0.176614
11010 0.176661
11015 0.176768
11020 0.176762
11025 0.176806
11030 0.176927
11035 0.176946
11040 0.176952
11045 0.177053
11050 0.177072
11055 0.17709
11060 0.177158
11065 0.177199
11070 0.177216
11075 0.17725
11080 0.177289
11085 0.177287
11090 0.177315
11095 0.177309
11100 0.177357
11105 0.177364
11110 0.177373
11115 0.177456
11120 0.177462
11125 0.177476
11130 0.17754
11135 0.177576
11140 0.177524
11145 0.177582
11150 0.177622
11155 0.177647
11160 0.17762
11165 0.177689
11170 0.177751
11175 0.177677
11180 0.177704
11185 0.177758
11190 0.1778
11195 0.177716
11200 0.177798
11205 0.177793
11210 0.17776
11215 0.177801
11220 0.17774
11225 0.177781
11230 0.177775
11235 0.177781
11240 0.177763
11245 0.17772
11250 0.177777
11255 0.177747
11260 0.177739
11265 0.177713
11270 0.177726
11275 0.177705
11280 0.177656
11285 0.177669
11290 0.177642
11295 0.177628
11300 0.177556
11305 0.177564
11310 0.177508
11315 0.17746
11320 0.177458
11325 0.177426
11330 0.177407
11335 0.17733
11340 0.177362
11345 0.177273
11350 0.177212
11355 0.177115
11360 0.177139
11365 0.177089
11370 0.177115
11375 0.177022
11380 0.177018
11385 0.176889
11390 0.17691
11395 0.176842
11400 0.176771
11405 0.176727
11410 0.176702
11415 0.176675
11420 0.176634
11425 0.176601
11430 0.176572
11435 0.176537
11440 0.176516
11445 0.176452
11450 0.176421
11455 0.176411
11460 0.176357
11465 0.176305
11470 0.17626
11475 0.176262
11480 0.176225
11485 0.176215
11490 0.176119
11495 0.176162
11500 0.17608
11505 0.176042
11510 0.176047
11515 0.17596
11520 0.175888
11525 0.175842
11530 0.175793
11535 0.175709
11540 0.175715
11545 0.175629
11550 0.175563
11555 0.175537
11560 0.175541
11565 0.175476
11570 0.175446
11575 0.175345
11580 0.175392
11585 0.175307
11590 0.175295
11595 0.175252
11600 0.175207
11605 0.175117
11610 0.175114
11615 0.17504
11620 0.17506
11625 0.175037
11630 0.174979
11635 0.174964
11640 0.174924
11645 0.174842
11650 0.174874
11655 0.174831
11660 0.174781
11665 0.17477
11670 0.1747
11675 0.174638
11680 0.17464
11685 0.17459
11690 0.174564
11695 0.174528
11700 0.17448
11705 0.174389
11710 0.174392
11715 0.174368
11720 0.174298
11725 0.174237
11730 0.174138
11735 0.174125
11740 0.174046
11745 0.173965
11750 0.174003
11755 0.173911
11760 0.173885
11765 0.173836
11770 0.173754
11775 0.173652
11780 0.173671
11785 0.173578
11790 0.173558
11795 0.173526
11800 0.173452
11805 0.173505
11810 0.17333
11815 0.173345
11820 0.173289
11825 0.173253
11830 0.173205
11835 0.173152
11840 0.173071
11845 0.173066
11850 0.173062
11855 0.17299
11860 0.172955
11865 0.172921
11870 0.172937
11875 0.172906
11880 0.172868
11885 0.172881
11890 0.172915
11895 0.172857
11900 0.17287
11905 0.172865
11910 0.172875
11915 0.172832
11920 0.172866
11925 0.17288
11930 0.172887
11935 0.172912
11940 0.173024
11945 0.172959
11950 0.172987
11955 0.173007
11960 0.173099
11965 0.173129
11970 0.173125
11975 0.173229
11980 0.173199
11985 0.173289
11990 0.173385
11995 0.173458
12000 0.173548
12005 0.173642
12010 0.173836
12015 0.173973
12020 0.174108
12025 0.174283
12030 0.174441
12035 0.17458
12040 0.174779
12045 0.174913
12050 0.1751
12055 0.1753
12060 0.175362
12065 0.175579
12070 0.175773
12075 0.175976
12080 0.176093
12085 0.17627
12090 0.176494
12095 0.176673
12100 0.176791
12105 0.177028
12110 0.177188
12115 0.177357
12120 0.177516
12125 0.177688
12130 0.177859
12135 0.177986
12140 0.178217
12145 0.17834
12150 0.178529
12155 0.178679
12160 0.178813
12165 0.178972
12170 0.179077
12175 0.17925
12180 0.179358
12185 0.179415
12190 0.179545
12195 0.179651
12200 0.179725
12205 0.179794
12210 0.17991
12215 0.179959
12220 0.180006
12225 0.180064
12230 0.180036
12235 0.180109
12240 0.180166
12245 0.180146
12250 0.180193
12255 0.180131
12260 0.180176
12265 0.180176
12270 0.18004
12275 0.180046
12280 0.179959
12285 0.179883
12290 0.179796
12295 0.179681
12300 0.179551
12305 0.179501
12310 0.179415
12315 0.179299
12330 0.17887
12335 0.17871
12340 0.178524
12345 0.178372
12350 0.178198
12355 0.177965
12360 0.177805
12365 0.177575
12370 0.177326
12375 0.177117
12380 0.176894
12385 0.176661
12390 0.176356
12395 0.176145
12400 0.175895
12405 0.175621
12410 0.175353
12415 0.175097
12420 0.174787
12425 0.17449
12430 0.174213
12435 0.17394
12440 0.173639
12445 0.173367
12450 0.173077
12455 0.172778
12460 0.17243
12465 0.172179
12470 0.171866
12475 0.171603
12480 0.171358
12485 0.171032
12490 0.170715
12495 0.170476
12500 0.17018
12505 0.169867
12510 0.169601
12515 0.169284
12520 0.169011
12525 0.168771
12530 0.168475
12535 0.168256
12540 0.167998
12545 0.167734
12550 0.167494
12555 0.167282
12560 0.167036
12565 0.166794
12570 0.166611
12575 0.166396
12580 0.166164
12585 0.165958
12590 0.16576
12595 0.165581
12600 0.165406
12605 0.16527
12610 0.165086
12615 0.164937
12620 0.164779
12625 0.164677
12630 0.164544
12635 0.164452
12640 0.164351
12645 0.164229
12650 0.164091
12655 0.164083
12660 0.163975
12665 0.163914
12670 0.163911
12675 0.163823
12680 0.163801
12685 0.163786
12690 0.163779
12695 0.163767
12700 0.163803
12705 0.163763
12710 0.163793
12715 0.163791
12720 0.163852
12725 0.163873
12730 0.163914
12735 0.163995
12740 0.163999
12745 0.164126
12750 0.164142
12755 0.164248
12760 0.164329
12765 0.164448
12770 0.164547
12775 0.164738
12780 0.164823
12785 0.164994
12790 0.165104
12795 0.165262
12800 0.165489
12805 0.165603
12810 0.165788
12815 0.165973
12820 0.166134
12825 0.166344
12830 0.166583
12835 0.166785
12840 0.166946
12845 0.167179
12850 0.167431
12855 0.167683
12860 0.16791
12865 0.16815
12870 0.1684
12875 0.168578
12880 0.168908
12885 0.169141
12890 0.169365
12895 0.169646
12900 0.169925
12905 0.170126
12910 0.170372
12915 0.170685
12920 0.170895
12925 0.17111
12930 0.171465
12935 0.17174
12940 0.171989
12945 0.17228
12950 0.172486
12955 0.172759
12960 0.172989
12965 0.173247
12970 0.173506
12975 0.173781
12980 0.173997
12985 0.174267
12990 0.174507
12995 0.174795
13000 0.175055
13005 0.175401
13010 0.175774
13015 0.176097
13020 0.17646
13025 0.176823
13030 0.177218
13035 0.177523
13040 0.177845
13045 0.178204
13050 0.178505
13055 0.178838
13060 0.179082
13065 0.179479
13070 0.179792
13075 0.180115
13080 0.180428
13085 0.18073
13090 0.180983
13095 0.181261
13100 0.181537
13105 0.181797
13110 0.182017
13115 0.182261
13120 0.182553
13125 0.1828
13130 0.182997
13135 0.183226
13140 0.183461
13145 0.183655
13150 0.183847
13155 0.184057
13160 0.184249
13165 0.184452
13170 0.184586
13175 0.184812
13180 0.184988
13185 0.18513
13190 0.185319
13195 0.185445
13200 0.185633
13205 0.185724
13210 0.185936
13215 0.186041
13220 0.18627
13225 0.186402
13230 0.186502
13235 0.186638
13240 0.18681
13245 0.186929
13250 0.187052
13255 0.187162
13260 0.187249
13265 0.187377
13270 0.187451
13275 0.187613
13280 0.187715
13285 0.187762
13290 0.187898
13295 0.18801
13300 0.188064
13305 0.188216
13310 0.188227
13315 0.188361
13320 0.188408
13325 0.188506
13330 0.188594
13335 0.188635
13340 0.188686
13345 0.188782
13350 0.188849
13355 0.188906
13360 0.18904
13365 0.189091
13370 0.189193
13375 0.189227
13380 0.189249
13385 0.189316
13390 0.189403
13395 0.189498
13400 0.189532
13405 0.189598
13410 0.189643
13415 0.189741
13420 0.189816
13425 0.18984
13430 0.189968
13435 0.190046
13440 0.190115
13445 0.190228
13450 0.190283
13455 0.190377
13460 0.190485
13465 0.190578
13470 0.19067
13475 0.190731
13480 0.190824
13485 0.190895
13490 0.190995
13495 0.19112
13500 0.191172
13505 0.191265
13510 0.191377
13515 0.191468
13520 0.191618
13525 0.191659
13530 0.191797
13535 0.191866
13540 0.192006
13545 0.192067
13550 0.192142
13555 0.192242
13560 0.192362
13565 0.192443
13570 0.192556
13575 0.19261
13580 0.19276
13585 0.192879
13590 0.193013
13595 0.193117
13600 0.193249
13605 0.193298
13610 0.193381
13615 0.193489
13620 0.193458
13625 0.19364
13630 0.19377
13635 0.193883
13640 0.193915
13645 0.193988
13650 0.194082
13655 0.194167
13660 0.194248
13665 0.194315
13670 0.194468
13675 0.194479
13680 0.194564
13685 0.194573
13690 0.19458
13695 0.194656
13700 0.19468
13705 0.194618
13710 0.194599
13715 0.194568
13720 0.194535
13725 0.194402
13730 0.194284
13735 0.19426
13740 0.194219
13745 0.194085
13750 0.193982
13755 0.193813
13760 0.193774
13765 0.193656
13770 0.19352
13775 0.193485
13780 0.193459
13785 0.193345
13790 0.193305
13795 0.193358
13800 0.193331
13805 0.193275
13810 0.193325
13815 0.193331
13820 0.193321
13825 0.193361
13830 0.19342
13835 0.193529
13840 0.193696
13845 0.193794
13850 0.193885
13855 0.194093
13860 0.194192
13865 0.194336
13870 0.194588
13875 0.194754
13880 0.194905
13885 0.19505
13890 0.195278
13895 0.195478
13900 0.195689
13905 0.195872
13910 0.196153
13915 0.196333
13920 0.196579
13925 0.196814
13930 0.196974
13935 0.197207
13940 0.197465
13945 0.197656
13950 0.197881
13955 0.19813
13960 0.198348
13965 0.19854
13970 0.198757
13975 0.199055
13980 0.199269
13985 0.199509
13990 0.199715
13995 0.19992
14000 0.200121
14005 0.200342
14010 0.200566
14015 0.200708
14020 0.200926
14025 0.201165
14030 0.201416
14035 0.20149
14040 0.201734
14045 0.201959
14050 0.202102
14055 0.202274
14060 0.202539
14065 0.202716
14070 0.202899
14075 0.203048
14080 0.203254
14085 0.203412
14090 0.203639
14095 0.203759
14100 0.203987
14105 0.20413
14110 0.204341
14115 0.204489
14120 0.204687
14125 0.204895
14130 0.205064
14135 0.205269
14140 0.205348
14145 0.205583
14150 0.205809
14155 0.205915
14160 0.206125
14165 0.206316
14170 0.206497
14175 0.206719
14180 0.206808
14185 0.206989
14190 0.207135
14195 0.20737
14200 0.207504
14205 0.207746
14210 0.207896
14215 0.208086
14220 0.208299
14225 0.208437
14230 0.208614
14235 0.208793
14240 0.208963
14245 0.209113
14250 0.209333
14255 0.209437
14260 0.209653
14265 0.209791
14270 0.209966
14275 0.210145
14280 0.210317
14285 0.210429
14290 0.210636
14295 0.21085
14300 0.211036
14305 0.211125
14310 0.21127
14315 0.211469
14320 0.211642
14325 0.211701
14330 0.211864
14335 0.212063
14340 0.212181
14345 0.2123
14350 0.212445
14355 0.212601
14360 0.212746
14365 0.212843
14370 0.213002
14375 0.213139
14380 0.213257
14385 0.213383
14390 0.213473
14395 0.21358
14400 0.213711
14405 0.213886
14410 0.213964
14415 0.214085
14420 0.214234
14425 0.21431
14430 0.214433
14435 0.214578
14440 0.214701
14445 0.214747
14450 0.214843
14455 0.214984
14460 0.215014
14465 0.21505
14470 0.215176
14475 0.215249
14480 0.215317
14485 0.215406
14490 0.215518
14495 0.215605
14500 0.215642
14505 0.215734
14510 0.215796
14515 0.216002
14520 0.215936
14525 0.216018
14530 0.21605
14535 0.21615
14540 0.216138
14545 0.216247
14550 0.216281
14555 0.216282
14560 0.216383
14565 0.216388
14570 0.216425
14575 0.216446
14580 0.216516
14585 0.216528
14590 0.216553
14595 0.216618
14600 0.216621
14605 0.216557
14610 0.216607
14615 0.216656
14620 0.21675
14625 0.216758
14630 0.216744
14635 0.21673
14640 0.216747
14645 0.216752
14650 0.216755
14655 0.216808
14660 0.216793
14665 0.216849
14670 0.21677
14675 0.21676
14680 0.21685
14685 0.216899
14690 0.216834
14695 0.21692
14700 0.216873
14705 0.216902
14710 0.216941
14715 0.216971
14720 0.216987
14725 0.217011
14730 0.217107
14735 0.217147
14740 0.217182
14745 0.217229
14750 0.217282
14755 0.217307
14760 0.217337
14765 0.217399
14770 0.217464
14775 0.217475
14780 0.217583
14785 0.217668
14790 0.217665
14795 0.217823
14800 0.217867
14805 0.217903
14810 0.217956
14815 0.218098
14820 0.21812
14825 0.218226
14830 0.218309
14835 0.218385
14840 0.218495
14845 0.218563
14850 0.218645
14855 0.218806
14860 0.218928
14865 0.219023
14870 0.219149
14875 0.219215
14880 0.219356
14885 0.219507
14890 0.219616
14895 0.219787
14900 0.219889
14905 0.220083
14910 0.220184
14915 0.220307
14920 0.220556
14925 0.220681
14930 0.22083
14935 0.221008
14940 0.22125
14945 0.221374
14950 0.221616
14955 0.221743
14960 0.221968
14965 0.222184
14970 0.222402
14975 0.222629
14980 0.222819
14985 0.223063
14990 0.223256
14995 0.223486
15000 0.223683
15005 0.223887
15010 0.224029
15015 0.2242
15020 0.224307
15025 0.224601
15030 0.224625
15035 0.224842
15040 0.225067
15045 0.225241
15050 0.225427
15055 0.225607
15060 0.225812
15065 0.225993
15070 0.226217
15075 0.226448
15080 0.226657
15085 0.226846
15090 0.227034
15095 0.227174
15100 0.227462
15105 0.227665
15110 0.227971
15115 0.228037
15120 0.228387
15125 0.228575
15130 0.228803
15135 0.229011
15140 0.229256
15145 0.229577
15150 0.229738
15155 0.229925
15160 0.230166
15165 0.23045
15170 0.23068
15175 0.230982
15180 0.231136
15185 0.231374
15190 0.231571
15195 0.231882
15200 0.232072
15205 0.232355
15210 0.23258
15215 0.232853
15220 0.232991
15225 0.233244
15230 0.233392
15235 0.233684
15240 0.233933
15245 0.234034
15250 0.234306
15255 0.234511
15260 0.234797
15265 0.234957
15270 0.235162
15275 0.235308
15280 0.235554
15285 0.235685
15290 0.235912
15295 0.236048
15300 0.236184
15305 0.236309
15310 0.23646
15315 0.236604
15320 0.236764
15325 0.236801
15330 0.236987
15335 0.236997
15340 0.237056
15345 0.237155
15350 0.237219
15355 0.237315
15360 0.237383
15365 0.237452
15370 0.237512
15375 0.237547
15380 0.237579
15385 0.237657
15390 0.237662
15395 0.237644
15400 0.237642
15405 0.2377
15410 0.237675
15415 0.237777
15420 0.237723
15425 0.237717
15430 0.237694
15435 0.237823
15440 0.237691
15445 0.237666
15450 0.237628
15455 0.237512
15460 0.237497
15465 0.23741
15470 0.237426
15475 0.237282
15480 0.23719
15485 0.237107
15490 0.23706
15495 0.236909
15500 0.236794
15505 0.236659
15510 0.236562
15515 0.236306
15520 0.236091
15525 0.236008
15530 0.235797
15535 0.23556
15540 0.235377
15545 0.235182
15550 0.234956
15555 0.23473
15560 0.23454
15565 0.234366
15570 0.234105
15575 0.233916
15580 0.233653
15585 0.233406
15590 0.233154
15595 0.232887
15600 0.23274
15605 0.232485
15610 0.232215
15615 0.232033
15620 0.231713
15625 0.231472
15630 0.231303
15635 0.231073
15640 0.230816
15645 0.230609
15650 0.230303
15655 0.230091
15660 0.229786
15665 0.229482
15670 0.229323
15675 0.228976
15680 0.228711
15685 0.228464
15690 0.228263
15695 0.22795
15700 0.22777
15705 0.227504
15710 0.227286
15715 0.227059
15720 0.226766
15725 0.226573
15730 0.226369
15735 0.226185
15740 0.225891
15745 0.225704
15750 0.225475
15755 0.225245
15760 0.225007
15765 0.224836
15770 0.224611
15775 0.224427
15780 0.22429
15785 0.224069
15790 0.223907
15795 0.223659
15800 0.223552
15805 0.223327
15810 0.223241
15815 0.223081
15820 0.222877
15825 0.222713
15830 0.222582
15835 0.222462
15840 0.222333
15845 0.222109
15850 0.222064
15855 0.221929
15860 0.221851
15865 0.221752
15870 0.221646
15875 0.22153
15880 0.221467
15885 0.221373
15890 0.221269
15895 0.221266
15900 0.221181
15905 0.22121
15910 0.221161
15915 0.221156
15920 0.221159
15925 0.221171
15930 0.221175
15935 0.221305
15940 0.221247
15945 0.221327
15950 0.221392
15955 0.221419
15960 0.221456
15965 0.221548
15970 0.2217
15975 0.221676
15980 0.221754
15985 0.221878
15990 0.221925
15995 0.222071
16000 0.222191
16005 0.222433
16010 0.22274
16015 0.223004
16020 0.223284
16025 0.223629
16030 0.223904
16035 0.224174
16040 0.224506
16045 0.224866
16050 0.225164
16055 0.225588
16060 0.225915
16065 0.226183
16070 0.226569
16075 0.226904
16080 0.227307
16085 0.227613
16090 0.228094
16095 0.228485
16100 0.228832
16105 0.22927
16110 0.229671
16115 0.229974
16120 0.230403
16125 0.230968
16130 0.23138
16135 0.231777
16140 0.232309
16145 0.232717
16150 0.233124
16155 0.233673
16160 0.23413
16165 0.234525
16170 0.235027
16175 0.235442
16180 0.23598
16185 0.236418
16190 0.23691
16195 0.237361
16200 0.237898
16205 0.238337
16210 0.238765
16215 0.239292
16220 0.239756
16225 0.240236
16230 0.240785
16235 0.241222
16240 0.24172
16245 0.242174
16250 0.242659
16255 0.243107
16260 0.243613
16265 0.244105
16270 0.24457
16275 0.24501
16280 0.245545
16285 0.245922
16290 0.2464
16295 0.246887
16300 0.247418
16305 0.247784
16310 0.248245
16315 0.248791
16320 0.249192
16325 0.249559
16330 0.250067
16335 0.250476
16340 0.25091
16345 0.251341
16350 0.251831
16355 0.252124
16360 0.252656
16365 0.252999
16370 0.253411
16375 0.253764
16380 0.254253
16385 0.254597
16390 0.255054
16395 0.255334
16400 0.255749
16405 0.256229
16410 0.256489
16415 0.25689
16420 0.257204
16425 0.257543
16430 0.257874
16435 0.258197
16440 0.258551
16445 0.258881
16450 0.259085
16455 0.259467
16460 0.259752
16465 0.260115
16470 0.260413
16475 0.260665
16480 0.26094
16485 0.261244
16490 0.261478
16495 0.261787
16500 0.261984
16505 0.26224
16510 0.262517
16515 0.262655
16520 0.262959
16525 0.263241
16530 0.263349
16535 0.263577
16540 0.263862
16545 0.264016
16550 0.264173
16555 0.264484
16560 0.264588
16565 0.264804
16570 0.265045
16575 0.265138
16580 0.265384
16585 0.265561
16590 0.265714
16595 0.265897
16600 0.266106
16605 0.266269
16610 0.266426
16615 0.266629
16620 0.266721
16625 0.267005
16630 0.267078
16635 0.267321
16640 0.267493
16645 0.267581
16650 0.267731
16655 0.267999
16660 0.268095
16665 0.26821
16670 0.268454
16675 0.268588
16680 0.26883
16685 0.268901
16690 0.269119
16695 0.269302
16700 0.269438
16705 0.269646
16710 0.269891
16715 0.269944
16720 0.270152
16725 0.27034
16730 0.270577
16735 0.270743
16740 0.270906
16745 0.271061
16750 0.271246
16755 0.27151
16760 0.271679
16765 0.272041
16770 0.272234
16775 0.272398
16780 0.272689
16785 0.272835
16790 0.273072
16795 0.273411
16800 0.273654
16805 0.273874
16810 0.2742
16815 0.274418
16820 0.274695
16825 0.274985
16830 0.27529
16835 0.275622
16840 0.275918
16845 0.276223
16850 0.276508
16855 0.276801
16860 0.277144
16865 0.277405
16870 0.277755
16875 0.278072
16880 0.278481
16885 0.278901
16890 0.279107
16895 0.279494
16900 0.279896
16905 0.280297
16910 0.280603
16915 0.28102
16920 0.281379
16925 0.281616
16930 0.282046
16935 0.282454
16940 0.28273
16945 0.283143
16950 0.283473
16955 0.283915
16960 0.284199
16965 0.284721
16970 0.285111
16975 0.285371
16980 0.285829
16985 0.286198
16990 0.286577
16995 0.286898
17000 0.287346
17005 0.287556
17010 0.287722
17015 0.287838
17020 0.288074
17025 0.288251
17030 0.288497
17035 0.288567
17040 0.288686
17045 0.288922
17050 0.289072
17055 0.289036
17060 0.289255
17065 0.289395
17070 0.289593
17075 0.289711
17080 0.289702
17085 0.289771
17090 0.289925
17095 0.289928
17100 0.289956
17105 0.290105
17110 0.290152
17115 0.290302
17120 0.290261
17125 0.290371
17130 0.290404
17135 0.290299
17140 0.290368
17145 0.290321
17150 0.290239
17155 0.290304
17160 0.290231
17165 0.290024
17170 0.290021
17175 0.289971
17180 0.289731
17185 0.289574
17190 0.289448
17195 0.289174
17200 0.289047
17205 0.28882
17210 0.288622
17215 0.288421
17220 0.288086
17225 0.287848
17230 0.287616
17235 0.287353
17240 0.286994
17245 0.286655
17250 0.286309
17255 0.285902
17260 0.285569
17265 0.285128
17270 0.284651
17275 0.284327
17280 0.283934
17285 0.28355
17290 0.282973
17295 0.282473
17300 0.282084
17305 0.28157
17310 0.281008
17315 0.280594
17320 0.280011
17325 0.279435
17330 0.278977
17335 0.278415
17340 0.277857
17345 0.27734
17350 0.276743
17355 0.276184
17360 0.275642
17365 0.27509
17370 0.274631
17375 0.274015
17380 0.273532
17385 0.272927
17390 0.27225
17395 0.271784
17400 0.271283
17405 0.270678
17410 0.270274
17415 0.269781
17420 0.269241
17425 0.268772
17430 0.268371
17435 0.267886
17440 0.26748
17445 0.267076
17450 0.266673
17455 0.266302
17460 0.266118
17465 0.265667
17470 0.265317
17475 0.265018
17480 0.264758
17485 0.264551
17490 0.264225
17495 0.264163
17500 0.264002
17505 0.263892
17510 0.263677
17515 0.263534
17520 0.2634
17525 0.263399
17530 0.263479
17535 0.263507
17540 0.263455
17545 0.263646
17550 0.263685
17555 0.263898
17560 0.264104
17565 0.26426
17570 0.264652
17575 0.264965
17580 0.265255
17585 0.265627
17590 0.266021
17595 0.26651
17600 0.266908
17605 0.26756
17610 0.268187
17615 0.268787
17620 0.269496
17625 0.270345
17630 0.2709
17635 0.271676
17640 0.272498
17645 0.273381
17650 0.274159
17655 0.275075
17660 0.276085
17665 0.277082
17670 0.278065
17675 0.279066
17680 0.280097
17685 0.281171
17690 0.282008
17695 0.283089
17700 0.284134
17705 0.285081
17710 0.286035
17715 0.286967
17720 0.287981
17725 0.28887
17730 0.289698
17735 0.29039
17740 0.291354
17745 0.291879
17750 0.292499
17755 0.293066
17760 0.293337
17765 0.293501
17770 0.293582
17775 0.293501
17780 0.293405
17785 0.293178
17790 0.292461
17795 0.291681
17800 0.290801
17805 0.289526
17810 0.288247
17815 0.286586
17820 0.284698
17825 0.282418
17830 0.279872
17835 0.277383
17840 0.274464
17845 0.271276
17850 0.267808
17855 0.263916
17860 0.259852
17865 0.255469
17870 0.251139
17875 0.246315
17880 0.241699
17885 0.236519
17890 0.23096
17895 0.225608
17900 0.219972
17905 0.214307
17910 0.208728
17915 0.202764
17920 0.196659
17925 0.190468
17930 0.184566
17935 0.178696
17940 0.172902
17945 0.166877
17950 0.161037
17955 0.155098
17960 0.149195
17965 0.143719
17970 0.138248
17975 0.133011
17980 0.127781
17985 0.122587
17990 0.117594
17995 0.112728
18000 0.108125
18005 0.103573
18010 0.0991431
18015 0.0946582
18020 0.0905838
18025 0.0867055
18030 0.0828694
18035 0.0794073
18040 0.075969
18045 0.0726313
18050 0.0694469
18055 0.0662034
18060 0.0633926
18065 0.0604461
18070 0.0579415
18075 0.0553868
18080 0.0526919
18085 0.050489
18090 0.0483034
18095 0.0463415
18100 0.0444064
18105 0.0425175
18110 0.040485
18115 0.0385742
18120 0.0368551
18125 0.035388
18130 0.0340206
18135 0.0325651
18140 0.031144
18145 0.0298462
18150 0.0285764
18155 0.0272012
18160 0.0260627
18165 0.0250751
18170 0.0239699
18175 0.0229341
18180 0.0221251
18185 0.0213292
18190 0.0205068
18195 0.0196973
18200 0.0188539
18205 0.017841
18210 0.0171462
18215 0.0163004
18220 0.0160037
18225 0.0152614
18230 0.0146647
18235 0.0141289
18240 0.0136777
18245 0.0130372
18250 0.012683
18255 0.0122442
18260 0.0118265
18265 0.0111008
18270 0.0108732
18275 0.0104428
18280 0.0100856
18285 0.00967952
18290 0.00939985
18295 0.00899486
18300 0.00855259
18305 0.00831083
18310 0.00798312
18315 0.00781318
18320 0.00748746
18325 0.00725509
18330 0.00705476
18335 0.00688675
18340 0.00643056
18345 0.00636405
18350 0.0062551
18355 0.00592469
18360 0.00566615
18365 0.00557026
18370 0.00511277
18375 0.00516405
18380 0.00490643
18385 0.00470977
18390 0.00468228
18395 0.00448744
18400 0.00437306
18405 0.00415055
18410 0.00420627
18415 0.0039388
18420 0.00374844
18425 0.00360329
18430 0.00342758
18435 0.00344443
18440 0.0034854
18445 0.00330843
18450 0.00320333
18455 0.00314635
18460 0.00309118
18465 0.00299041
18470 0.00266244
18475 0.0027282
18480 0.00262414
18485 0.00250628
18490 0.00243201
18495 0.00226028
18500 0.00247431
18505 0.00231233
18510 0.00194723
18515 0.00209155
18520 0.00212876
18525 0.00190513
18530 0.00197517
18535 0.00178215
18540 0.00196778
18545 0.00176595
18550 0.00162633
18555 0.00174116
18560 0.00171885
18565 0.00156751
18570 0.00145764
18575 0.00133056
18580 0.00142532
18585 0.00140885
18590 0.00138055
18595 0.00135516
18600 0.00132561
18605 0.00132238
18610 0.0012402
18615 0.00128939
18620 0.00107991
18625 0.00109006
18630 0.00110086
18635 0.00112404
18640 0.00101214
18645 0.00107656
18650 0.000998388
18655 0.000987622
18660 0.0010078
18665 0.000955993
18670 0.0010265
18675 0.000945975
18680 0.000671941
18685 0.000926076
18690 0.001074
18695 0.000843393
18700 0.000748834
18705 0.000832953
18710 0.000542021
18715 0.000727035
18720 0.00074899
18725 0.000658176
18730 0.000576741
18735 0.000648206
18740 0.00049948
18745 0.000642848
18750 0.000676539
18755 0.000644813
18760 0.000645174
18765 0.00056252
18770 0.000555022
18775 0.000622907
18780 0.000541792
18785 0.000598756
18790 0.000549283
18795 0.000501375
18800 0.000529499
18805 0.000407161
18810 0.000439183
18815 0.000376234
18820 0.000611356
18825 0.000391556
18830 0.000431413
18835 0.000408903
18840 0.000424715
18845 0.000365658
18850 0.000329072
18855 0.000427541
18860 0.00045596
18865 0.000370387
18870 0.000364594
18875 0.000227153
18880 0.00033957
18885 0.00028416
18890 0.000436977
18895 0.000454256
18900 0.000490488
18905 0.000316679
18910 0.000199216
18915 0.000226841
18920 0.000233022
18925 0.000275482
18930 0.000159729
18935 0.000332151
18940 0.000197602
18945 0.000386835
18950 0.000144105
18955 0.000361836
18960 0.000266138
18965 0.0003508
18970 0.000337364
18975 0.000338943
18980 0.000176522
18985 0.000211719
18990 0.000113702
18995 0.00016288
19000 0.000120749
19005 0.000283368
19010 0.000296888
19015 6.62288e-05
19020 0.000218377
19025 0.000106616
19030 0.00033183
19035 0.000177581
19040 0.000192718
19045 0.000293562
19050 0.000160799
19055 7.51591e-05
19060 0.000169026
19065 0.000174234
19070 0.000271961
19075 5.62575e-05
19080 0.000110611
19085 0.000276592
19090 0.000228699
19095 0.000196374
19100 7.63997e-05
19105 -6.71019e-05
19110 0.000218594
19115 0.000232013
19120 0.000224273
19125 3.6992e-07
19130 0.000291853
19135 0.000205891
19140 0.000335215
19145 6.99574e-05
19150 3.95318e-05
19155 7.75482e-05
19160 0.000171473
19165 8.46245e-05
19170 0.000177571
19175 0.000328137
19180 2.1884e-05
19185 0.000101224
19190 0.000336743
19195 0.000162283
19200 0.000120309
19205 -0.000118945
19210 8.3277e-05
19215 0.000121613
19220 1.96743e-05
19225 6.77607e-05
19230 -0.000105999
19235 1.0435e-05
19240 9.80086e-05
19245 0.000146135
19250 5.81832e-05
19255 8.69878e-05
19260 3.91519e-05
19265 9.9104e-05
19270 -0.000149505
19275 3.02516e-05
19280 -5.04018e-05
19285 0.000271322
19290 1.24593e-07
19295 5.96965e-05
19300 0.000118459
19305 0.000214566
19310 5.87457e-05
19315 1.01365e-05
19320 0.000165721
19325 0.000107503
19330 0.000283231
19335 8.83573e-05
19340 9.83732e-06
19345 6.5599e-07
19350 8.89254e-05
19355 -5.9132e-05
19360 0.000120045
19365 0.000181647
19370 -0.000100245
19375 0.000143383
19380 -9.06585e-05
19385 3.09264e-05
19390 0.000224837
19395 8.09887e-05
19400 0.000120324
19405 1.88017e-07
19410 2.98102e-05
19415 8.85813e-05
19420 2.23014e-05
19425 0.000148064
19430 5.96651e-05
19435 0.000129415
19440 9.01676e-05
19445 -2.99397e-05
19450 -1.97986e-05
19455 5.98863e-05
19460 -8.95907e-05
19465 0.00017949
19470 7.03588e-05
19475 8.22163e-05
19480 3.01011e-05
19485 7.00796e-05
19490 7.00388e-05
19495 7.9863e-05
19500 -0.000169077
19505 9.00064e-05
19510 7.03191e-05
19515 7.07844e-05
19520 6.07372e-05
19525 -0.000263399
19530 5.28172e-05
19535 0.000144599
19540 6.14501e-05
19545 -6.96913e-05
19550 0.000102294
19555 9.37531e-05
19560 -5.0991e-05
19565 -2.02638e-05
19570 7.35122e-05
19575 -7.17623e-05
19580 7.20078e-05
19585 0.00015462
19590 -7.21502e-05
19595 5.16478e-05
19600 -2.05962e-05
19605 -0.000165552
19610 -0.000155666
19615 0.000105399
19620 -6.24718e-05
19625 6.27458e-05
19630 -1.03657e-05
19635 -0.000125064
19640 1.1995e-05
19645 0.000166997
19650 -5.20538e-05
19655 7.46824e-05
19660 -0.000188279
19665 3.14854e-05
19670 -2.09439e-05
19675 -8.41212e-05
19680 6.33186e-05
19685 4.23748e-05
19690 -8.43934e-05
19695 -7.41075e-05
19700 6.40062e-05
19705 0.000149199
19710 2.23701e-07
19715 0.0001177
19720 7.48861e-05
19725 5.36377e-05
19730 -6.43065e-05
19735 0.000118824
19740 -6.37344e-05
19745 -0.000118315
19750 6.40584e-08
19755 -4.2389e-05
19760 0.00020516
19765 0.000151621
19770 2.1938e-05
19775 -0.000141041
19780 -0.000141153
19785 -3.24912e-05
19790 4.41605e-05
19795 0.000109716
19800 0.000164904
19805 5.52343e-05
19810 6.635e-05
19815 0.000165403
19820 0.000143513
19825 0.000187642
19830 6.76371e-07
19835 -0.000221479
19840 1.09587e-05
19845 -0.000155927
19850 0.000201139
19855 8.94094e-05
19860 -3.33752e-05
19865 0.000101065
19870 6.74764e-05
19875 1.15032e-05
19880 0.000112908
19885 0.000135454
19890 -9.04105e-05
19895 -5.6628e-05
19900 0.000136214
19905 -0.00011301
19910 1.14668e-05
19915 1.15031e-05
19920 -9.06948e-05
19925 0.000137287
19930 -1.12553e-05
19935 3.45559e-05
19940 -6.88431e-05
19945 1.15914e-05
19950 2.21836e-05
19955 1.18266e-05
19960 9.26616e-05
19965 -4.61351e-05
19970 2.33518e-05
19975 -1.16148e-05
19980 0.000301857
19985 0.000140317
19990 -0.000245133
19995 -0.00015227
20000 -0.000213327
20000 0
