8998 0
8998 -0.000784495
9000 -0.000538797
9002 -0.000205946
9004 -5.08961e-05
9006 0.000381346
9008 0.000227162
9010 0.000426533
9012 5.01837e-05
9014 -0.000125215
9016 -7.04779e-07
9018 -2.52381e-05
9020 4.98386e-05
9022 0.000219195
9024 -0.000446953
9026 0.000365687
9028 -0.000462315
9030 0.000384506
9032 -3.81753e-07
9034 -2.42077e-05
9036 -0.000167924
9038 -9.62337e-05
9040 -0.000378441
9042 0.000214321
9044 -0.000143386
9046 4.88313e-05
9048 -2.35649e-05
9050 -7.00963e-05
9052 -0.000256512
9054 -0.000116105
9056 0.00011503
9058 -9.26386e-05
9060 -2.2806e-05
9062 -0.000182692
9064 -2.14925e-07
9066 -0.000159414
9068 -6.77312e-05
9070 0.000134495
9072 6.61064e-05
9074 -8.97556e-05
9076 -0.000243665
9078 0.000310458
9080 4.34879e-05
9082 -0.000265596
9084 -0.000307331
9086 0.000109398
9088 -0.000174352
9090 -8.75468e-05
9092 -0.000151515
9094 0.000235935
9096 6.45229e-05
9098 -0.000150043
9100 -0.000128313
9102 -0.000149138
9104 3.42592e-07
9106 -0.000105421
9108 0.000168022
9110 -2.10887e-05
9112 -0.000146033
9114 -0.000313914
9116 -0.000103594
9118 -8.26862e-05
9120 0.000308436
9122 -0.000244251
9124 -6.13711e-05
9126 -0.000122481
9128 5.05417e-07
9130 0.000222998
9132 -4.00017e-05
9134 -0.000180275
9136 0.000120031
9138 -0.000440704
9140 2.00345e-05
9142 0.000159502
9144 -0.000138719
9146 -0.000197595
9148 0.000157291
9150 -1.50139e-07
9152 9.24388e-08
9154 -3.90168e-05
9156 -0.000290175
9158 -7.76948e-05
9160 0.000154471
9162 -5.75356e-05
9164 0.000267006
9166 1.92246e-05
9168 0.000228118
9170 -3.73384e-05
9172 0.00024494
9174 -0.000205956
9176 -7.57883e-05
9178 -0.000636218
9180 -0.000112621
9182 -0.000481872
9184 1.82977e-05
9186 -0.000129348
9188 0.000238669
9190 5.5174e-05
9192 0.000346218
9194 9.24185e-05
9196 -0.000235864
9198 -9.06296e-05
9200 -0.000216222
9202 -5.42878e-05
9204 -0.000268394
9206 3.58502e-05
9208 7.18542e-05
9210 1.72107e-05
9212 -5.3242e-05
9214 -1.78503e-05
9216 -0.000176058
9218 -0.000122555
9220 0.000347259
9222 1.70639e-05
9224 -8.60219e-05
9226 -3.34683e-05
9228 1.70902e-05
9230 -0.000137817
9232 5.15239e-05
9234 -0.000119958
9236 3.42156e-05
9238 8.49865e-05
9240 -6.77925e-05
9242 -3.47413e-05
9244 0.00011808
9246 -1.68857e-05
9248 -8.26491e-05
9250 -0.000184088
9252 -1.6639e-05
9254 -8.31774e-05
9256 -1.67506e-05
9258 1.65928e-05
9260 0.000409351
9262 8.16096e-05
9264 -0.000147848
9266 -0.000262509
9268 7.13925e-08
9270 -0.000211332
9272 -0.000404059
9274 -0.000113482
9276 -0.000177326
9278 1.60917e-05
9280 0.00016089
9282 3.26457e-05
9284 -7.98035e-05
9286 -4.69619e-05
9288 3.16306e-05
9290 6.27783e-05
9292 -0.000282914
9294 9.37416e-05
9296 -0.000375023
9298 0.000109122
9300 -0.000171489
9302 0.000172714
9304 3.26216e-05
9306 -0.000139416
9308 1.60564e-05
9310 0.00012309
9312 -1.52179e-05
9314 0.000216213
9316 -0.000351776
9318 6.09132e-05
9320 0.000106457
9322 -0.00015242
9324 -0.000273714
9326 0.00022502
9328 3.62314e-08
9330 -3.03285e-05
9332 -0.000194004
9334 0.000193724
9336 7.43114e-05
9338 -1.48793e-05
9340 0.000120728
9342 -1.4603e-05
9344 0.000103338
9346 0.000133096
9348 -7.37777e-05
9350 -0.000176126
9352 -0.00013204
9354 -0.000117411
9356 -0.000203963
9358 -0.000248045
9360 -8.67756e-05
9362 0.000217453
9364 -2.88033e-05
9366 -5.75616e-05
9368 0.000374723
9370 0.000187192
9372 -4.35459e-05
9374 -6.10701e-08
9376 -5.73852e-05
9378 0.000130977
9380 -8.57949e-05
9382 -0.00012714
9384 1.41173e-05
9386 -1.40017e-05
9388 0.000211244
9390 5.82813e-05
9392 2.1837e-06
9394 -0.000336185
9396 1.41097e-05
9398 0.000389186
9400 0.000138814
9402 -4.14325e-05
9404 -0.000139407
9406 4.20396e-05
9408 -6.89219e-05
9410 0.00015207
9412 0.000123875
9414 -0.000109678
9416 0.000247131
9418 0.000544816
9420 2.66693e-05
9422 -0.000191621
9424 0.000207828
9426 0.000191575
9428 0.000259532
9430 0.000245445
9432 0.000204111
9434 0.000176967
9436 0.000393344
9438 0.000582091
9440 0.000623366
9442 0.000556197
9444 0.000470446
9446 0.000606556
9448 0.000817549
9450 0.00101159
9452 0.000893797
9454 0.00152587
9456 0.00173633
9458 0.00170946
9460 0.00200169
9462 0.00251436
9464 0.00303872
9466 0.00359734
9468 0.00415699
9470 0.00534289
9472 0.00629152
9474 0.00794173
9476 0.00959737
9478 0.0120661
9480 0.0146599
9482 0.0182987
9484 0.022689
9486 0.0276729
9488 0.0341272
9490 0.0404393
9492 0.0490057
9494 0.0556916
9496 0.064088
9498 0.0700317
9500 0.0760391
9502 0.0797461
9504 0.0824731
9506 0.0836049
9508 0.0836842
9510 0.0827817
9512 0.0814576
9514 0.0796249
9516 0.0781509
9518 0.0764898
9520 0.0751231
9522 0.0737387
9524 0.0728663
9526 0.0723668
9528 0.0718905
9530 0.0717246
9532 0.0713863
9534 0.0716285
9536 0.0719074
9538 0.0724568
9540 0.0730068
9542 0.073464
9544 0.0741596
9546 0.074917
9548 0.0760018
9550 0.0769203
9552 0.0783232
9554 0.0794077
9556 0.0806708
9558 0.0819531
9560 0.0827997
9562 0.0834802
9564 0.083844
9566 0.0834209
9568 0.0823691
9570 0.0800399
9572 0.0770008
9574 0.0722263
9576 0.0668062
9578 0.0602665
9580 0.053569
9582 0.0467805
9584 0.0401736
9586 0.0341686
9588 0.0283054
9590 0.0239477
9592 0.0196222
9594 0.0163389
9596 0.0134639
9598 0.011406
9600 0.00925517
9602 0.00746162
9604 0.00622779
9606 0.00546316
9608 0.00440291
9610 0.00369571
9612 0.00306942
9614 0.00270989
9616 0.00225458
9618 0.00200264
9620 0.00173008
9622 0.0015065
9624 0.00129422
9626 0.00125507
9628 0.00105083
9630 0.000859587
9632 0.000827453
9634 0.000737027
9636 0.000478327
9638 0.000667624
9640 0.000281251
9642 0.000353811
9644 0.0003211
9646 0.000264439
9648 0.000372804
9650 0.000274296
9652 0.000276785
9654 0.000167465
9656 0.00010958
9658 0.000163376
9660 0.000141155
9662 6.54322e-05
9664 8.66034e-05
9666 9.73629e-05
9668 0.00023605
9670 2.1812e-05
9672 0.000171156
9674 4.30614e-05
9676 8.88257e-05
9678 0.000128057
9680 9.62088e-05
9682 0.000141812
9684 -5.30578e-05
9686 4.2734e-05
9688 1.06818e-05
9690 0.000130333
9692 0.000126377
9694 -6.27829e-05
9696 0.000104629
9698 -0.000199109
9700 -0.000104408
9702 -5.1942e-05
9704 0.000128681
9706 2.07756e-05
9708 6.23392e-05
9710 0.00012436
9712 1.03015e-05
9714 -4.15006e-05
9716 -5.17351e-05
9718 -2.76723e-05
9720 -8.26402e-05
9722 -0.000123925
9724 -0.000216453
9726 0.000220136
9728 0.000137889
9730 -0.000109501
9732 3.08588e-05
9734 -6.14104e-05
9736 -0.000174817
9738 5.14229e-05
9740 0.000112716
9742 -2.05034e-05
9744 4.09435e-05
9746 5.13865e-05
9748 7.55722e-05
9750 3.74483e-06
9752 -0.000174235
9754 1.00029e-05
9756 -0.000112717
9758 9.19925e-05
9760 3.06183e-05
9762 -1.00988e-05
9764 3.94219e-06
9766 3.05204e-05
9768 -6.74843e-05
9770 -0.000101453
9772 2.05314e-05
9774 0.000145636
9776 -0.000152095
9778 -0.000131974
9780 0.000151811
9782 3.04274e-05
9784 -2.62536e-05
9786 -3.03165e-05
9788 -0.000110962
9790 -6.20497e-06
9792 7.38566e-05
9794 -0.000241064
9796 -8.05285e-05
9798 -8.03306e-05
9800 0.000144427
9802 -4.98762e-05
9804 -9.00027e-05
9806 0.000149509
9808 -0.000109688
9810 -0.000149376
9812 0.0001491
9814 -0.000105383
9816 6.95817e-05
9818 5.37135e-05
9820 4.21561e-06
9822 -9.87692e-05
9824 9.29945e-05
9826 2.70561e-07
9828 -2.95843e-05
9830 -5.89896e-05
9832 9.84817e-05
9834 4.92131e-05
9836 -0.000202829
9838 -4.91443e-05
9840 -0.000147221
9842 1.22145e-07
9844 1.41473e-05
9846 2.93654e-05
9848 9.19224e-05
9850 -5.83292e-05
9852 4.87651e-05
9854 9.14335e-05
9856 -4.42446e-05
9858 -5.79859e-05
9860 0.000129856
9862 5.25948e-05
9864 -8.61066e-05
9866 -3.83042e-05
9868 0.000134302
9870 2.90271e-05
9872 3.8363e-05
9874 -2.43515e-05
9876 -1.90598e-05
9878 7.64054e-05
9880 -2.82496e-05
9882 -3.81501e-05
9884 -0.000113851
9886 -4.74197e-05
9888 -0.000175975
9890 -2.84957e-05
9892 -0.000103665
9894 -0.000226714
9896 0.000140818
9898 -4.25893e-05
9900 -7.05789e-05
9902 -4.94315e-06
9904 -3.29802e-05
9906 0.000134965
9908 -0.000139702
9910 7.45318e-05
9912 0.000106446
9914 -1.85776e-05
9916 -9.15451e-06
9918 -4.62021e-05
9920 -1.23985e-07
9922 -2.76311e-05
9924 1.8501e-05
9926 2.75822e-08
9928 -4.16225e-05
9930 5.04976e-05
9932 5.49471e-05
9934 -1.82993e-05
9936 3.65284e-05
9938 -5.01132e-05
9940 -5.46797e-05
9942 -8.14881e-05
9944 -0.000172511
9946 -0.000108243
9948 -4.52312e-05
9950 -7.22401e-05
9952 -2.70302e-05
9954 -0.000135143
9956 -7.1761e-05
9958 0.0002016
9960 6.73849e-05
9962 6.26477e-05
9964 -4.17887e-06
9966 -5.35107e-05
9968 -6.22956e-05
9970 -3.53139e-05
9972 0.000141887
9974 -5.74083e-05
9976 -0.000128183
9978 -4.41847e-05
9980 6.65153e-05
9982 1.75187e-05
9984 -0.000175733
9986 -0.000193601
9988 3.97704e-05
9990 0.000165953
9992 -6.99548e-05
9994 -5.63453e-05
9996 -2.60743e-05
9998 -2.99923e-05
10000 6.95164e-05
10000 0
