5995 0
5995 3.1252e-07
6000 -3.6909e-07
6005 3.24218e-07
6010 -6.42575e-07
6015 -1.27345e-06
6020 -9.60266e-07
6025 -5.6922e-07
6030 -1.8966e-07
6035 -1.34378e-06
6040 -1.12583e-06
6045 -1.09192e-06
6050 -1.22509e-06
6055 -4.23029e-07
6060 -5.78627e-07
6065 -6.17298e-07
6070 -8.44933e-07
6075 -8.83448e-07
6080 -1.03856e-06
6085 -3.88591e-07
6090 -5.54879e-07
6095 -1.49194e-06
6100 -1.03667e-06
6105 -6.81555e-07
6110 -1.1797e-06
6115 -7.41812e-07
6120 -2.32398e-07
6125 -6.41552e-07
6130 -3.81429e-07
6135 -2.98365e-07
6140 -1.2702e-07
6145 -6.18228e-07
6150 -6.17922e-07
6155 -2.8675e-07
6160 -3.74795e-07
6165 -1.10729e-06
6170 -8.20414e-07
6175 -1.11718e-06
6180 -5.50053e-08
6185 -3.02373e-07
6190 -5.27504e-07
6195 -1.18626e-06
6200 2.3603e-07
6205 2.19442e-07
6210 -9.04148e-11
6215 -9.58996e-07
6220 2.08123e-07
6225 -9.36027e-07
6230 3.28245e-08
6235 -7.10794e-07
6240 2.07651e-07
6245 -7.15437e-07
6250 -6.44067e-07
6255 -6.54604e-07
6260 -1.35205e-06
6265 -1.15509e-06
6270 -3.64836e-07
6275 -6.96578e-07
6280 1.63162e-07
6285 -6.52252e-07
6290 -1.12988e-06
6295 -3.96299e-07
6300 -9.81996e-07
6305 -1.07901e-06
6310 -3.30554e-07
6315 -6.66127e-07
6320 -5.0335e-07
6325 -9.2495e-07
6330 -1.42711e-06
6335 -1.17772e-06
6340 -1.51172e-06
6345 -5.39564e-09
6350 -1.63384e-06
6355 -7.16709e-07
6360 7.53946e-08
6365 2.63711e-07
6370 -1.91469e-06
6375 -1.4512e-07
6380 -4.08215e-07
6385 -1.54053e-06
6390 3.86215e-07
6395 1.28651e-07
6400 -4.71401e-07
6405 -2.14664e-06
6410 -1.65836e-06
6415 1.44339e-07
6420 5.87642e-08
6425 -1.86847e-07
6430 -1.60043e-08
6435 1.54599e-07
6440 -9.96189e-07
6445 -3.30051e-07
6450 -1.21818e-06
6455 -4.78414e-07
6460 -8.71141e-07
6465 -1.43314e-07
6470 2.652e-07
6475 -4.50501e-07
6480 -1.62588e-06
6485 -8.25549e-07
6490 -1.16335e-07
6495 3.11747e-07
6500 -1.42554e-06
6505 -1.23452e-06
6510 -4.84991e-07
6515 -1.32214e-06
6520 -4.73706e-07
6525 9.72958e-07
6530 -2.41731e-07
6535 -2.36286e-07
6540 -2.36095e-07
6545 -7.3392e-08
6550 4.4523e-07
6555 -1.06244e-06
6560 -1.04588e-08
6565 -1.66156e-06
6570 -1.36259e-06
6575 -6.8854e-07
6580 -2.1213e-10
6585 -1.14561e-06
6590 -9.05292e-07
6595 -2.07933e-08
6600 2.85658e-07
6605 -4.04807e-07
6610 -4.56354e-07
6615 -1.86546e-07
6620 -1.91579e-07
6625 3.10426e-07
6630 -5.16972e-07
6635 4.95901e-07
6640 -5.98741e-07
6645 -5.20899e-07
6650 1.33986e-07
6655 -3.24393e-07
6660 -4.11591e-07
6665 -8.12227e-07
6670 -5.44463e-07
6675 -1.77059e-06
6680 -4.5638e-07
6685 -9.22237e-08
6690 -7.11572e-07
6695 3.47811e-07
6700 -5.41715e-07
6705 1.4806e-07
6710 4.38645e-07
6715 -3.38921e-11
6720 -1.31333e-06
6725 -4.06832e-08
6730 -9.805e-07
6735 2.89287e-07
6740 -9.07546e-07
6745 -2.98831e-07
6750 4.55381e-07
6755 -9.75543e-07
6760 -2.22174e-07
6765 7.26367e-07
6770 -1.26982e-06
6775 -8.30568e-07
6780 -3.51994e-07
6785 -2.15998e-07
6790 -8.98208e-07
6795 -4.4612e-07
6800 -1.01648e-06
6805 -1.27553e-06
6810 -2.94817e-07
6815 -5.2413e-07
6820 -2.49325e-08
6825 -8.26889e-07
6830 -5.0258e-07
6835 -5.02051e-07
6840 -6.55447e-07
6845 -7.44036e-08
6850 1.13964e-07
6855 -5.74158e-07
6860 -1.19653e-06
6865 -2.17315e-07
6870 2.02279e-07
6875 -4.04116e-07
6880 -1.24056e-06
6885 -8.16294e-07
6890 -4.51906e-07
6895 -5.78974e-07
6900 -1.27429e-06
6905 -1.12605e-07
6910 -6.74896e-07
6915 -1.05522e-06
6920 -6.44159e-07
6925 -5.75213e-07
6930 -5.11284e-07
6935 3.40483e-08
6940 -6.51067e-07
6945 -2.08693e-07
6950 7.95791e-10
6955 -8.86186e-07
6960 -9.77099e-07
6965 -2.22259e-07
6970 -7.23942e-07
6975 -1.34984e-07
6980 -4.23757e-07
6985 -1.22654e-06
6990 -9.657e-07
6995 -4.75103e-07
7000 -1.00664e-06
7005 1.58979e-07
7010 -4.11533e-07
7015 -3.01669e-07
7020 4.88973e-08
7025 -4.07851e-07
7030 -1.53079e-07
7035 -1.53829e-07
7040 2.49323e-07
7045 -1.90908e-06
7050 -5.38743e-07
7055 -7.08305e-07
7060 -1.6166e-06
7065 -1.32808e-06
7070 -2.15561e-07
7075 -6.85858e-07
7080 -2.38338e-07
7085 -7.8607e-07
7090 -4.91644e-07
7095 -7.51435e-07
7100 -5.27936e-07
7105 -7.90343e-07
7110 -4.79638e-07
7115 -1.16725e-06
7120 -8.6608e-07
7125 -9.78206e-07
7130 -8.41585e-07
7135 -3.27284e-07
7140 4.54832e-07
7145 5.09604e-10
7150 4.47959e-07
7155 -1.61114e-07
7160 -6.52971e-07
7165 3.30773e-07
7170 -9.51763e-07
7175 -4.63885e-07
7180 6.08033e-07
7185 -8.50499e-07
7190 -1.15818e-06
7195 -5.29837e-07
7200 6.94166e-08
7205 -6.85595e-07
7210 -1.75068e-07
7215 2.63749e-07
7220 -7.59376e-07
7225 1.39368e-09
7230 -5.9378e-08
7235 -3.69732e-07
7240 2.87475e-07
7245 -1.32324e-06
7250 -6.46327e-07
7255 -3.88098e-07
7260 -7.7313e-07
7265 -1.21002e-06
7270 -5.27597e-07
7275 -8.6219e-07
7280 -7.72769e-07
7285 -1.73143e-06
7290 -1.3082e-06
7295 -1.01928e-06
7300 -4.01725e-07
7305 -1.14042e-06
7310 -7.14663e-07
7315 -9.71272e-07
7320 -1.65672e-07
7325 1.02333e-07
7330 2.95302e-07
7335 -1.80417e-06
7340 -9.70103e-07
7345 -4.08948e-07
7350 5.53787e-07
7355 3.98882e-07
7360 2.4283e-07
7365 -1.48865e-06
7370 -1.78495e-07
7375 -1.23409e-06
7380 -1.14533e-06
7385 -5.01218e-07
7390 -5.16436e-07
7395 -8.34646e-07
7400 -4.45837e-07
7405 -7.7283e-07
7410 -6.8714e-07
7415 -1.69322e-06
7420 2.39809e-07
7425 -9.55745e-07
7430 -5.58906e-07
7435 1.40924e-09
7440 2.84891e-07
7445 -5.22962e-07
7450 -5.73763e-07
7455 2.66814e-07
7460 1.02163e-06
7465 -1.42815e-06
7470 -4.46948e-07
7475 -7.90181e-07
7480 -1.26433e-06
7485 -6.52246e-07
7490 6.18509e-07
7495 -1.76804e-06
7500 -5.93763e-07
7505 -1.08982e-07
7510 -1.41424e-06
7515 -2.26748e-07
7520 -3.19247e-06
7525 -1.40645e-06
7530 3.47249e-07
7535 -1.11936e-06
7540 -6.99136e-07
7545 7.46234e-08
7550 5.24094e-07
7555 3.98126e-07
7560 1.86907e-06
7565 3.78066e-08
7570 2.88271e-06
7575 1.68961e-06
7580 3.18409e-06
7585 5.33174e-06
7590 5.84857e-06
7595 1.03471e-05
7600 1.37608e-05
7605 1.94854e-05
7610 2.45458e-05
7615 3.32387e-05
7620 4.33577e-05
7625 5.37134e-05
7630 6.94642e-05
7635 8.36289e-05
7640 9.99136e-05
7645 0.000117143
7650 0.000134862
7655 0.000151184
7660 0.000167052
7665 0.000181678
7670 0.000198349
7675 0.000210075
7680 0.000222531
7685 0.000233565
7690 0.00024225
7695 0.000253307
7700 0.000257585
7705 0.000267311
7710 0.000273479
7715 0.000281086
7720 0.000292211
7725 0.000302654
7730 0.000314195
7735 0.000328603
7740 0.000345943
7745 0.000366743
7750 0.000390012
7755 0.000412451
7760 0.000441494
7765 0.000473045
7770 0.000510372
7775 0.00054851
7780 0.000592768
7785 0.000643619
7790 0.000701296
7795 0.00076933
7800 0.000845299
7805 0.000929768
7810 0.0010329
7815 0.00115092
7820 0.00128315
7825 0.00143957
7830 0.00161755
7835 0.00181691
7840 0.00205331
7845 0.00230818
7850 0.00260829
7855 0.00294993
7860 0.00331457
7865 0.00373572
7870 0.0041884
7875 0.00466357
7880 0.00518301
7885 0.005708
7890 0.00624929
7895 0.00680581
7900 0.00734738
7905 0.00790058
7910 0.00843608
7915 0.00896417
7920 0.00951671
7925 0.0100378
7930 0.0105785
7935 0.0111422
7940 0.0117369
7945 0.0123618
7950 0.0130423
7955 0.0137919
7960 0.0146494
7965 0.0155939
7970 0.016668
7975 0.017902
7980 0.0192698
7985 0.0208384
7990 0.0226159
7995 0.0246013
8000 0.0269027
8005 0.0293528
8010 0.0321482
8015 0.0351869
8020 0.0384455
8025 0.0419199
8030 0.0455997
8035 0.0494026
8040 0.0534108
8045 0.0573078
8050 0.0611698
8055 0.0650724
8060 0.0686674
8065 0.0721669
8070 0.0754516
8075 0.0784466
8080 0.0811915
8085 0.0838239
8090 0.0860451
8095 0.088014
8100 0.0896954
8105 0.0909784
8110 0.0919531
8115 0.092639
8120 0.0931922
8125 0.0934989
8130 0.0937602
8135 0.093974
8140 0.094145
8145 0.0944059
8150 0.09475
8155 0.09501
8160 0.0952298
8165 0.0954464
8170 0.0955461
8175 0.0954772
8180 0.0952641
8185 0.0948418
8190 0.0941821
8195 0.0933021
8200 0.0924212
8205 0.0914097
8210 0.0903979
8215 0.0893268
8220 0.0884572
8225 0.0876355
8230 0.0869644
8235 0.0864473
8240 0.0861779
8245 0.0860119
8250 0.085984
8255 0.0860898
8260 0.086289
8265 0.0864204
8270 0.0866019
8275 0.0866968
8280 0.0866085
8285 0.0864264
8290 0.0863238
8295 0.0860658
8300 0.0858996
8305 0.0858001
8310 0.0858443
8315 0.0861461
8325 0.0875885
8330 0.0885909
8335 0.0898488
8340 0.0910593
8345 0.09227
8350 0.0932726
8355 0.0940256
8360 0.0942836
8365 0.094236
8370 0.0937771
8375 0.0931245
8380 0.0922757
8385 0.0915325
8390 0.0907476
8395 0.0903801
8400 0.0902174
8405 0.090281
8410 0.0904938
8415 0.0908364
8420 0.0909603
8425 0.0907909
8430 0.090125
8435 0.0888459
8440 0.0869145
8445 0.084551
8450 0.0817793
8455 0.0788392
8460 0.0759313
8465 0.0734127
8470 0.0713917
8475 0.0701588
8480 0.0695513
8485 0.0699953
8490 0.0713808
8495 0.0737391
8500 0.0770188
8505 0.0809595
8510 0.0854661
8515 0.0901107
8520 0.0945177
8525 0.0981982
8530 0.100322
8535 0.101155
8540 0.10024
8545 0.0978385
8550 0.0942081
8555 0.090011
8560 0.0856318
8565 0.0815544
8570 0.0780599
8575 0.075289
8580 0.0733054
8585 0.0725114
8590 0.0724403
8595 0.0732793
8600 0.0749563
8605 0.0774707
8610 0.0806635
8615 0.0843746
8620 0.0883184
8625 0.0924041
8630 0.0966491
8635 0.100432
8640 0.103775
8645 0.106941
8650 0.109104
8655 0.111117
8660 0.112505
8665 0.113421
8670 0.114438
8675 0.115375
8680 0.116495
8685 0.117673
8690 0.118902
8695 0.120458
8700 0.121534
8705 0.122606
8710 0.122914
8715 0.122253
8720 0.121187
8725 0.119261
8730 0.115926
8735 0.112551
8740 0.108231
8745 0.103915
8750 0.0988488
8755 0.0949993
8760 0.0915733
8765 0.0882493
8770 0.0853512
8775 0.082934
8780 0.0811666
8785 0.0793577
8790 0.0780316
8795 0.0766353
8800 0.074947
8805 0.0734747
8810 0.0718246
8815 0.0699672
8820 0.068029
8825 0.0660005
8830 0.0636237
8835 0.0612967
8840 0.0595087
8845 0.0578217
8850 0.0565155
8855 0.0556144
8860 0.0549846
8865 0.0549124
8870 0.0553726
8875 0.0564627
8880 0.058025
8885 0.060002
8890 0.0625098
8895 0.0654851
8900 0.0684393
8905 0.0711936
8910 0.0737747
8915 0.0758643
8920 0.0772818
8925 0.0777734
8930 0.0774025
8935 0.0762899
8940 0.0745151
8945 0.0723546
8950 0.0699359
8955 0.0674795
8960 0.065326
8965 0.0636932
8970 0.0624326
8975 0.0617847
8980 0.0618179
8985 0.0625245
8990 0.0639705
8995 0.0662951
9000 0.0690267
9005 0.0727147
9010 0.0771407
9015 0.0823186
9020 0.0881646
9025 0.0941207
9030 0.100305
9035 0.106535
9040 0.112164
9045 0.117812
9050 0.122659
9055 0.126339
9060 0.129153
9065 0.131224
9070 0.132395
9075 0.133225
9080 0.133627
9085 0.133823
9090 0.134078
9095 0.13437
9100 0.134893
9105 0.135655
9110 0.136513
9115 0.137617
9120 0.138747
9125 0.139957
9130 0.140958
9135 0.141973
9140 0.142872
9145 0.143649
9150 0.144143
9155 0.144542
9160 0.144735
9165 0.144897
9170 0.144998
9175 0.145116
9180 0.145215
9185 0.145295
9190 0.145498
9195 0.145507
9200 0.145581
9205 0.145515
9210 0.145191
9215 0.144719
9220 0.144021
9225 0.143099
9230 0.141905
9235 0.140406
9240 0.13871
9245 0.136842
9250 0.135195
9255 0.133484
9260 0.131828
9265 0.130481
9270 0.129169
9275 0.128253
9280 0.12768
9285 0.12748
9290 0.127635
9295 0.128078
9300 0.128771
9305 0.129826
9310 0.131073
9315 0.132458
9320 0.133949
9325 0.13541
9330 0.136908
9335 0.138481
9340 0.139809
9345 0.141156
9350 0.14216
9355 0.143139
9360 0.143963
9365 0.144747
9370 0.145402
9375 0.145945
9380 0.146449
9385 0.146866
9390 0.147401
9395 0.147791
9400 0.14816
9405 0.148504
9410 0.148818
9415 0.149111
9420 0.149303
9425 0.149367
9430 0.149561
9435 0.149555
9440 0.149619
9445 0.149719
9450 0.149827
9455 0.15003
9460 0.150338
9465 0.150649
9470 0.151131
9475 0.151568
9480 0.152053
9485 0.152649
9490 0.153155
9495 0.153639
9500 0.15403
9505 0.154202
9510 0.154231
9515 0.154068
9520 0.15386
9525 0.153385
9530 0.152783
9535 0.152218
9540 0.151642
9545 0.151052
9550 0.150638
9555 0.15036
9560 0.15029
9565 0.150495
9570 0.150881
9575 0.151531
9580 0.152439
9585 0.153612
9590 0.154946
9595 0.156396
9600 0.157823
9605 0.159237
9610 0.160626
9615 0.161891
9620 0.163017
9625 0.164026
9630 0.164692
9635 0.165153
9640 0.165548
9645 0.165735
9650 0.165894
9655 0.16602
9660 0.166172
9665 0.166311
9670 0.166589
9675 0.166909
9680 0.167461
9685 0.168005
9690 0.16858
9695 0.16923
9700 0.169859
9705 0.170387
9710 0.170924
9715 0.171267
9720 0.171454
9725 0.171611
9730 0.171623
9735 0.171516
9740 0.171381
9745 0.171241
9750 0.17112
9755 0.17115
9760 0.171344
9765 0.171696
9770 0.172207
9775 0.172899
9780 0.173795
9785 0.174744
9790 0.175837
9795 0.176876
9800 0.177914
9805 0.178886
9810 0.179644
9815 0.180104
9820 0.180425
9825 0.180254
9830 0.17999
9835 0.179424
9840 0.178597
9845 0.177633
9850 0.176702
9855 0.175797
9860 0.175042
9865 0.174268
9870 0.173869
9875 0.173788
9880 0.173845
9885 0.174281
9890 0.175
9895 0.175913
9900 0.177061
9905 0.178324
9910 0.179647
9915 0.180973
9920 0.1822
9925 0.18327
9930 0.18422
9935 0.184963
9940 0.18534
9945 0.185599
9950 0.185604
9955 0.185479
9960 0.185302
9965 0.185019
9970 0.18467
9975 0.184538
9980 0.184414
9985 0.184404
9990 0.184593
9995 0.184862
10000 0.18538
10005 0.185879
10010 0.186391
10015 0.186974
10020 0.187554
10025 0.18805
10030 0.18856
10035 0.188771
10040 0.18903
10045 0.189088
10050 0.189009
10055 0.188882
10060 0.188628
10065 0.188303
10070 0.188109
10075 0.187935
10080 0.18781
10085 0.187799
10090 0.187898
10095 0.187979
10100 0.188259
10105 0.188467
10110 0.188764
10115 0.188971
10120 0.189009
10125 0.188933
10130 0.188626
10135 0.188056
10140 0.18726
10145 0.186294
10150 0.184913
10155 0.183387
10160 0.181622
10165 0.179836
10170 0.178111
10175 0.176401
10180 0.174677
10185 0.173168
10190 0.171703
10195 0.170672
10200 0.169909
10205 0.169338
10210 0.169078
10215 0.169072
10220 0.169285
10225 0.169682
10230 0.170212
10235 0.170771
10250 0.172611
10255 0.173131
10260 0.173392
10265 0.173622
10270 0.173648
10275 0.173587
10280 0.173347
10285 0.173135
10290 0.172824
10295 0.172521
10300 0.172234
10305 0.172068
10310 0.171946
10315 0.171911
10320 0.172023
10325 0.172222
10330 0.172584
10335 0.172959
10340 0.173596
10345 0.17405
10350 0.174711
10355 0.175373
10360 0.175913
10365 0.176629
10370 0.177159
10375 0.177736
10380 0.178438
10385 0.178967
10390 0.17969
10395 0.180369
10400 0.18113
10405 0.181948
10410 0.18306
10415 0.184085
10420 0.18528
10425 0.18654
10430 0.187713
10435 0.188915
10440 0.190133
10445 0.19105
10450 0.191705
10455 0.191936
10460 0.191742
10465 0.191078
10470 0.189824
10475 0.187918
10480 0.185492
10485 0.182728
10490 0.179374
10495 0.175949
10500 0.172099
10505 0.167974
10510 0.163828
10515 0.160291
10520 0.156813
10525 0.15363
10530 0.150648
10535 0.148092
10540 0.146003
10545 0.1445
10550 0.143529
10555 0.142929
10560 0.142816
10565 0.143252
10570 0.144029
10575 0.145247
10580 0.146819
10585 0.148727
10590 0.150878
10595 0.153281
10600 0.156021
10605 0.158664
10610 0.16126
10615 0.163908
10620 0.166417
10625 0.168694
10630 0.171057
10635 0.173212
10640 0.174836
10645 0.176225
10650 0.177321
10655 0.178066
10660 0.178506
10665 0.178542
10670 0.178173
10675 0.177522
10680 0.176429
10685 0.174928
10690 0.173104
10695 0.170739
10700 0.168075
10705 0.165235
10710 0.162146
10715 0.158929
10720 0.155198
10725 0.151412
10730 0.147647
10735 0.143992
10740 0.140489
10745 0.137037
10750 0.133863
10755 0.13078
10760 0.127946
10765 0.125783
10770 0.123934
10775 0.122381
10780 0.121291
10785 0.120624
10790 0.120426
10795 0.120692
10800 0.1214
10805 0.122508
10810 0.124126
10815 0.126207
10820 0.128748
10825 0.131748
10830 0.135015
10835 0.138525
10840 0.142542
10845 0.146763
10850 0.151279
10855 0.156055
10860 0.160637
10865 0.165182
10870 0.169601
10875 0.174041
10880 0.178168
10885 0.182169
10890 0.185707
10895 0.188805
10900 0.191531
10905 0.193905
10910 0.19597
10915 0.197711
10920 0.198998
10925 0.200037
10930 0.200581
10935 0.200889
10940 0.200954
10945 0.200612
10950 0.19987
10955 0.198977
10960 0.197637
10965 0.196158
10970 0.194338
10975 0.192092
10980 0.18964
10985 0.187057
10990 0.184507
10995 0.181697
11000 0.178939
11005 0.17619
11010 0.173466
11015 0.170964
11020 0.168813
11025 0.167001
11030 0.165434
11035 0.16421
11040 0.163347
11045 0.163016
11050 0.162996
11055 0.163525
11060 0.164534
11065 0.165876
11070 0.167709
11075 0.169883
11080 0.1724
11085 0.175125
11090 0.178029
11095 0.180974
11100 0.184189
11105 0.187446
11110 0.190383
11115 0.192965
11120 0.195381
11125 0.197392
11130 0.198973
11135 0.200205
11140 0.200992
11145 0.201332
11150 0.201235
11155 0.200857
11160 0.200207
11165 0.199504
11170 0.19847
11175 0.197536
11180 0.196665
11185 0.195846
11190 0.195241
11195 0.194768
11200 0.194453
11205 0.194415
11210 0.194517
11215 0.19477
11220 0.195218
11225 0.195722
11230 0.196357
11235 0.197005
11240 0.197543
11245 0.198006
11250 0.198355
11255 0.198556
11260 0.1986
11265 0.198376
11270 0.198015
11275 0.197541
11280 0.196871
11285 0.196095
11290 0.195207
11295 0.194238
11300 0.193332
11305 0.192465
11310 0.19168
11315 0.191083
11320 0.190551
11325 0.190286
11330 0.190097
11335 0.190135
11340 0.190408
11345 0.190755
11350 0.19127
11355 0.191841
11360 0.192563
11365 0.193161
11370 0.193854
11375 0.194313
11380 0.194696
11385 0.19486
11390 0.194896
11395 0.194676
11400 0.19424
11405 0.193517
11410 0.192672
11415 0.191603
11420 0.19033
11425 0.188859
11430 0.187578
11435 0.186223
11440 0.184918
11445 0.183706
11450 0.182616
11455 0.181685
11460 0.181037
11465 0.180598
11470 0.180506
11475 0.180703
11480 0.181139
11485 0.18194
11490 0.183017
11495 0.184297
11500 0.185769
11505 0.187479
11510 0.189258
11515 0.191353
11520 0.19335
11525 0.195317
11530 0.197213
11535 0.19901
11540 0.200649
11545 0.202178
11550 0.203494
11555 0.204442
11560 0.205219
11565 0.205683
11570 0.206026
11575 0.206073
11580 0.20597
11585 0.205672
11590 0.205275
11595 0.204878
11600 0.204403
11605 0.203941
11610 0.203503
11615 0.203197
11620 0.202931
11625 0.202746
11630 0.202728
11635 0.202751
11640 0.202911
11645 0.203105
11650 0.203352
11655 0.203688
11660 0.203803
11665 0.204173
11670 0.204347
11675 0.204476
11680 0.204491
11685 0.204508
11690 0.204242
11695 0.204033
11700 0.203653
11705 0.203153
11710 0.202634
11715 0.202026
11720 0.201507
11725 0.200911
11730 0.200359
11735 0.19988
11740 0.199421
11745 0.199123
11750 0.19897
11755 0.198954
11760 0.198989
11765 0.19919
11770 0.199536
11775 0.199935
11780 0.200454
11785 0.20103
11790 0.201598
11795 0.202183
11800 0.202708
11805 0.20314
11810 0.203369
11815 0.203407
11820 0.203348
11825 0.202998
11830 0.202402
11835 0.201615
11840 0.200544
11845 0.199353
11850 0.197952
11855 0.19637
11860 0.19457
11865 0.192738
11870 0.191008
11875 0.189265
11880 0.187665
11885 0.186109
11890 0.184686
11895 0.183437
11900 0.182458
11905 0.181798
11910 0.181325
11915 0.181168
11920 0.181335
11925 0.181808
11930 0.182662
11935 0.183703
11940 0.184988
11945 0.186561
11950 0.188379
11955 0.190461
11960 0.192709
11965 0.195121
11970 0.197368
11975 0.199693
11980 0.202031
11985 0.204258
11990 0.206593
11995 0.208529
12000 0.210504
12005 0.212103
12010 0.213369
12015 0.214538
12020 0.215297
12025 0.215912
12030 0.216186
12035 0.21625
12040 0.216209
12045 0.215969
12050 0.215644
12055 0.215194
12060 0.214703
12065 0.21428
12070 0.213875
12075 0.213395
12080 0.213067
12085 0.212816
12090 0.21255
12095 0.212569
12100 0.212443
12105 0.21256
12110 0.213033
12115 0.212847
12120 0.21298
12125 0.213292
12130 0.213461
12135 0.213691
12140 0.213802
12145 0.213935
12150 0.213994
12155 0.213849
12160 0.213871
12165 0.213483
12170 0.213376
12175 0.213144
12180 0.212742
12185 0.212389
12190 0.211976
12195 0.211634
12200 0.211246
12205 0.210892
12210 0.210576
12215 0.210286
12220 0.210123
12225 0.209995
12230 0.209972
12235 0.20988
12240 0.209921
12245 0.210056
12250 0.210193
12255 0.210313
12260 0.21043
12265 0.21051
12270 0.210519
12275 0.210452
12280 0.210204
12285 0.209968
12290 0.209501
12295 0.208916
12300 0.208124
12305 0.207198
12310 0.20601
12315 0.204755
12320 0.203383
12325 0.20189
12330 0.200287
12335 0.198636
12340 0.196764
12345 0.19512
12350 0.193445
12355 0.191838
12360 0.190297
12365 0.188874
12370 0.187435
12375 0.186344
12380 0.185375
12385 0.18462
12390 0.184075
12395 0.183687
12400 0.183536
12405 0.183606
12410 0.183911
12415 0.184363
12420 0.185123
12425 0.185951
12430 0.187014
12435 0.188235
12440 0.18956
12445 0.191012
12450 0.192533
12455 0.1941
12460 0.195813
12465 0.19746
12470 0.199093
12475 0.200656
12480 0.20216
12485 0.203667
12490 0.205003
12495 0.206322
12500 0.20744
12505 0.208464
12510 0.209285
12515 0.210008
12520 0.210785
12525 0.211393
12530 0.211884
12535 0.2123
12540 0.212677
12545 0.212909
12550 0.213189
12555 0.213392
12560 0.213676
12565 0.213909
12570 0.214115
12575 0.214314
12580 0.214508
12585 0.214728
12590 0.215046
12595 0.215208
12600 0.215425
12605 0.215606
12610 0.215818
12615 0.216011
12620 0.21618
12625 0.216301
12630 0.216409
12635 0.216413
12640 0.216534
12645 0.216523
12650 0.216519
12655 0.216493
12660 0.216429
12665 0.216415
12670 0.216384
12675 0.216349
12680 0.216312
12685 0.216338
12690 0.216371
12695 0.216425
12700 0.216562
12705 0.216728
12710 0.216811
12715 0.217037
12720 0.217102
12725 0.217211
12730 0.217311
12735 0.217195
12740 0.217069
12745 0.216871
12750 0.216381
12755 0.215696
12760 0.214876
12765 0.213827
12770 0.212492
12775 0.210845
12780 0.208885
12785 0.206811
12790 0.204471
12795 0.202012
12800 0.199204
12805 0.196318
12810 0.193159
12815 0.189988
12820 0.187007
12825 0.183844
12830 0.180797
12835 0.177815
12840 0.174858
12845 0.172052
12850 0.169627
12855 0.167449
12860 0.165417
12865 0.163638
12870 0.162079
12875 0.160917
12880 0.160051
12885 0.159488
12890 0.159253
12895 0.159346
12900 0.159687
12905 0.160449
12910 0.161499
12915 0.162696
12920 0.164286
12925 0.166058
12930 0.168244
12935 0.170489
12940 0.172974
12945 0.175471
12950 0.178115
12955 0.180652
12960 0.183245
12965 0.185726
12970 0.18829
12975 0.190416
12980 0.192246
12985 0.19368
12990 0.194825
12995 0.195676
13000 0.196049
13005 0.196158
13010 0.195923
13015 0.195229
13020 0.194427
13025 0.193319
13030 0.191868
13035 0.190419
13040 0.188768
13045 0.187321
13050 0.185863
13055 0.184479
13060 0.18323
13065 0.18207
13070 0.181279
13075 0.180743
13080 0.180491
13085 0.180539
13090 0.180863
13095 0.181538
13100 0.182657
13105 0.183916
13110 0.185546
13115 0.187371
13120 0.189537
13125 0.191932
13130 0.19449
13135 0.197002
13140 0.199497
13145 0.201941
13150 0.204243
13155 0.206342
13160 0.208125
13165 0.209384
13170 0.210148
13175 0.210439
13180 0.210127
13185 0.209174
13190 0.207669
13195 0.205493
13200 0.20299
13205 0.20002
13210 0.196729
13215 0.193147
13220 0.189066
13225 0.184921
13230 0.181085
13235 0.177269
13240 0.173521
13245 0.170026
13250 0.166759
13255 0.163618
13260 0.16101
13265 0.158899
13270 0.157084
13275 0.155648
13280 0.154589
13285 0.153989
13290 0.153887
13295 0.154192
13300 0.155001
13305 0.15621
13310 0.157928
13315 0.160233
13320 0.162955
13325 0.166025
13330 0.169517
13335 0.173332
13340 0.177479
13345 0.182349
13350 0.187424
13355 0.192313
13360 0.197316
13365 0.202333
13370 0.207096
13375 0.21184
13380 0.216099
13385 0.219721
13390 0.222472
13395 0.22447
13400 0.225699
13405 0.225931
13410 0.225205
13415 0.223519
13420 0.221185
13425 0.218027
13430 0.214264
13435 0.209771
13440 0.205086
13445 0.199768
13450 0.194872
13455 0.189882
13460 0.1852
13465 0.180415
13470 0.175773
13475 0.171239
13480 0.167361
13485 0.163925
13490 0.160809
13495 0.158069
13500 0.155729
13505 0.153573
13510 0.151906
13515 0.15063
13520 0.149702
13525 0.149115
13530 0.148752
13535 0.148724
13540 0.14909
13545 0.149647
13550 0.150448
13555 0.151561
13560 0.152739
13565 0.154178
13570 0.155733
13575 0.157205
13580 0.158823
13585 0.160476
13590 0.162198
13595 0.163819
13600 0.165343
13605 0.16688
13610 0.168249
13615 0.169407
13620 0.17048
13625 0.171448
13630 0.17211
13635 0.17253
13640 0.172797
13645 0.172871
13650 0.172852
13655 0.172736
13660 0.172547
13665 0.172255
13670 0.171811
13675 0.171355
13680 0.170898
13685 0.170431
13690 0.17004
13695 0.169708
13700 0.16932
13705 0.169131
13710 0.168847
13715 0.168771
13720 0.168681
13725 0.168676
13730 0.168786
13735 0.169002
13740 0.169203
13745 0.169597
13750 0.169988
13755 0.170489
13760 0.170987
13765 0.171611
13770 0.172172
13775 0.172877
13780 0.173444
13785 0.17414
13790 0.174771
13795 0.175482
13800 0.176093
13805 0.176766
13810 0.177348
13815 0.178024
13820 0.178597
13825 0.179297
13830 0.179868
13835 0.180485
13840 0.180863
13845 0.181392
13850 0.181625
13855 0.181907
13860 0.182162
13865 0.18215
13870 0.182073
13875 0.18179
13880 0.181118
13885 0.18023
13890 0.178927
13895 0.177363
13900 0.175508
13905 0.173422
13910 0.170541
13915 0.166864
13920 0.162364
13925 0.157764
13930 0.152904
13935 0.147797
13940 0.14236
13945 0.136381
13950 0.129229
13955 0.122085
13960 0.115156
13965 0.108378
13970 0.102073
13975 0.0960593
13980 0.0898593
13985 0.084275
13990 0.0788836
13995 0.0734804
14000 0.0679788
14005 0.0629478
14010 0.0580521
14015 0.0536789
14020 0.0501059
14025 0.0469078
14030 0.0439483
14035 0.0409685
14040 0.0380775
14045 0.0353714
14050 0.0329639
14055 0.0308787
14060 0.0288277
14065 0.0270443
14070 0.0254375
14075 0.0238595
14080 0.0223916
14085 0.0210869
14090 0.0198547
14095 0.0187791
14100 0.017678
14105 0.0166219
14110 0.0157416
14115 0.0149769
14120 0.0142556
14125 0.0135248
14130 0.0128356
14135 0.0121657
14140 0.0115273
14145 0.0109609
14150 0.010448
14155 0.00994422
14160 0.00947342
14165 0.00906847
14170 0.00861398
14175 0.00821786
14180 0.00786267
14185 0.00750871
14190 0.00714427
14195 0.00682497
14200 0.0064736
14205 0.0062041
14210 0.00595235
14215 0.00568265
14220 0.00545785
14225 0.00521524
14230 0.00499749
14235 0.00475389
14240 0.00459898
14245 0.00440648
14250 0.00420085
14255 0.00404322
14260 0.00384523
14265 0.0037152
14270 0.0035465
14275 0.00342468
14280 0.00330347
14285 0.00316077
14290 0.00301741
14295 0.00291537
14300 0.00277558
14305 0.00270772
14310 0.0025859
14315 0.00248715
14320 0.00238807
14325 0.00228907
14330 0.00219941
14335 0.00212204
14340 0.00205636
14345 0.00195854
14350 0.00186696
14355 0.0018499
14360 0.00176797
14365 0.00167994
14370 0.00159812
14375 0.00154662
14380 0.00149718
14385 0.00142157
14390 0.00135817
14395 0.00128662
14400 0.00127944
14405 0.00122397
14410 0.0011522
14415 0.00110665
14420 0.00107406
14425 0.00102116
14430 0.000971955
14435 0.000935561
14440 0.000950274
14445 0.000858391
14450 0.000817105
14455 0.000787443
14460 0.000761326
14465 0.000742662
14470 0.000729618
14475 0.00072025
14480 0.000623968
14485 0.000615076
14490 0.000587497
14495 0.000584474
14500 0.000547075
14505 0.000543249
14510 0.000529659
14515 0.000504523
14520 0.000488607
14525 0.000480204
14530 0.000451229
14535 0.000421207
14540 0.00042779
14545 0.000388229
14550 0.000391104
14555 0.000372182
14560 0.000364608
14565 0.000370932
14570 0.000378768
14575 0.000363745
14580 0.000338876
14585 0.000320079
14590 0.000311375
14595 0.00030041
14600 0.000273629
14605 0.000252454
14610 0.000225386
14615 0.000215881
14620 0.000192462
14625 0.000194217
14630 0.000187359
14635 0.000177012
14640 0.000189985
14645 0.000200455
14650 0.000132737
14655 0.000130895
14660 0.000133207
14665 0.000117284
14670 0.000122668
14675 0.000113521
14680 9.34558e-05
14685 7.74801e-05
14690 7.16018e-05
14695 4.72864e-05
14700 7.09799e-05
14705 7.02978e-05
14710 5.59144e-05
14715 9.60963e-05
14720 5.17976e-05
14725 3.72669e-05
14730 2.69058e-05
14735 3.40706e-05
14740 2.27735e-05
14745 3.52286e-05
14750 2.70242e-05
14755 5.29611e-05
14760 3.84283e-05
14765 3.35188e-05
14770 5.45706e-05
14775 1.68636e-05
14780 5.34007e-05
14785 -1.05348e-05
14790 1.69501e-05
14795 3.38923e-05
14800 3.61077e-05
14805 2.1288e-05
14810 4.89669e-05
14815 5.91987e-07
14820 2.19437e-05
14825 1.28123e-05
14830 2.34927e-05
14835 2.56245e-05
14840 -5.13058e-05
14845 3.278e-05
14850 2.79591e-05
14855 1.72433e-05
14860 2.16155e-05
14865 2.81468e-05
14870 3.03744e-05
14875 6.29102e-05
14880 -1.7603e-06
14885 1.07482e-08
14890 2.40174e-05
14895 8.07371e-05
14900 3.93518e-05
14905 2.19217e-06
14910 1.53821e-05
14915 3.07526e-05
14920 3.08267e-05
14925 4.18858e-05
14930 6.62322e-06
14935 -4.86444e-05
14940 1.7748e-05
14945 2.88527e-05
14950 2.23166e-06
14955 3.34073e-05
14960 -6.76477e-09
14965 -2.68241e-05
14970 2.78621e-08
14975 1.57219e-05
14980 2.26772e-06
14985 4.27656e-05
14990 4.51167e-06
14995 2.27144e-06
15000 1.57362e-05
15005 1.34667e-05
15010 4.40359e-06
15015 3.86341e-05
15020 1.36201e-05
15025 -5.46661e-05
15030 1.57583e-05
15035 2.30524e-06
15040 2.51907e-05
15045 -3.66994e-05
15050 8.85256e-06
15055 2.3074e-06
15060 1.38188e-05
15065 1.15424e-05
15070 -1.61343e-05
15075 5.55162e-05
15080 2.88764e-08
15085 4.13028e-06
15090 2.09451e-05
15095 9.33359e-06
15100 2.56083e-05
15105 1.86766e-05
15110 -2.34243e-06
15115 -4.68614e-06
15120 -2.34369e-05
15125 3.29073e-05
15130 1.57199e-05
15135 3.06373e-05
15140 2.83284e-05
15145 2.12955e-05
15150 2.13012e-05
15155 9.47938e-06
15160 2.37484e-05
15165 4.78576e-06
15170 2.52697e-05
15175 4.19632e-05
15180 4.76058e-06
15185 -2.40996e-06
15190 -2.87531e-05
15195 1.02589e-08
15200 1.44133e-05
15205 1.32842e-05
15210 -8.37424e-06
15215 -1.69281e-05
15220 -3.86386e-05
15225 9.56367e-05
15230 3.15298e-05
15235 1.45903e-05
15240 2.43538e-05
15245 1.46576e-05
15250 3.41924e-05
15255 -6.29823e-06
15260 3.77719e-05
15265 -5.14966e-05
15270 -9.80637e-06
15275 1.72249e-05
15280 -2.48231e-06
15285 -9.84471e-06
15290 3.95663e-05
15295 2.23032e-05
15300 2.48247e-05
15305 1.49156e-05
15310 2.24074e-05
15315 -7.46098e-06
15320 -2.42607e-05
15325 5.0054e-06
15330 -5.00646e-06
15335 2.00302e-05
15340 -8.78409e-05
15345 5.27922e-05
15350 3.02111e-05
15355 1.51527e-05
15360 4.59955e-05
15365 2.02612e-05
15370 -2.55152e-06
15375 1.52244e-05
15380 -2.03329e-05
15385 -2.55316e-06
15390 -2.55371e-06
15395 1.0217e-05
15400 3.06871e-05
15405 1.82127e-05
15410 -2.55652e-06
15415 1.02883e-05
15420 1.80253e-05
15425 2.83561e-05
15430 -1.28882e-05
15435 2.85813e-05
15440 -7.77342e-06
15445 5.18405e-06
15450 1.30234e-05
15455 3.646e-05
15460 1.04376e-05
15465 1.0441e-05
15470 2.62589e-06
15475 -5.25354e-06
15480 -1.31383e-05
15485 -1.32517e-09
15490 -2.62943e-06
15495 -5.26064e-06
15500 5.29198e-06
15505 -5.2931e-06
15510 -7.95609e-06
15515 -1.59156e-05
15520 8.07785e-06
15525 3.46858e-05
15530 0.000119976
15535 2.36272e-05
15540 3.47968e-05
15545 1.87794e-05
15550 1.83093e-05
15555 -2.80273e-08
15560 -4.57928e-05
15565 -5.93208e-05
15570 -3.35067e-06
15575 -3.38102e-06
15580 1.35566e-05
15585 -1.08595e-05
15590 8.16114e-06
15595 4.00722e-05
15600 -1.63589e-05
15605 2.72925e-05
15610 -1.63683e-05
15615 3.47072e-05
15620 1.92015e-05
15625 2.10504e-05
15630 2.37927e-05
15635 1.65109e-05
15640 -4.13634e-05
15645 2.49145e-05
15650 2.21527e-05
15655 -8.30964e-06
15660 1.81369e-08
15665 1.67183e-05
15670 1.67826e-05
15675 0.000110416
15680 -1.9596e-05
15685 -2.55415e-08
15690 -3.92741e-05
15695 2.39414e-05
15700 -8.42074e-06
15705 4.23243e-05
15710 2.54256e-05
15715 1.98141e-05
15720 3.68591e-05
15725 2.26957e-05
15730 2.0144e-08
15735 8.55673e-06
15740 2.40612e-05
15745 2.57143e-05
15750 -1.70677e-06
15755 -2.0068e-05
15760 -2.29204e-05
15765 3.26973e-05
15770 2.01459e-05
15775 -3.4606e-05
15780 -2.87969e-06
15785 -2.88054e-06
15790 5.82281e-06
15795 2.90327e-05
15800 -8.73941e-06
15805 2.91379e-05
15810 1.46323e-05
15815 4.17134e-05
15820 2.63623e-05
15825 8.80947e-06
15830 1.83146e-05
15835 1.47091e-05
15840 -5.89703e-06
15845 1.17967e-05
15850 8.87966e-06
15855 5.93115e-06
15860 2.37299e-05
15865 3.56329e-05
15870 2.67533e-05
15875 1.03006e-08
15880 1.492e-05
15885 -2.95452e-06
15890 2.42746e-05
15895 9.01836e-06
15900 6.90559e-05
15905 6.31329e-05
15910 -4.51919e-05
15915 1.81188e-05
15920 4.55534e-05
15925 1.51693e-05
15930 2.42728e-05
15935 5.16757e-05
15940 2.13244e-05
15945 4.87747e-05
15950 -1.21976e-05
15955 6.14622e-06
15960 2.45323e-05
15965 5.91177e-09
15970 3.09127e-06
15975 3.09228e-06
15980 6.48073e-05
15985 0.000105084
15990 -5.26805e-05
15995 6.22294e-06
16000 3.12765e-06
16000 0
