6995 0
6995 -5.10492e-07
7000 -1.4563e-06
7005 -6.52252e-07
7010 -1.40509e-07
7015 -5.3485e-07
7020 2.81982e-07
7025 -1.42645e-06
7030 3.67833e-07
7035 -3.25946e-07
7040 -1.98741e-07
7045 2.06191e-07
7050 -1.36034e-06
7055 -3.21044e-07
7060 -5.8601e-07
7065 -2.06885e-06
7070 -1.83572e-06
7075 -1.89631e-06
7080 -1.10805e-06
7085 7.27946e-07
7090 7.50837e-07
7095 -1.56207e-06
7100 1.08661e-07
7105 2.24962e-07
7110 -6.7607e-07
7115 -4.15095e-07
7120 -1.16722e-07
7125 2.19238e-07
7130 1.83018e-07
7135 1.05603e-06
7140 -1.51336e-06
7145 -1.20692e-06
7150 5.9714e-07
7155 -2.18597e-06
7170 -1.10614e-06
7175 -1.00396e-06
7180 -1.07275e-06
7185 -1.32835e-06
7190 -1.00921e-06
7195 -1.73736e-06
7200 -3.06066e-06
7205 -1.22485e-06
7210 9.7854e-07
7215 3.01602e-07
7220 -7.32631e-07
7225 -1.33157e-06
7230 -1.24289e-06
7235 -1.97379e-06
7240 -7.14811e-07
7245 -5.82285e-09
7250 9.15619e-08
7255 8.40437e-08
7260 8.03304e-07
7265 -6.35838e-07
7270 -9.35857e-07
7275 -1.06768e-06
7280 -1.0768e-06
7285 -1.07823e-07
7290 -2.31356e-06
7295 1.15831e-07
7300 -1.97948e-06
7305 -1.43238e-06
7310 2.13072e-10
7315 3.57104e-07
7320 -1.86561e-06
7325 6.38264e-07
7330 -1.4419e-06
7335 -1.02237e-06
7340 -1.8599e-06
7345 -3.52126e-07
7350 -7.05185e-07
7355 -8.31647e-07
7360 -4.24228e-07
7365 -1.04623e-06
7370 -1.43358e-06
7375 -4.73234e-07
7380 -8.6084e-07
7385 -3.47954e-07
7390 -1.30654e-06
7395 -2.6324e-06
7400 -2.07216e-06
7405 -2.1703e-06
7410 -1.45673e-06
7415 -1.80139e-06
7420 -1.20517e-06
7425 -2.50142e-06
7430 -4.00113e-08
7435 -7.05127e-07
7440 -1.33187e-06
7445 -1.47823e-06
7450 -1.0136e-06
7455 2.26346e-06
7460 -1.18564e-06
7465 4.03808e-08
7470 -5.98417e-07
7475 2.75309e-07
7480 -8.91867e-07
7485 -4.78992e-07
7490 5.77167e-07
7495 -2.10822e-06
7500 -4.89033e-07
7505 -5.7128e-08
7510 1.79779e-07
7515 -8.42794e-07
7520 -1.40103e-06
7525 -2.2971e-06
7530 -7.80396e-07
7535 -8.47224e-07
7540 3.70632e-07
7545 -1.03088e-06
7550 1.98189e-07
7555 -1.19897e-06
7560 -7.45159e-08
7565 2.44565e-06
7570 2.23301e-06
7575 2.88426e-06
7580 2.87971e-06
7585 3.30847e-06
7590 3.83017e-06
7595 7.36949e-06
7600 7.94794e-06
7605 1.17281e-05
7610 1.22968e-05
7615 1.47989e-05
7620 1.98975e-05
7625 2.39821e-05
7630 2.90215e-05
7635 3.69528e-05
7640 4.46509e-05
7645 5.57877e-05
7650 6.1411e-05
7655 7.07151e-05
7660 7.90729e-05
7665 8.72995e-05
7670 9.59484e-05
7675 0.000100362
7680 0.000109775
7685 0.000113575
7690 0.000118729
7695 0.00012364
7700 0.000126632
7705 0.000129758
7710 0.000134426
7715 0.000137725
7720 0.000139877
7725 0.000142622
7730 0.000146435
7735 0.000150719
7740 0.000153286
7745 0.000157641
7750 0.000162971
7755 0.000171113
7760 0.000181515
7765 0.000190257
7770 0.000203815
7775 0.000219192
7780 0.000234673
7785 0.000255468
7790 0.000278401
7795 0.000303341
7800 0.000334136
7805 0.000371983
7810 0.000414806
7815 0.000465928
7820 0.000527837
7825 0.000602964
7830 0.000689447
7835 0.000790643
7840 0.000920741
7845 0.00107098
7850 0.00125736
7855 0.00148358
7860 0.00174261
7865 0.00205805
7870 0.00243708
7875 0.00285728
7880 0.00335925
7885 0.00389628
7890 0.00450075
7895 0.00514774
7900 0.00579526
7905 0.00646738
7910 0.00712299
7915 0.00775319
7920 0.00837437
7925 0.00896362
7930 0.00951942
7935 0.0100902
7940 0.0106425
7945 0.0112148
7950 0.0118151
7955 0.0124607
7960 0.0131306
7965 0.0138599
7970 0.0146682
7975 0.0155335
7980 0.0164786
7985 0.0174974
7990 0.0185805
7995 0.019775
8000 0.0210857
8005 0.0223945
8010 0.0238305
8015 0.0253539
8020 0.0268798
8025 0.0285041
8030 0.030141
8035 0.0317939
8040 0.0334868
8045 0.035098
8050 0.036651
8055 0.0381649
8060 0.0394523
8065 0.0406065
8070 0.0415631
8075 0.0422581
8080 0.0427234
8085 0.0429655
8090 0.0429545
8095 0.0427462
8100 0.0423495
8105 0.0418475
8110 0.0411721
8115 0.0404644
8120 0.0396939
8125 0.038915
8130 0.0381996
8135 0.0374996
8140 0.0368819
8145 0.0364289
8150 0.036066
8155 0.0358642
8160 0.0358288
8165 0.0359272
8170 0.0362065
8175 0.0367183
8180 0.0373464
8185 0.0381858
8190 0.039196
8195 0.0403492
8200 0.0417369
8205 0.0432195
8210 0.0448206
8215 0.0466437
8220 0.0484827
8225 0.0504787
8230 0.0526128
8235 0.0547103
8240 0.0569068
8245 0.0590179
8250 0.0610806
8255 0.0631375
8260 0.0650356
8265 0.0668315
8270 0.0685082
8275 0.0699786
8280 0.0713119
8285 0.0724409
8290 0.0734144
8295 0.074195
8300 0.0748428
8305 0.0753577
8310 0.0756551
8315 0.075843
8320 0.0759376
8325 0.0758852
8330 0.07573
8335 0.0755746
8340 0.0753547
8345 0.0750423
8350 0.0747756
8355 0.0743888
8360 0.0739227
8365 0.0733432
8370 0.0726415
8375 0.0717639
8380 0.0707693
8385 0.0696621
8390 0.0683663
8395 0.0670112
8400 0.0655688
8405 0.0642164
8410 0.0629524
8415 0.0617408
8420 0.0607097
8425 0.0597661
8430 0.0588496
8435 0.0580816
8440 0.0573967
8445 0.0565696
8450 0.0557363
8455 0.054772
8460 0.0537349
8465 0.0525152
8470 0.0513445
8475 0.0501373
8480 0.0489334
8485 0.0478805
8490 0.0471069
8495 0.0464634
8500 0.0461157
8505 0.0461197
8510 0.0465226
8515 0.0472004
8520 0.0482404
8525 0.0495871
8530 0.051098
8535 0.0528504
8540 0.0545627
8545 0.0562124
8550 0.0577355
8555 0.0589815
8560 0.0597995
8565 0.0603172
8570 0.0603319
8575 0.0601228
8580 0.0597401
8585 0.0592215
8590 0.0587973
8595 0.0585496
8600 0.0584665
8605 0.0586766
8610 0.0593322
8615 0.0604165
8620 0.0614726
8625 0.0631078
8630 0.0650888
8635 0.0670477
8640 0.0692035
8645 0.0712226
8650 0.0732696
8655 0.075102
8660 0.0768192
8665 0.0782039
8670 0.0793411
8675 0.0803398
8680 0.0808308
8685 0.081548
8690 0.0820086
8695 0.0827565
8700 0.0834031
8705 0.0843153
8710 0.0850902
8715 0.0860445
8720 0.0871658
8725 0.0881074
8730 0.088942
8735 0.0889463
8740 0.0888241
8745 0.0878415
8750 0.085921
8755 0.0841988
8760 0.0819808
8765 0.0793693
8770 0.0763789
8775 0.0734661
8780 0.0707746
8785 0.0679745
8790 0.0655605
8795 0.063344
8800 0.0609632
8805 0.059112
8810 0.0575019
8815 0.056157
8820 0.0547917
8825 0.0533151
8830 0.0518674
8835 0.0502072
8840 0.0486961
8845 0.0470112
8850 0.0452551
8855 0.0432825
8860 0.0413186
8865 0.0394731
8870 0.0377299
8875 0.0360621
8880 0.034705
8885 0.033584
8890 0.0325082
8895 0.0317449
8900 0.03134
8905 0.030988
8910 0.031137
8915 0.0311744
8920 0.0315156
8925 0.0320544
8930 0.0327742
8935 0.0333396
8940 0.0340146
8945 0.0346073
8950 0.0350834
8955 0.0355118
8960 0.035803
8965 0.0358864
8970 0.0358866
8975 0.035777
8980 0.0354996
8985 0.0353973
8990 0.035324
8995 0.0353182
9000 0.0355576
9005 0.0359195
9010 0.0366359
9015 0.0376022
9020 0.0389088
9025 0.040543
9030 0.042658
9035 0.0451112
9040 0.0479317
9045 0.0514616
9050 0.0552869
9055 0.0592274
9060 0.0633565
9065 0.0675733
9070 0.0717612
9075 0.0757936
9080 0.0795817
9085 0.0830701
9090 0.0856332
9095 0.0878596
9100 0.0896406
9105 0.0910127
9110 0.0921359
9115 0.0930887
9120 0.0937019
9125 0.0944061
9130 0.0950977
9135 0.0957171
9140 0.0964499
9145 0.0972073
9150 0.0978734
9155 0.0984776
9160 0.0988711
9165 0.099336
9170 0.0996212
9175 0.0997508
9180 0.0997261
9185 0.0996291
9190 0.099508
9195 0.0993001
9200 0.0991359
9205 0.0989055
9210 0.0986967
9215 0.0985303
9220 0.0982969
9225 0.0980489
9230 0.0976666
9235 0.097178
9240 0.0965039
9245 0.0955938
9250 0.0945671
9255 0.093356
9260 0.0919014
9265 0.0903619
9270 0.0884701
9275 0.086586
9280 0.0847975
9285 0.0829712
9290 0.0812545
9295 0.0795724
9300 0.0780426
9305 0.0765556
9310 0.0753334
9315 0.07423
9320 0.0732525
9325 0.0723682
9330 0.0715973
9335 0.0708108
9340 0.0700988
9345 0.0694757
9350 0.068841
9355 0.068231
9360 0.0676211
9365 0.0670277
9370 0.0664335
9375 0.0658706
9380 0.0654011
9385 0.0649494
9390 0.0645676
9395 0.0642744
9400 0.0640803
9405 0.0639337
9410 0.0639342
9415 0.0640243
9420 0.0642396
9425 0.0645383
9430 0.064961
9435 0.0654702
9440 0.0660659
9445 0.0667687
9450 0.0675374
9455 0.0684496
9460 0.0694389
9465 0.07062
9470 0.0718699
9475 0.0731988
9480 0.0746519
9485 0.0762465
9490 0.0780127
9495 0.0798806
9500 0.0818384
9505 0.0837269
9510 0.0856944
9515 0.0876649
9520 0.0895523
9525 0.0914613
9530 0.0930708
9535 0.0944178
9540 0.0955281
9545 0.0963938
9550 0.0969128
9555 0.0971837
9560 0.0971367
9565 0.0968762
9570 0.096436
9575 0.0958426
9580 0.0951399
9585 0.0943251
9590 0.0934546
9595 0.0925377
9600 0.0916688
9605 0.0907475
9610 0.0898692
9615 0.0888799
9620 0.0877388
9625 0.0865443
9630 0.0852544
9635 0.0839869
9640 0.0825273
9645 0.0809413
9650 0.0791899
9655 0.0773382
9660 0.075507
9665 0.0736631
9670 0.0718481
9675 0.0699619
9680 0.0680742
9685 0.0662131
9690 0.064485
9695 0.0628853
9700 0.0612561
9705 0.0597221
9710 0.0582494
9715 0.0567129
9720 0.0553284
9725 0.0540136
9730 0.0527769
9735 0.0515065
9740 0.0503076
9745 0.0491245
9750 0.0479578
9755 0.0469317
9760 0.0460002
9765 0.045103
9770 0.044255
9775 0.0434948
9780 0.0428275
9785 0.0422674
9790 0.041847
9795 0.0415289
9800 0.0413985
9805 0.0414034
9810 0.0415399
9815 0.0418535
9820 0.0423391
9825 0.0429723
9830 0.0437835
9835 0.0448438
9840 0.0462137
9845 0.0478129
9850 0.0495066
9855 0.0516039
9860 0.0540524
9865 0.0568106
9870 0.0601835
9875 0.063915
9880 0.0679091
9885 0.0722101
9890 0.0768392
9895 0.0815606
9900 0.0861575
9905 0.0902196
9910 0.093187
9915 0.0946186
9920 0.0944116
9925 0.0922811
9930 0.0881186
9935 0.0820189
9940 0.0747052
9945 0.0671983
9950 0.0593137
9955 0.0515476
9960 0.0443069
9965 0.0376895
9970 0.0318203
9975 0.0271553
9980 0.023228
9985 0.0198876
9990 0.0170706
9995 0.0147438
10000 0.0126226
10005 0.0110306
10010 0.00969466
10015 0.00851955
10020 0.00753144
10025 0.00669598
10030 0.0059225
10035 0.00528471
10040 0.00477838
10045 0.00428922
10050 0.00388928
10055 0.00348795
10060 0.00317309
10065 0.00286182
10070 0.00264336
10075 0.00242585
10080 0.00223175
10085 0.00203692
10090 0.00191215
10095 0.00170829
10100 0.00160694
10105 0.00145804
10110 0.00135404
10115 0.00130764
10120 0.00117649
10125 0.00111241
10130 0.00102487
10135 0.000950607
10140 0.000936699
10145 0.000859174
10150 0.000792641
10155 0.000731849
10160 0.000678028
10165 0.000646592
10170 0.00061381
10175 0.000596103
10180 0.000519292
10185 0.000520489
10190 0.000472017
10195 0.000432035
10200 0.000426007
10205 0.000405162
10210 0.000376304
10215 0.000364339
10220 0.00032909
10225 0.000291578
10230 0.000290547
10235 0.000266203
10240 0.000262236
10245 0.000254567
10250 0.0002225
10255 0.000230535
10260 0.000222835
10265 0.000155794
10270 0.000202488
10275 0.000164355
10280 0.000149197
10285 0.000164945
10290 0.000169407
10295 0.000120407
10300 0.000151151
10305 0.000134145
10310 0.00011458
10315 0.000116658
10320 9.36421e-05
10325 0.000115256
10330 0.000120153
10335 0.000109761
10340 8.40861e-05
10345 8.38931e-05
10350 8.25249e-05
10355 7.60725e-05
10360 8.22653e-05
10365 6.69744e-05
10370 8.70172e-05
10375 5.16387e-05
10380 7.29043e-05
10385 7.54745e-05
10390 6.64176e-05
10395 5.00638e-05
10400 6.14871e-05
10405 5.61155e-05
10410 1.74398e-05
10415 4.01518e-05
10420 4.22072e-05
10425 5.57922e-05
10430 3.34331e-05
10435 4.3252e-05
10440 2.34641e-05
10445 3.69649e-05
10450 3.93775e-05
10455 3.49672e-05
10460 1.96326e-05
10465 2.69565e-05
10470 4.16066e-05
10475 3.78502e-05
10480 1.46352e-05
10485 1.8281e-05
10490 2.02241e-05
10495 2.6313e-05
10500 1.57616e-05
10505 2.05992e-05
10510 1.45143e-05
10515 1.21042e-05
10520 3.74267e-05
10525 2.89449e-05
10530 2.40767e-05
10535 -1.08163e-05
10540 2.76422e-05
10545 4.90389e-05
10550 1.19834e-05
10555 1.31826e-05
10560 2.39283e-05
10565 2.50901e-05
10570 2.1473e-05
10575 1.43064e-05
10580 3.58003e-06
10585 3.69437e-05
10590 -6.35154e-09
10595 -1.06684e-05
10600 2.86131e-05
10605 1.30168e-05
10610 1.5376e-05
10615 2.48073e-05
10620 4.73895e-06
10625 2.38519e-05
10630 2.73801e-05
10635 1.41145e-05
10640 1.41089e-05
10645 2.58103e-05
10650 3.52011e-06
10655 2.10863e-05
10660 1.87358e-05
10665 -1.8509e-06
10670 1.98572e-05
10675 2.56606e-05
10680 2.96875e-05
10685 -4.65115e-06
10690 1.97662e-05
10695 7.59658e-06
10700 -2.3313e-06
10705 -9.28138e-06
10710 -5.78651e-06
10715 6.94309e-06
10720 8.10177e-06
10725 1.96436e-05
10730 -6.92695e-06
10735 5.77765e-06
10740 6.62403e-06
10745 1.58734e-05
10750 1.72746e-05
10755 1.60953e-05
10760 1.93459e-05
10765 6.90038e-06
10770 6.889e-06
10775 2.28195e-05
10780 1.8339e-05
10785 9.08068e-06
10790 3.4481e-06
10795 2.74506e-05
10800 6.8555e-06
10805 -3.43958e-06
10810 -1.13568e-06
10815 2.27333e-06
10820 4.56831e-06
10825 2.16338e-05
10830 4.55841e-06
10835 -1.02475e-05
10840 -9.11473e-06
10845 3.40983e-06
10850 2.61409e-05
10855 3.66609e-06
10860 -2.27315e-06
10865 -5.03505e-09
10870 9.07255e-06
10875 4.52227e-06
10880 3.39464e-06
10885 2.64259e-05
10890 1.13172e-05
10895 1.51447e-05
10900 2.48547e-05
10905 3.39147e-06
10910 1.63225e-05
10915 7.89743e-06
10920 1.46694e-05
10925 9.03402e-06
10930 1.01474e-05
10935 1.1281e-05
10940 1.69004e-05
10945 2.25299e-06
10950 1.80036e-05
10955 2.25704e-06
10960 7.87027e-06
10965 9.00795e-06
10970 3.37649e-06
10975 -1.23672e-05
10980 1.79735e-05
10985 -2.25103e-06
10990 -7.01563e-06
10995 1.57292e-05
11000 1.34668e-05
11000 0
