18998 0
18998 -0.000622172
19000 0.00232363
19002 -0.000258271
19004 -0.000436304
19006 -9.52462e-05
19008 -0.000326501
19010 0.000284017
19012 0.00178683
19014 -0.000340424
19016 -0.000381283
19018 0.000309235
19020 -0.00254034
19022 -0.00168734
19024 -0.000190403
19026 0.000277023
19028 0.000597721
19030 0.000622722
19032 -0.000543884
19034 -0.00029259
19036 8.34074e-05
19038 -0.000690279
19040 -0.00030052
19042 0.000126721
19044 0.000135632
19046 0.000219707
19048 0.000530863
19050 -0.000128827
19052 0.000739251
19054 -0.00108716
19056 0.000142872
19058 0.00167634
19060 -0.000552885
19062 0.00036735
19064 -0.00124026
19066 -6.99407e-05
19068 -4.54612e-05
19070 -0.000349077
19072 -0.000703214
19074 -0.00119514
19076 0.000801352
19078 -0.000349433
19080 0.000143504
19082 -0.000998773
19084 -9.30959e-05
19086 -0.000830014
19088 -0.000388484
19090 0.00252762
19092 -0.00162759
19094 0.000531725
19096 -5.98754e-05
19098 -0.000121777
19100 0.000370355
19102 -0.000816818
19104 -3.89202e-05
19106 -0.000197337
19108 -0.000177789
19110 -0.000660568
19112 -0.00101243
19114 0.000131011
19116 0.000125887
19118 -4.6193e-07
19120 6.11502e-05
19122 -3.6307e-05
19124 -0.000685463
19126 -0.00245339
19128 -0.000211218
19130 0.00271959
19132 0.00321049
19134 -0.000451896
19136 0.000137307
19138 -0.00114717
19140 -0.000198874
19142 -0.00087601
19144 -0.000474375
19146 -0.000158758
19148 0.000242644
19150 -0.000551674
19152 -0.000313643
19154 -0.000644305
19156 0.00162698
19158 -0.00125664
19160 -0.000248226
19162 0.000408702
19164 0.000567411
19166 -0.000427595
19168 0.000119327
19170 5.69393e-05
19172 -0.000471603
19174 0.000292188
19176 -0.00029572
19178 -0.000767085
19180 -0.000353307
19182 -5.89552e-05
19184 -0.000709644
19186 -0.000226809
19188 -0.000527584
19190 -0.00048465
19192 -0.000728726
19194 0.00212863
19196 0.00223476
19198 -0.00131485
19200 -0.000762553
19202 -0.000761419
19204 -0.000647514
19206 0.000526367
19208 0.00048827
19210 -0.000394603
19212 8.79888e-05
19214 -0.000128142
19216 -0.00216882
19218 -0.000154189
19220 -0.000513197
19222 -0.000539951
19224 0.000206863
19226 0.000181161
19228 8.83118e-05
19230 -0.000190961
19232 0.000536964
19234 2.57411e-05
19236 0.000236828
19238 -0.00111604
19240 -0.000264005
19242 -6.85666e-05
19244 -0.000252044
19246 -4.33235e-07
19248 -3.37632e-05
19250 -0.000666315
19252 0.000746215
19254 0.00219916
19256 0.000178741
19258 -0.00412412
19260 -0.00132013
19262 -0.000364962
19264 0.000618215
19266 0.00140965
19268 0.0023568
19270 -0.000258144
19272 0.000506509
19274 0.00123283
19276 -0.00187136
19278 0.000137655
19280 -0.000210953
19282 -0.000352446
19284 -0.0012299
19286 8.62384e-05
19288 -0.000833188
19290 -0.00201778
19292 -4.34536e-07
19294 -6.36178e-05
19296 -0.000298003
19298 0.000156494
19300 0.000585056
19302 0.000665036
19304 -0.00130247
19306 -6.44694e-05
19308 -0.000898739
19310 -0.00102096
19312 -6.47617e-05
19314 -0.000384636
19316 0.000316491
19318 6.23754e-05
19320 0.000252279
19322 2.34427e-07
19324 0.000379652
19326 -0.000698633
19328 -2.01012e-07
19330 0.000157982
19332 0.000461236
19334 -0.000468098
19336 -0.000665552
19338 0.000193964
19340 -0.000839287
19342 0.000279854
19344 -0.0017008
19346 0.000774939
19348 -0.000415142
19350 -0.000752855
19352 0.000894272
19354 9.0066e-05
19356 0.000199183
19358 0.000840801
19360 0.000208599
19362 0.000296554
19364 -0.000202708
19366 -0.000462557
19368 -0.000172498
19370 -0.000433314
19372 -0.000642122
19374 -0.00208244
19376 -0.000586434
19378 0.00039562
19380 0.000267175
19382 0.000798969
19384 -0.000271881
19386 -0.000621432
19388 -0.000346501
19390 -0.00062014
19392 0.000203768
19394 0.000533773
19396 0.00048549
19398 -0.00155306
19400 0.000927678
19402 0.00154447
19404 0.000259811
19406 6.6124e-05
19408 0.000328179
19410 -0.00131551
19412 0.00028779
19414 -0.000261388
19416 -0.000388247
19418 0.000218399
19420 -0.000889333
19422 0.000321006
19424 0.000319571
19426 0.00118248
19428 -0.000843799
19430 0.000258463
19432 -0.000455811
19434 -0.000628687
19436 0.00026418
19438 -0.000601031
19440 -0.000605274
19442 0.000134192
19444 0.00100431
19446 0.000735861
19448 -6.71091e-05
19450 -0.000724357
19452 -0.000260441
19454 3.04102e-07
19456 -2.19662e-06
19458 -0.00150481
19460 -0.000105976
19462 -0.00124686
19464 -0.000592294
19466 0.000199163
19468 0.000952057
19470 0.000159608
19472 0.000158853
19474 9.15361e-05
19476 -0.000267846
19478 -0.00059826
19480 0.000396303
19482 -0.000834374
19484 -0.000173083
19486 0.000460629
19488 0.000595792
19490 -4.11302e-05
19492 -0.00123433
19494 9.24856e-05
19496 0.000197879
19498 -0.000262963
19500 0.00124852
19502 -6.70407e-05
19504 -9.49634e-07
19506 0.000264514
19508 -0.000396393
19510 -0.000792669
19512 0.000198529
19514 -0.000179925
19516 -0.000928993
19518 -0.000999281
19520 -0.00033594
19522 -0.000807935
19524 -0.000611082
19526 -0.000750602
19528 -0.00123249
19530 -0.00108801
19532 -0.000732251
19534 0.000270965
19536 0.000269205
19538 0.000295668
19540 6.7407e-05
19542 0.000268342
19544 0.000269642
19546 -0.000403233
19548 0.000473158
19550 -1.19125e-06
19552 -0.000473847
19554 -0.000115246
19556 9.47647e-05
19558 -0.000135034
19560 -6.7885e-05
19562 -6.67713e-05
19564 -0.000521474
19566 0.000135287
19568 0.000365877
19570 -0.000271135
19572 6.80155e-05
19574 -0.000273263
19576 -0.000476356
19578 0.00175448
19580 -0.000929057
19582 6.71464e-05
19584 -0.00053135
19586 0.000951909
19588 0.000478228
19590 0.000266429
19592 -0.000964945
19594 -0.00220622
19596 -0.000452564
19598 0.000131383
19600 0.00132223
19602 0.000821783
19604 0.0010245
19606 0.000547007
19608 0.000410684
19610 0.000549222
19612 -0.000206617
19614 0.000414255
19616 -0.000276427
19618 0.000623174
19620 0.000438596
19622 -0.000416829
19624 0.00048514
19626 -0.000139738
19628 -0.0013891
19630 -6.73558e-05
19632 0.000485912
19634 -4.31589e-05
19636 -0.000323672
19638 -0.00027582
19640 0.000617039
19642 0.000478835
19644 -0.000740797
19646 0.000857236
19648 0.000623719
19650 -0.000181176
19652 -0.000127765
19654 0.00138555
19656 -0.000279244
19658 -0.00104426
19660 -0.00131334
19662 0.000856645
19664 -0.000252874
19666 0.000349359
19668 0.000374583
19670 9.71632e-05
19672 -4.63044e-05
19674 -0.000700647
19676 0.000348932
19678 -7.03812e-05
19680 -0.0001833
19682 0.000279992
19684 0.000349106
19686 0.000489524
19688 -0.000349863
19690 0.000771513
19692 0.000349245
19694 0.000377683
19696 0.000141089
19698 0.000910636
19700 7.25959e-05
19702 0.000711083
19704 -7.04463e-05
19706 -0.000282443
19708 0.000308759
19710 0.000214903
19712 0.000923595
19714 -0.0017961
19716 0.00166898
19718 0.00155909
19720 7.26931e-05
19722 0.000233277
19724 0.000354219
19726 0.000524606
19728 0.00130376
19730 0.00159135
19732 0.000883331
19734 -0.000354421
19736 7.18735e-05
19738 0.0010027
19740 0.00110082
19742 0.00103148
19744 0.000361666
19746 -0.000994056
19748 0.00078972
19750 0.00107977
19752 0.00280132
19754 0.0023447
19756 0.00179546
19758 0.00151039
19760 0.00172541
19762 0.00158803
19764 0.00229925
19766 0.00194322
19768 0.00151587
19770 0.002171
19772 0.00213097
19774 0.0033984
19776 0.00225255
19778 0.00133773
19780 0.00558111
19782 0.00613564
19784 0.00349073
19786 0.00380687
19788 0.00345739
19790 0.00528323
19792 0.00577659
19794 0.00565596
19796 0.00601603
19798 0.00565801
19800 0.00512642
19802 0.00985725
19804 0.00931379
19806 0.00978384
19808 0.00901262
19810 0.0103858
19812 0.0114826
19814 0.0127841
19816 0.0132771
19818 0.0151738
19820 0.0171596
19822 0.0182535
19824 0.0194366
19826 0.0220269
19828 0.0235923
19830 0.0251545
19832 0.0285468
19834 0.0313018
19836 0.0340895
19838 0.0381986
19840 0.0415699
19842 0.0470129
19844 0.051791
19846 0.0571522
19848 0.0632647
19850 0.0690105
19852 0.076701
19854 0.0843369
19856 0.0931752
19858 0.101959
19860 0.114376
19862 0.123276
19864 0.138467
19866 0.149803
19868 0.163076
19870 0.175961
19872 0.189338
19874 0.202703
19876 0.216288
19878 0.229136
19880 0.240736
19882 0.251398
19884 0.26271
19886 0.271633
19888 0.279652
19890 0.287346
19892 0.292383
19894 0.295589
19896 0.297486
19898 0.299474
19900 0.300357
19902 0.302463
19904 0.300378
19906 0.299776
19908 0.297208
19910 0.295198
19912 0.293659
19914 0.292254
19916 0.289316
19918 0.287804
19920 0.285878
19922 0.285732
19924 0.283769
19926 0.283202
19928 0.282342
19930 0.282734
19932 0.280072
19934 0.280754
19936 0.28118
19938 0.28109
19940 0.281959
19942 0.282123
19944 0.283757
19946 0.285145
19948 0.286977
19950 0.28796
19952 0.288672
19954 0.291974
19956 0.293103
19958 0.294921
19960 0.296193
19962 0.2978
19964 0.301664
19966 0.301333
19968 0.3039
19970 0.305843
19972 0.308061
19974 0.310181
19976 0.311756
19978 0.313072
19980 0.315366
19982 0.315371
19984 0.315632
19986 0.317213
19988 0.319313
19990 0.319579
19992 0.32024
19994 0.321202
19996 0.323145
19998 0.32299
20000 0.322902
20002 0.323353
20004 0.322829
20006 0.322395
20008 0.323098
20010 0.323239
20012 0.324132
20014 0.324193
20016 0.322512
20018 0.324122
20020 0.323966
20022 0.324875
20024 0.323803
20026 0.322599
20028 0.32321
20030 0.322212
20032 0.321287
20034 0.32199
20036 0.319456
20038 0.318336
20040 0.316398
20042 0.31479
20044 0.310761
20046 0.306941
20048 0.30381
20050 0.298198
20052 0.292091
20054 0.285375
20056 0.277944
20058 0.269688
20060 0.260875
20062 0.250313
20064 0.239847
20066 0.228463
20068 0.217738
20070 0.205881
20072 0.194307
20074 0.181632
20076 0.169258
20078 0.157949
20080 0.146686
20082 0.135696
20084 0.124971
20086 0.115742
20088 0.105095
20090 0.0969093
20092 0.0879977
20094 0.0807554
20096 0.0742215
20098 0.0674186
20100 0.0623096
20102 0.0573888
20104 0.0514826
20106 0.0473005
20108 0.0431794
20110 0.0392904
20112 0.0359025
20114 0.0327425
20116 0.0292681
20118 0.0267552
20120 0.027126
20122 0.0232643
20124 0.0199421
20126 0.0187898
20128 0.0175073
20130 0.0165423
20132 0.0145103
20134 0.0134086
20136 0.0127557
20138 0.011798
20140 0.00982366
20142 0.0105663
20144 0.0101938
20146 0.00944879
20148 0.0078412
20150 0.00733985
20152 0.00702471
20154 0.00580543
20156 0.00611672
20158 0.00588011
20160 0.00451182
20162 0.00460997
20164 0.00436047
20166 0.00601686
20168 0.00403171
20170 0.00343255
20172 0.00312093
20174 0.00366267
20176 0.00343445
20178 0.0029632
20180 0.00215375
20182 0.00507933
20184 0.00396715
20186 0.00265778
20188 0.00167649
20190 0.00149728
20192 0.00117835
20194 0.00195273
20196 0.00172908
20198 0.00204866
20200 0.000787604
20202 0.000789312
20204 0.000796599
20206 0.000173769
20208 4.0943e-07
20210 0.000819916
20212 0.00142767
20214 0.000318881
20216 0.00153204
20218 0.0010651
20220 0.000818591
20222 0.00110818
20224 -0.000211689
20226 -0.00173567
20228 0.00134245
20230 0.0019011
20232 0.000396684
20234 -0.00079861
20236 0.0022267
20238 -7.83937e-05
20240 0.000481295
20242 0.000479214
20244 0.000588665
20246 -1.91686e-06
20248 -0.00016155
20250 -0.000160014
20252 -0.000401428
20254 -0.000535374
20256 -0.000161204
20258 -7.25e-05
20260 8.00813e-05
20262 -0.000376948
20264 0.000808582
20266 -0.00269018
20268 0.000153007
20270 0.00225241
20272 0.00113245
20274 0.000892987
20276 0.000896892
20278 0.000600253
20280 0.000649357
20282 -0.00040331
20284 0.000571304
20286 -0.000164078
20288 0.000328437
20290 0.00048772
20292 -0.000570226
20294 -0.000246219
20296 0.000245583
20298 -0.00113884
20300 0.00040802
20302 -1.31918e-05
20304 -0.000141519
20306 -0.00214613
20308 0.000989401
20310 -0.000301108
20312 0.000330151
20314 0.00110383
20316 0.000111447
20318 -0.000249607
20320 -0.000753936
20322 -0.00239944
20324 -0.00108309
20326 0.000167448
20328 -0.000141285
20330 0.000451625
20332 0.0018226
20334 -0.000725986
20336 0.000915734
20338 -0.00158537
20340 -0.00109162
20342 0.000752282
20344 0.000671063
20346 -0.000504158
20348 -0.000251953
20350 8.39865e-05
20352 8.47995e-05
20354 0.000423509
20356 0.000679715
20358 8.43439e-05
20360 -0.00166756
20362 -0.000427277
20364 -0.000170019
20366 -8.57477e-05
20368 -0.000847781
20370 -0.000595547
20372 -0.000763896
20374 -0.000421231
20376 -8.52189e-05
20378 -0.00092924
20380 0.000847458
20382 0.000453929
20384 -0.000934406
20386 0.000768207
20388 -0.000591805
20390 1.9478e-06
20392 2.71655e-05
20394 -0.000775856
20396 -0.000686542
20398 0.000346794
20400 -0.000139097
20402 0.000598909
20404 -0.000834848
20406 -0.000947286
20408 0.000517145
20410 0.000889923
20412 2.95735e-05
20414 -0.00121842
20416 0.00132777
20418 -0.000752592
20420 -5.59315e-05
20422 0.000716916
20424 0.000866976
20426 -0.000346794
20428 -0.00043566
20430 0.000596075
20432 0.000256615
20434 0.000697955
20436 -0.000407697
20438 -0.00087744
20440 0.000437305
20442 -0.000178405
20444 -0.000263241
20446 -7.49509e-05
20448 -0.00035166
20450 -0.000261743
20452 0.000723578
20454 -0.000972057
20456 3.10939e-05
20458 -0.000152299
20460 0.000649906
20462 -0.0006162
20464 -0.000788923
20466 -0.000147087
20468 -0.000276602
20470 0.000387008
20472 3.03845e-05
20474 -0.000426114
20476 0.000921211
20478 -5.85106e-05
20480 -0.000683634
20482 0.000471148
20484 -0.00230634
20486 -0.000628351
20488 -0.00116489
20490 -0.00086281
20492 -0.000449707
20494 -0.000449014
20496 0.000481326
20498 -8.9148e-05
20500 -0.00116575
20502 0.0010744
20504 0.00297262
20506 -0.00126774
20508 6.42063e-07
20510 6.82529e-07
20512 -0.00018136
20514 -2.6524e-06
20516 -0.000454947
20518 -0.000724692
20520 -0.00033268
20522 0.000181883
20524 0.000121785
20526 -0.000995271
20528 0.000111862
20530 -5.58374e-05
20532 0.000852863
20534 -9.21162e-05
20536 0.000580522
20538 -0.000367207
20540 -0.000282414
20542 -0.000995465
20544 0.00058315
20546 0.000909391
20548 -0.00219709
20550 -0.00101163
20552 -0.000184431
20554 -0.000619137
20556 0.00149989
20558 0.000827915
20560 -0.0021337
20562 -0.00193127
20564 -0.00223298
20566 -0.000712997
20568 -0.000525669
20570 -0.000988172
20572 -9.84694e-05
20574 -0.00176152
20576 -0.00131055
20578 0.000175836
20580 0.002308
20582 0.0012371
20584 -0.00178886
20586 0.000560338
20588 -0.000655164
20590 -0.000823101
20592 -0.000812317
20594 -0.000189297
20596 0.000407799
20598 0.000940627
20600 -0.00102593
20602 -0.00169758
20604 -0.00047298
20606 -4.56113e-06
20608 -0.00205604
20610 0.000469961
20612 0.000565652
20614 0.000472259
20616 -0.000575833
20618 -0.000347972
20620 0.000323442
20622 0.00126299
20624 -9.36378e-05
20626 -0.00142439
20628 -0.000858747
20630 0.000125925
20632 -9.79922e-05
20634 -0.00162712
20636 -0.000478798
20638 -0.000162353
20640 0.00107496
20642 -0.00038192
20644 0.00047975
20646 -0.000581656
20648 -0.00144527
20650 0.000603969
20652 -0.00124527
20654 0.000192854
20656 -0.00135178
20658 -7.91287e-05
20660 -0.000484777
20662 -0.000770589
20664 -9.08644e-05
20666 -0.000572246
20668 0.0010937
20670 0.000708377
20672 -0.000485611
20674 -0.000848399
20676 -0.00155881
20678 0.00068313
20680 0.000418318
20682 -0.000680132
20684 0.000908791
20686 0.00029118
20688 -0.000161726
20690 0.00172604
20692 -0.000768586
20694 -0.000493541
20696 -0.000692407
20698 0.00179468
20700 -0.000780659
20702 0.000390924
20704 -0.00126804
20706 -0.000106106
20708 0.00118411
20710 -0.00284923
20712 -0.000856472
20714 -0.000497001
20716 -0.00176207
20718 -0.00158816
20720 -0.000982448
20722 0.000625394
20724 0.000196335
20726 -0.000689165
20728 -0.00219546
20730 9.70711e-05
20732 0.000334843
20734 9.70726e-05
20736 -0.00170183
20738 -0.00169788
20740 -0.00158027
20742 -0.000671039
20744 1.14555e-06
20746 0.00103145
20748 -0.000902896
20750 -0.000403427
20752 -0.00051389
20754 -0.00111135
20756 0.00170936
20758 0.00040067
20760 -0.00190237
20762 -0.00010299
20764 2.17317e-06
20766 0.00222223
20768 -0.000577276
20770 0.000494752
20772 -0.000204072
20774 -0.000297121
20776 -0.00254873
20778 -0.000305323
20780 0.00330885
20782 0.000544311
20784 0.000913541
20786 -0.000582314
20788 0.000710623
20790 0.00170023
20792 -0.00252161
20794 -0.00266257
20796 -0.00093209
20798 -0.00112609
20800 -0.000591604
20802 -0.00186024
20804 -0.000927359
20806 -0.000103664
20808 0.00174123
20810 -0.000103629
20812 -0.000512092
20814 0.000513268
20816 -0.000927756
20818 -0.00197335
20820 0.00111902
20822 -0.00141752
20824 -0.000796368
20826 0.00194416
20828 -0.000518515
20830 -0.000822165
20832 0.00184176
20834 -0.000802178
20836 -0.000528232
20838 -0.00281833
20840 0.000808849
20842 -0.000313428
20844 -0.000385683
20846 0.00117748
20848 0.00125192
20850 -0.00135426
20852 -0.00125065
20854 0.00104072
20856 0.000212664
20858 -0.000408726
20860 -0.00177354
20862 0.00145032
20864 0.000207685
20866 0.000107331
20868 -0.000721659
20870 -0.000962481
20872 -0.00169739
20874 -0.000954691
20876 0.000423249
20878 -0.000422082
20880 -0.00166018
20882 -0.000421013
20884 0.00109419
20886 0.00210619
20888 -0.000924641
20890 0.000836771
20892 -0.00160078
20894 -0.00139005
20896 0.000991331
20898 0.00231608
20900 0.000316744
20902 -0.00103823
20904 -0.00139486
20906 -0.00107105
20908 -0.00225276
20910 -9.68042e-06
20912 -0.00129338
20914 -0.000969141
20916 0.00046156
20918 0.000106845
20920 -0.000535245
20922 0.000224417
20924 0.00152874
20926 -0.00162349
20928 -0.000852754
20930 1.80302e-05
20932 -0.00180238
20934 0.000632883
20936 -0.00130201
20938 -1.19523e-06
20940 -0.000132948
20942 -0.0029115
20944 0.00024875
20946 2.57193e-06
20948 0.000213561
20950 -0.00120549
20952 -0.00173957
20954 -6.11659e-05
20956 0.00194836
20958 -0.000765824
20960 -0.00147617
20962 0.00284819
20964 0.00130329
20966 -0.00120262
20968 -0.000555614
20970 -0.00218654
20972 0.000329924
20974 0.00108289
20976 -0.00131386
20978 0.000142603
20980 -0.000187598
20982 -0.000666303
20984 -0.00151163
20986 -0.00154787
20988 0.000256417
20990 -0.000772846
20992 -0.000667043
20994 -0.00100131
20996 -0.00164895
20998 0.00198426
21000 0.000804451
21000 0
