15002 0
15002 -0.000244093
15008 -4.5068e-05
15010 -8.44323e-05
15012 9.70627e-05
15014 -0.000101697
15016 -0.000140887
15018 4.1198e-05
15020 7.61717e-05
15022 -2.49302e-05
15024 5.59078e-05
15026 -8.15832e-05
15028 -0.000147337
15030 -0.000323288
15032 -4.49282e-06
15034 0.000163609
15036 4.09333e-05
15038 -2.02098e-05
15040 -8.53957e-05
15042 1.62363e-05
15044 -8.71827e-05
15046 -0.0003483
15048 -0.000162272
15050 0.000118738
15052 0.000186068
15054 -6.67804e-05
15056 -2.52699e-05
15058 -0.000146399
15060 -6.57359e-05
15062 -0.000107134
15064 -5.97489e-05
15066 -0.000127936
15068 -0.000122766
15070 -2.00491e-05
15072 7.824e-05
15074 -0.000221701
15076 0.000180602
15078 -0.000102494
15080 0.000103459
15082 2.19164e-05
15084 1.61863e-05
15086 4.64071e-07
15088 -6.71327e-05
15090 1.57813e-05
15092 3.6426e-05
15094 2.73084e-07
15096 -0.000205242
15098 0.000125014
15100 -8.26585e-05
15102 -0.000190468
15104 -0.000128304
15106 6.43501e-05
15108 -8.2011e-05
15110 -8.2211e-05
15112 -0.000171601
15114 4.28366e-05
15116 -2.61367e-05
15118 -0.000438932
15120 1.36728e-07
15122 -4.66019e-05
15124 -6.53699e-06
15126 -0.000171977
15128 2.20227e-05
15130 9.85243e-05
15132 -0.000235433
15134 2.06614e-05
15136 -0.000270188
15138 -0.000111459
15140 -0.000235316
15142 0.000184144
15144 -6.91094e-05
15146 -0.000355909
15148 1.572e-05
15150 2.20761e-05
15152 0.000274447
15154 -4.71751e-05
15156 0.000169624
15158 0.000212636
15160 7.9473e-05
15162 2.16518e-05
15164 5.74247e-05
15166 -0.000176212
15168 -0.000169651
15170 -0.000175153
15172 1.5137e-05
15174 -0.00011173
15176 1.56339e-05
15178 5.82359e-05
15180 4.32083e-05
15182 -8.51913e-05
15184 3.73455e-05
15186 1.54502e-05
15188 8.46698e-05
15190 -0.000233972
15192 -0.000321375
15194 -0.00011314
15196 -0.00021458
15198 6.46143e-05
15200 -0.00015525
15202 5.91084e-05
15204 2.31574e-05
15206 -0.000134263
15208 0.000108149
15210 0.000187691
15212 -6.41471e-05
15214 2.10552e-05
15216 -0.000128326
15218 0.000107501
15220 -0.000113207
15222 0.000145782
15224 5.22581e-07
15226 8.06801e-05
15228 -7.04286e-05
15230 2.33874e-05
15232 -8.53608e-05
15234 -0.000300891
15236 5.87378e-05
15238 -5.39551e-06
15240 2.21079e-05
15242 -0.000158712
15244 0.000124969
15246 4.36814e-05
15248 -0.000108005
15250 6.63922e-05
15252 -0.000136851
15254 -8.66896e-05
15256 -8.61217e-05
15258 0.000240179
15260 -6.94658e-06
15262 -0.000136578
15264 6.89315e-07
15266 1.56907e-05
15268 0.000109628
15270 4.39671e-05
15272 1.54759e-05
15274 1.076e-06
15276 3.03524e-07
15278 -4.24986e-05
15280 -2.71031e-05
15282 2.24691e-05
15284 3.74349e-05
15286 2.2668e-05
15288 -2.83869e-05
15290 -6.61428e-05
15292 1.02196e-06
15294 -0.000131048
15296 0.000193336
15298 -9.46354e-05
15300 -0.00024249
15302 -6.57197e-05
15304 0.000287804
15306 -0.000139727
15308 -6.55156e-06
15310 -7.28199e-05
15312 5.99142e-05
15314 -2.87015e-05
15316 -5.12691e-05
15318 -5.91829e-06
15320 -0.000198584
15322 -0.00028681
15324 -0.000176018
15326 -8.87772e-05
15328 -0.000116867
15330 1.05145e-06
15332 1.61882e-05
15334 -6.19909e-06
15336 -0.000133181
15338 -4.27367e-05
15340 6.03735e-05
15342 -5.13815e-05
15344 4.52119e-05
15346 3.76292e-05
15348 -9.53406e-05
15350 6.72677e-05
15352 -0.000186117
15354 0.000352876
15356 -0.000153683
15358 2.20516e-05
15360 -0.000210339
15362 4.58563e-05
15364 -0.000134616
15366 -0.000208925
15368 9.05722e-05
15370 -7.49752e-05
15372 -0.000163296
15374 -0.000113854
15376 -0.000272032
15378 6.00839e-05
15380 -9.6941e-05
15382 -2.24348e-05
15384 -8.7223e-05
15386 8.41795e-05
15388 -0.000226541
15390 -0.000226006
15392 -0.000167376
15394 -0.00011939
15396 0.000455374
15398 0.000295099
15400 -0.000135545
15402 -0.00022469
15404 2.39294e-05
15406 8.40418e-05
15408 0.000115042
15410 4.71561e-05
15412 4.64682e-05
15414 -0.000100394
15416 -0.000466472
15418 -0.000114342
15420 -0.000294882
15422 8.53834e-05
15424 -7.60549e-05
15426 6.92258e-05
15428 -0.000160937
15430 -0.00012172
15432 0.000246422
15434 -4.50073e-05
15436 0.000107693
15438 -0.000113662
15440 0.000130652
15442 -0.000168632
15444 1.62002e-05
15446 6.2276e-05
15448 -0.000139437
15450 -0.000217009
15452 -0.000100791
15454 -5.29509e-05
15456 -2.3122e-05
15458 7.06294e-05
15460 0.000233652
15462 0.00021005
15464 -0.000114028
15466 0.000116915
15468 -0.000139402
15470 -0.00027834
15472 -4.52901e-05
15474 -3.16011e-05
15476 3.95555e-05
15478 -4.58382e-05
15480 -0.000218005
15482 3.89856e-05
15484 -0.000186554
15486 -0.00013999
15488 8.58477e-05
15490 8.57757e-05
15492 -0.000102012
15494 7.16106e-05
15496 -3.23184e-05
15498 -0.00033362
15500 0.000188236
15502 -0.000314021
15504 0.000167001
15506 -5.41625e-05
15508 -9.48623e-05
15510 -0.000268063
15512 -9.30332e-05
15514 -2.30087e-05
15516 -3.15662e-05
15518 0.000322987
15520 -7.84958e-05
15522 1.64723e-05
15524 -0.000118756
15526 -0.000306509
15528 1.56094e-05
15530 -0.00010312
15532 -3.1392e-05
15534 -0.000142143
15536 -0.000353176
15538 -0.000293093
15540 3.9827e-05
15542 9.23681e-07
15544 2.28981e-05
15546 -0.000439692
15548 -0.000118457
15550 -0.000293578
15552 7.28618e-05
15554 -0.000105493
15556 -0.000200754
15558 0.000120888
15560 0.000230845
15562 -0.000153405
15564 -0.000199001
15566 0.000192825
15568 0.000112365
15570 9.62047e-05
15572 -0.000225412
15574 9.75102e-05
15576 0.000160419
15578 -0.00026194
15580 -8.18911e-05
15582 -0.000129787
15584 -5.67533e-05
15586 0.000185613
15588 5.02001e-06
15590 -3.14408e-05
15592 4.01949e-05
15594 -2.10951e-05
15596 -0.000145714
15598 3.85781e-05
15600 -8.16238e-05
15602 -5.65455e-05
15604 -0.000154978
15606 -0.000460245
15608 1.63379e-05
15610 7.36413e-05
15612 -4.85476e-05
15614 3.36979e-07
15616 7.34983e-05
15618 -0.000120639
15620 0.000113743
15622 1.65758e-06
15624 8.83959e-05
15626 -3.34404e-05
15628 -0.00013032
15630 -0.000121987
15632 -0.000179825
15634 1.59126e-05
15636 0.000212201
15638 3.97062e-05
15640 -0.000132322
15642 -0.000131578
15644 4.02825e-05
15646 -7.37941e-05
15648 -0.000316567
15650 -4.95544e-05
15652 -0.000157123
15654 8.9168e-05
15656 -0.000173318
15658 -1.68918e-07
15660 -0.000222772
15662 -0.000173349
15664 -0.000144813
15666 4.11222e-05
15668 -0.000172564
15670 -4.90761e-05
15672 -3.44306e-05
15674 -0.000371565
15676 -0.000108585
15678 0.000488732
15680 0.000374203
15682 -0.000147866
15684 5.07229e-05
15686 -0.000133547
15688 -0.000182407
15690 0.000116965
15692 2.49641e-05
15694 -0.000173922
15696 -4.99679e-05
15698 -9.82259e-05
15700 -3.46271e-05
15702 -0.000400471
15704 0.000390973
15706 -0.000109957
15708 4.10516e-05
15710 -0.000109869
15712 0.00015193
15714 -8.07745e-06
15716 2.56191e-05
15718 -0.000312436
15720 -3.4044e-05
15722 -8.50484e-05
15724 -0.000150222
15726 -0.000124492
15728 -7.94236e-06
15730 0.000177522
15732 -0.0001882
15734 6.22029e-07
15736 1.57787e-05
15738 2.67531e-05
15740 0.000194222
15742 0.00014313
15744 2.6168e-05
15746 1.9805e-07
15748 -9.847e-06
15750 6.64463e-05
15752 -8.69734e-05
15754 9.18521e-05
15756 9.22313e-05
15758 -8.70045e-05
15760 -1.01937e-05
15762 4.0808e-05
15764 1.52659e-05
15766 6.6396e-05
15768 -0.000292189
15770 5.14239e-05
15772 7.36736e-07
15774 0.000104147
15776 9.25388e-05
15778 -6.12844e-05
15780 4.13337e-05
15782 -0.000102496
15784 -8.64865e-05
15786 -0.000202998
15788 -0.000266243
15790 0.000155731
15792 -1.06102e-05
15794 6.72723e-05
15796 6.74789e-05
15798 1.49277e-05
15800 -0.000217216
15802 -0.000358851
15804 4.01694e-05
15806 -0.000192575
15808 -0.000192195
15810 -3.60062e-05
15812 -2.48487e-05
15814 -0.000360241
15816 -0.000374985
15818 -0.000192282
15820 -0.00010534
15822 -0.00038955
15824 -0.000129426
15826 0.000173654
15828 0.000260774
15830 -0.00019395
15832 1.51501e-05
15834 -7.85149e-05
15836 -0.000193775
15838 -0.000130162
15840 -0.000247182
15842 -0.000131664
15844 -3.55497e-05
15846 0.000541316
15848 0.000472129
15850 5.32537e-05
15852 -0.000105351
15854 1.45108e-06
15856 0.000133199
15858 -6.34323e-05
15860 -2.72366e-05
15862 -0.000369219
15864 0.000410415
15866 7.95966e-05
15868 -0.000105484
15870 8.54193e-07
15872 2.8134e-05
15874 -0.000194849
15876 8.01453e-05
15878 -0.000143585
15880 2.79449e-05
15882 -0.000169679
15884 -0.000239697
15886 -0.000145632
15888 -0.000303002
15890 0.000215423
15892 0.000761018
15894 -0.000186246
15896 -6.46247e-05
15898 -7.97976e-05
15900 6.2726e-07
15902 -2.58351e-05
15904 5.29601e-05
15906 -0.000186198
15908 0.000134019
15910 1.16975e-06
15912 -5.25601e-05
15914 -1.31274e-05
15916 -0.000226249
15918 -0.000225708
15920 6.95171e-05
15922 0.000123148
15924 -1.07372e-05
15926 5.53783e-05
15928 -3.81328e-05
15930 -0.000108243
15932 -0.000349829
15934 2.90894e-05
15936 0.000151639
15938 -3.86437e-05
15940 -0.000147849
15942 4.29994e-05
15944 1.3725e-06
15946 -6.58315e-05
15948 -6.50963e-05
15950 0.000108899
15952 -0.000121158
15954 -3.85122e-05
15956 -2.50105e-05
15958 -6.72852e-05
15960 -6.61776e-05
15962 -9.45274e-05
15964 2.87456e-05
15966 -3.83132e-05
15968 4.32442e-05
15970 1.33473e-05
15972 -0.000691027
15974 -0.000655476
15976 -9.45562e-06
15978 0.000328553
15980 -0.00024548
15982 -0.000175771
15984 9.64402e-05
15986 -0.000150815
15988 -0.000164112
15990 7.09244e-05
15992 5.68788e-05
15994 0.000126165
15996 -1.06156e-05
15998 5.60976e-05
16000 1.65301e-05
16002 -9.59446e-05
16004 1.48479e-05
16006 -0.000110667
16008 -0.000288984
16010 0.000278912
16012 0.00037761
16014 7.0146e-05
16016 -9.59897e-05
16018 0.000138898
16020 -0.000193128
16022 -0.000111425
16024 -9.7341e-05
16026 -0.000263323
16028 -9.74696e-05
16030 -0.000265737
16032 -0.000252671
16034 7.17602e-05
16036 -0.000253376
16038 -0.000407671
16040 -2.80128e-05
16042 -1.12208e-05
16044 0.00046748
16046 0.000284486
16048 7.22039e-05
16050 1.59289e-05
16052 -0.000167459
16054 1.62013e-05
16056 2.87033e-05
16058 8.53294e-05
16060 -0.000240094
16062 8.59426e-05
16064 -0.000153859
16066 0.000100702
16068 -0.000113262
16070 -0.000141121
16072 -1.20672e-05
16074 -0.000508083
16076 -4.12911e-05
16078 5.84513e-05
16080 4.34465e-05
16082 -0.000171432
16084 -0.000184024
16086 7.33738e-05
16088 -1.28895e-05
16090 -9.88358e-05
16092 -7.07685e-05
16094 1.63775e-05
16096 -0.000201186
16098 7.32698e-05
16100 4.51818e-05
16102 -0.000516133
16104 -0.000143721
16106 4.4824e-05
16108 -7.19155e-05
16110 1.45233e-05
16112 -0.000157415
16114 3.00944e-05
16116 0.000147158
16118 -0.000144077
16120 -7.17872e-05
16122 1.43805e-06
16124 1.55603e-06
16126 -0.000277989
16128 -0.000455734
16130 -4.2737e-05
16132 -0.000100238
16134 -3.06504e-05
16136 -0.000438098
16138 0.000162671
16140 -2.98608e-05
16142 -0.000222185
16144 -0.000280917
16146 -0.000428228
16148 0.000591014
16150 -0.00050181
16152 -0.000103836
16154 0.000104554
16156 -8.88207e-05
16158 -0.000208824
16160 -0.000103934
16162 9.10505e-05
16164 0.000447705
16166 -0.00011953
16168 0.000225206
16170 4.51351e-05
16172 1.56433e-05
16174 -7.30001e-05
16176 0.000226435
16178 -6.15466e-05
16180 -0.000510361
16182 7.67612e-05
16184 -4.32056e-05
16186 -0.000210436
16188 -0.000329174
16190 4.75647e-07
16192 -0.000316039
16194 0.00010618
16196 -1.51189e-05
16198 -0.000438049
16200 -5.95682e-08
16202 -0.000135208
16204 -2.90601e-05
16206 -2.69834e-05
16208 0.000107495
16210 -9.13316e-05
16212 -0.000108407
16214 -0.000503593
16216 9.36697e-05
16218 -0.000547217
16220 -0.000153845
16222 -7.66958e-05
16224 6.17376e-05
16226 -6.12506e-05
16228 -0.000216983
16230 -0.000214275
16232 0.000417559
16234 0.000632945
16236 3.11744e-05
16238 -0.00021428
16240 3.16764e-05
16242 0.000201859
16244 -0.000169871
16246 0.000156389
16248 0.000294354
16250 -0.000297703
16252 -0.000577486
16254 -0.00028098
16256 -0.000184908
16258 -0.000107938
16260 -1.61044e-05
16262 7.80805e-05
16264 -0.000171789
16266 0.000126106
16268 -0.00025043
16270 -0.000375957
16272 -0.000186655
16274 2.41395e-07
16276 -4.71186e-05
16278 -6.27758e-05
16280 -9.34558e-05
16282 -7.82288e-05
16284 6.6286e-05
16286 0.000792504
16288 0.000142464
16290 9.62187e-05
16292 -1.58906e-05
16294 -4.67799e-05
16296 -0.000126091
16298 -0.000143284
16300 3.24006e-05
16302 -0.000335093
16304 -3.09367e-05
16306 0.000113352
16308 -3.11705e-05
16310 -0.000188028
16312 0.000111495
16314 -2.07435e-08
16316 1.85395e-06
16318 -0.000208049
16320 0.000113808
16322 -9.69003e-05
16324 -0.000318465
16326 9.76973e-05
16328 -0.000211603
16330 -1.75787e-05
16332 -0.000129066
16334 -4.82297e-05
16336 1.69868e-05
16338 -1.54977e-05
16340 0.000163667
16342 -9.45458e-05
16344 1.54831e-05
16346 0.000113612
16348 -0.000275891
16350 -5.01958e-05
16352 4.76442e-05
16354 -0.000226372
16356 -8.35411e-05
16358 -4.82437e-05
16360 6.55921e-05
16362 -6.52468e-05
16364 0.000179199
16366 -4.96274e-05
16368 -4.91231e-05
16370 3.31279e-05
16372 -1.73367e-05
16374 1.66366e-05
16376 8.21983e-05
16378 -0.000294042
16380 3.47819e-05
16382 8.9136e-07
16384 -3.38523e-05
16386 -0.000296808
16388 -0.000165377
16390 -5.19537e-05
16392 -0.000184085
16394 -0.000329025
16396 5.54569e-07
16398 -6.49065e-05
16400 0.000249602
16402 -0.000199694
16404 -0.000151727
16406 8.28642e-05
16408 -0.000117192
16410 2.77946e-07
16412 -5.08197e-05
16414 6.598e-05
16416 -0.000433453
16418 -8.51675e-05
16420 4.97443e-05
16422 0.000136349
16424 0.000150976
16426 1.11482e-06
16428 -0.00038945
16430 -0.000152555
16432 0.000117237
16434 -0.000287239
16436 7.00426e-05
16438 -0.000307913
16440 -0.000304789
16442 -0.000505111
16444 -0.00010151
16446 0.000103347
16448 0.000151591
16450 -0.000224432
16452 -0.000257447
16454 -0.000546089
16456 -0.000225656
16458 8.59027e-05
16460 0.000428353
16462 8.50262e-05
16464 -0.000226335
16466 -5.41243e-05
16468 -0.000304271
16470 0.000277699
16472 4.99345e-07
16474 -0.000100715
16476 0.000363365
16478 0.000120277
16480 1.55318e-05
16482 -0.000139083
16484 5.05672e-05
16486 -0.000159511
16488 -0.000173959
16490 -0.00023002
16492 -8.76803e-05
16494 -0.00078757
16496 -6.86559e-05
16498 -0.000696788
16500 -0.000385841
16502 -0.000336286
16504 -8.65711e-05
16506 0.00084554
16508 0.000352076
16510 -0.000211073
16512 1.25681e-06
16514 -0.000441888
16516 -0.000355511
16518 -0.000386234
16520 -0.000124185
16522 0.000406041
16524 0.000193188
16526 -0.000106296
16528 -0.000125235
16530 -0.00010621
16532 -0.000425363
16534 -0.000106566
16536 -5.50517e-05
16538 -0.000103545
16540 0.000322641
16542 -0.000178397
16544 0.000253106
16546 -2.04462e-05
16548 -0.000957439
16550 3.82003e-05
16552 0.000449292
16554 1.80372e-05
16556 8.81906e-05
16558 1.61811e-05
16560 -3.57307e-05
16562 -0.000201972
16564 -0.000275293
16566 0.000125216
16568 -0.000166461
16570 0.000125363
16572 0.000110932
16574 8.9823e-05
16576 0.000110053
16578 -0.000313877
16580 -0.000476203
16582 0.000235971
16584 0.000220943
16586 -1.99478e-05
16588 -0.00013198
16590 -3.63887e-05
16592 0.000125795
16594 1.53872e-05
16596 -2.03956e-05
16598 0.000126399
16600 -0.000403114
16602 -0.000214691
16604 0.000349371
16606 -0.000147166
16608 -3.41699e-05
16610 0.000149123
16612 -0.000183593
16614 -0.000354369
16616 -7.40966e-05
16618 -0.000321219
16620 -0.000338069
16622 -0.000221084
16624 -5.84447e-05
16626 9.01168e-05
16628 -0.000148122
16630 0.000150611
16632 -0.000226733
16634 -0.000510986
16636 9.34526e-05
16638 0.000579694
16640 5.29253e-05
16642 -0.000413171
16644 -0.000260923
16646 -0.000189194
16648 -2.03572e-05
16650 1.41231e-05
16652 -0.000496736
16654 -6.06207e-05
16656 1.67466e-06
16658 -0.00026543
16660 0.000131359
16662 5.2646e-05
16664 -7.60777e-05
16666 -0.000136304
16668 0.000169657
16670 -0.000101856
16672 -0.000267114
16674 0.000170094
16676 5.45848e-05
16678 -0.000217445
16680 -7.75198e-05
16682 -6.27297e-05
16684 0.000131167
16686 -2.36655e-05
16688 -0.000295647
16690 -0.000312434
16692 -0.000268339
16694 0.000444954
16696 0.000251175
16698 1.64156e-05
16700 -0.000101578
16702 0.000290783
16704 0.000316961
16706 0.000118089
16708 -0.000628767
16710 0.000317646
16712 -3.80811e-05
16714 0.000134224
16716 0.000135149
16718 9.61309e-05
16720 0.000411392
16722 1.23789e-06
16724 -5.53983e-07
16726 -0.000384268
16728 8.18826e-05
16730 -0.000143237
16732 -0.000144788
16734 0.000159918
16736 -0.000104297
16738 -0.000621916
16740 0.000120021
16742 -7.64891e-05
16744 1.76901e-05
16746 9.59715e-05
16748 -0.000355319
16750 -0.000503523
16752 -2.53437e-05
16754 -0.000426213
16756 -7.73623e-05
16758 0.00064586
16760 0.00021592
16762 -0.000145079
16764 -7.67157e-05
16766 0.000177381
16768 0.000482023
16770 -0.000401649
16772 9.6636e-05
16774 0.000299246
16776 5.57006e-05
16778 -0.000283008
16780 -0.000201241
16782 -0.000105922
16784 -0.000245964
16786 -0.000368514
16788 -7.92443e-05
16790 0.000218994
16792 -0.000328046
16794 0.000250284
16796 0.000287425
16798 -0.000189065
16800 -0.00018946
16802 -0.000189297
16804 0.000468967
16806 0.000413006
16808 -3.71327e-05
16810 8.2594e-05
16812 -0.000191652
16814 -0.000204927
16816 -0.000232086
16818 -0.000190266
16820 1.68994e-06
16822 0.00010004
16824 9.82849e-05
16826 9.85189e-05
16828 0.000252523
16830 0.000100082
16832 -6.63467e-05
16834 0.000265946
16836 -0.000110457
16838 0.000351166
16840 -0.000247573
16842 -3.85545e-05
16844 -0.000107785
16846 0.000142376
16848 4.47226e-05
16850 0.000298612
16852 -8.24774e-05
16854 0.000268188
16856 -0.000126154
16858 3.60282e-06
16860 0.000442068
16862 0.000257049
16864 0.000186243
16866 0.000214336
16868 0.000512003
16870 1.72165e-05
16872 0.000613822
16874 0.000527396
16876 8.62738e-05
16878 -0.000383211
16880 0.000487931
16882 0.000174605
16884 0.000145075
16886 -0.000113245
16888 0.000298638
16890 -0.000597685
16892 0.000304821
16894 0.000390302
16896 0.000176983
16898 0.000391379
16900 -8.43525e-05
16902 -0.000677198
16904 0.000192191
16906 3.66683e-06
16908 -0.000599809
16910 4.62867e-05
16912 0.000611657
16914 -6.93582e-05
16916 0.000234091
16918 8.94273e-05
16920 0.000105305
16922 0.000570348
16924 -6.79559e-05
16926 0.000325008
16928 0.000497079
16930 1.68203e-05
16932 0.0004123
16934 0.000355252
16936 0.000486449
16938 0.00067604
16940 0.000458692
16942 0.00035867
16944 0.000283395
16946 4.87666e-06
16948 0.000195538
16950 0.000976625
16952 0.000490694
16954 0.000505476
16956 0.000359506
16958 -0.000335091
16960 0.000581877
16962 0.000363055
16964 0.00041973
16966 0.000375496
16968 0.000332452
16970 0.000766242
16972 0.00113659
16974 0.000555705
16976 0.000362912
16978 0.000648578
16980 0.00036363
16982 0.000545644
16984 0.000378218
16986 0.000334775
16988 0.000333726
16990 0.000246369
16992 0.000728363
16994 0.000865353
16996 0.00101674
16998 0.000378274
17000 1.51715e-05
17002 0.000244805
17004 0.000564541
17006 0.000473183
17008 0.000744803
17010 0.000461674
17012 0.00041979
17014 0.00169852
17016 0.000460538
17018 0.000931034
17020 0.000919213
17022 0.00105566
17024 0.000963985
17026 0.000478836
17028 0.000844265
17030 0.000876718
17032 0.00112064
17034 0.00102702
17036 0.000938427
17038 0.00089141
17040 0.000938854
17042 0.00103063
17044 0.000709292
17046 0.000830962
17048 0.000292439
17050 0.001081
17052 0.000927276
17054 0.000702783
17056 0.000927803
17058 0.0017565
17060 0.0012678
17062 0.00117711
17064 0.00112792
17066 0.000793629
17068 0.00108736
17070 0.00127332
17072 0.00215045
17074 0.00136256
17076 0.000529763
17078 0.000986358
17080 0.00132209
17082 0.00195468
17084 0.00159051
17086 0.000582062
17088 0.00108258
17090 0.00135699
17092 0.00159096
17094 0.00126884
17096 0.00100371
17098 0.00100574
17100 0.000855749
17102 0.00132013
17104 0.00185053
17106 0.001605
17108 0.00197484
17110 0.00171472
17112 0.00166776
17114 0.00156218
17116 0.00236788
17118 0.00165336
17120 0.00162533
17122 0.00204967
17124 0.00167276
17126 0.0013432
17128 0.00326648
17130 0.00254565
17132 0.00163113
17134 0.00190731
17136 0.00143658
17138 0.00234967
17140 0.00224294
17142 0.00220965
17144 0.00239741
17146 0.00248472
17148 0.00188656
17150 0.00272179
17152 0.00234749
17154 0.00207913
17156 0.00244736
17158 0.00273171
17160 0.00251208
17162 0.00283181
17164 0.00294221
17166 0.00254887
17168 0.00256837
17170 0.00261721
17172 0.00303882
17174 0.00270917
17176 0.00313702
17178 0.00290261
17180 0.00319669
17182 0.00349381
17184 0.00296969
17186 0.00326402
17188 0.00368956
17190 0.00341234
17192 0.00336874
17194 0.00399331
17196 0.00361693
17198 0.004187
17200 0.00386135
17202 0.00429532
17204 0.00430376
17206 0.00444591
17208 0.00353404
17210 0.00363092
17212 0.00397563
17214 0.00446137
17216 0.00514006
17218 0.00453063
17220 0.00462996
17222 0.00478268
17224 0.00521438
17226 0.00521419
17228 0.00503396
17230 0.0048943
17232 0.00523598
17234 0.00552035
17236 0.00511392
17238 0.00621758
17240 0.00554458
17242 0.00555304
17244 0.0060916
17246 0.00596761
17248 0.00635763
17250 0.00626573
17252 0.00681576
17254 0.00652614
17256 0.0064916
17258 0.00718655
17260 0.00678279
17262 0.00709387
17264 0.00739076
17266 0.00763901
17268 0.00748474
17270 0.00727322
17272 0.00817298
17274 0.00788634
17276 0.0078424
17278 0.00833905
17280 0.00825164
17282 0.00875201
17284 0.00960713
17286 0.00934602
17288 0.00950887
17290 0.00959232
17292 0.00995258
17294 0.00980893
17296 0.0104079
17298 0.0114468
17300 0.0112859
17302 0.0120469
17304 0.0116374
17306 0.0121981
17308 0.0115556
17310 0.0126932
17312 0.0131089
17314 0.0131058
17316 0.0133277
17318 0.0137616
17320 0.0137736
17322 0.0138484
17324 0.0140662
17326 0.015109
17328 0.014868
17330 0.0157852
17332 0.0160575
17334 0.0165776
17336 0.0167733
17338 0.0173268
17340 0.0181512
17342 0.018516
17344 0.0192435
17346 0.0196779
17348 0.0196829
17350 0.0206166
17352 0.0204637
17354 0.0205653
17356 0.0218782
17358 0.0215046
17360 0.023341
17362 0.0236775
17364 0.0246236
17366 0.0254261
17368 0.0259562
17370 0.0259651
17372 0.0265911
17374 0.0279868
17376 0.028539
17378 0.0288828
17380 0.0301562
17382 0.0309121
17384 0.031718
17386 0.032221
17388 0.0333464
17390 0.0341179
17392 0.0355876
17394 0.0357079
17396 0.0367751
17398 0.0376015
17400 0.0393188
17402 0.0402299
17404 0.0409512
17406 0.0422746
17408 0.0438165
17410 0.044694
17412 0.0460808
17414 0.0480343
17416 0.0483216
17418 0.0500819
17420 0.0519775
17422 0.0535359
17424 0.0549205
17426 0.0552264
17428 0.0580977
17430 0.0596084
17432 0.0613649
17434 0.0631477
17436 0.0647972
17438 0.0665506
17440 0.0688542
17442 0.0692555
17444 0.0726297
17446 0.0741424
17448 0.0768219
17450 0.0787423
17452 0.0815539
17454 0.0826868
17456 0.0856146
17458 0.0877628
17460 0.0905229
17462 0.0935125
17464 0.0952816
17466 0.0980121
17468 0.100817
17470 0.103819
17472 0.107177
17474 0.109451
17476 0.112625
17478 0.115221
17480 0.118722
17482 0.121597
17484 0.124575
17486 0.12778
17488 0.131261
17490 0.133739
17492 0.138193
17494 0.140683
17496 0.144491
17498 0.147689
17500 0.15189
17502 0.15518
17504 0.15871
17506 0.161989
17508 0.165669
17510 0.169029
17512 0.172799
17514 0.176404
17516 0.180157
17518 0.183238
17520 0.187957
17522 0.190752
17524 0.194702
17526 0.198106
17528 0.201765
17530 0.204983
17532 0.207934
17534 0.212378
17536 0.215159
17538 0.219157
17540 0.222046
17542 0.225242
17544 0.227574
17546 0.231148
17548 0.233031
17550 0.236752
17552 0.23916
17554 0.24148
17556 0.244251
17558 0.246726
17560 0.248962
17562 0.250789
17564 0.253527
17566 0.255182
17568 0.257239
17570 0.258497
17572 0.260811
17574 0.261972
17576 0.263626
17578 0.264705
17580 0.2658
17582 0.267166
17584 0.268487
17586 0.269167
17588 0.270727
17590 0.270415
17592 0.270968
17594 0.272016
17596 0.271997
17598 0.272459
17600 0.272482
17602 0.27289
17604 0.272585
17606 0.2736
17608 0.273442
17610 0.272609
17612 0.272678
17614 0.273276
17616 0.272622
17618 0.272135
17620 0.272234
17622 0.271589
17624 0.271107
17626 0.27161
17628 0.270485
17630 0.269982
17632 0.268632
17634 0.268858
17636 0.267771
17638 0.267054
17640 0.266154
17642 0.265114
17644 0.265412
17646 0.264488
17648 0.263664
17650 0.262685
17652 0.262585
17654 0.261759
17656 0.260734
17658 0.260357
17660 0.259414
17662 0.258784
17664 0.257804
17666 0.257232
17668 0.256757
17670 0.256183
17672 0.255081
17674 0.254931
17676 0.253461
17678 0.253314
17680 0.252686
17682 0.251912
17684 0.251348
17686 0.251045
17688 0.250635
17690 0.249557
17692 0.249385
17694 0.248503
17696 0.248278
17698 0.247181
17700 0.2467
17702 0.246216
17704 0.245996
17706 0.245401
17708 0.245538
17710 0.244592
17712 0.244064
17714 0.243922
17716 0.243303
17718 0.242973
17720 0.242721
17722 0.242393
17724 0.241929
17726 0.241853
17728 0.241439
17730 0.241271
17732 0.240706
17734 0.241526
17736 0.240844
17738 0.240524
17740 0.240671
17742 0.240168
17744 0.240155
17746 0.240061
17748 0.239862
17750 0.239878
17752 0.240095
17754 0.239839
17756 0.240165
17758 0.239318
17760 0.23986
17762 0.239923
17764 0.240076
17766 0.240586
17768 0.240324
17770 0.240724
17772 0.240335
17774 0.240991
17776 0.240573
17778 0.241111
17780 0.24121
17782 0.242023
17784 0.24172
17786 0.241598
17788 0.241985
17790 0.242223
17792 0.24209
17794 0.242903
17796 0.242941
17798 0.244272
17800 0.244342
17802 0.244545
17804 0.245088
17806 0.24497
17808 0.245329
17810 0.246485
17812 0.246495
17814 0.246643
17816 0.24642
17818 0.248099
17820 0.248264
17822 0.248209
17824 0.249629
17826 0.24929
17828 0.250392
17830 0.250544
17832 0.250862
17834 0.25095
17836 0.25207
17838 0.251696
17840 0.252663
17842 0.253288
17844 0.254283
17846 0.254493
17848 0.255298
17850 0.255908
17852 0.256641
17854 0.256651
17856 0.257408
17858 0.258356
17860 0.259132
17862 0.259656
17864 0.260229
17866 0.260055
17868 0.261027
17870 0.262062
17872 0.262508
17874 0.263528
17876 0.263593
17878 0.264448
17880 0.265156
17882 0.266204
17884 0.266176
17886 0.267039
17888 0.267334
17890 0.268301
17892 0.269089
17894 0.269404
17896 0.270489
17898 0.271587
17900 0.271349
17902 0.272452
17904 0.272974
17906 0.273813
17908 0.274048
17910 0.274517
17912 0.275467
17914 0.275839
17916 0.27647
17918 0.27734
17920 0.278133
17922 0.278582
17924 0.279189
17926 0.28
17928 0.280585
17930 0.280956
17932 0.281088
17934 0.280976
17936 0.282979
17938 0.283776
17940 0.283545
17942 0.284143
17944 0.284988
17946 0.284985
17948 0.285663
17950 0.286353
17952 0.285992
17954 0.287228
17956 0.287265
17958 0.287916
17960 0.28828
17962 0.28952
17964 0.289476
17966 0.290203
17968 0.28971
17970 0.290481
17972 0.291476
17974 0.291587
17976 0.29148
17978 0.292117
17980 0.293023
17982 0.291934
17984 0.29345
17986 0.293902
17988 0.293644
17990 0.294198
17992 0.294612
17994 0.294132
17996 0.294765
17998 0.295097
18000 0.295356
18002 0.295542
18004 0.295731
18006 0.295954
18008 0.296127
18010 0.295901
18012 0.296385
18014 0.296475
18016 0.296376
18018 0.296535
18020 0.296486
18022 0.296254
18024 0.296203
18026 0.296156
18028 0.296386
18030 0.297791
18032 0.296224
18034 0.296236
18036 0.296492
18038 0.296378
18040 0.297319
18042 0.2958
18044 0.296202
18046 0.29689
18048 0.296787
18050 0.296438
18052 0.296209
18054 0.296593
18056 0.295052
18058 0.296295
18060 0.295298
18062 0.295198
18064 0.294985
18066 0.29492
18068 0.294327
18070 0.294554
18072 0.294156
18074 0.293508
18076 0.294342
18078 0.294471
18080 0.293275
18082 0.292749
18084 0.293465
18086 0.29289
18088 0.292719
18090 0.293414
18092 0.292883
18094 0.291644
18096 0.291371
18098 0.290852
18100 0.291422
18102 0.290459
18104 0.290074
18106 0.290533
18108 0.290098
18110 0.289943
18112 0.289687
18114 0.2889
18116 0.288579
18118 0.288855
18120 0.289084
18122 0.288522
18124 0.287725
18126 0.287541
18128 0.287103
18130 0.286308
18132 0.28562
18134 0.286211
18136 0.28676
18138 0.285988
18140 0.284576
18142 0.285275
18144 0.284813
18146 0.285113
18148 0.285175
18150 0.283778
18152 0.282479
18154 0.283245
18156 0.2821
18158 0.281966
18160 0.281874
18162 0.282366
18164 0.281356
18166 0.280442
18168 0.281179
18170 0.28092
18172 0.280914
18174 0.280472
18176 0.280482
18178 0.279747
18180 0.279918
18182 0.278927
18184 0.278381
18186 0.278925
18188 0.278693
18190 0.27844
18192 0.277504
18194 0.278266
18196 0.278235
18198 0.27748
18200 0.276649
18202 0.275948
18204 0.275476
18206 0.275536
18208 0.27472
18210 0.274456
18212 0.274271
18214 0.273987
18216 0.275385
18218 0.274329
18220 0.273815
18222 0.274518
18224 0.27376
18226 0.273363
18228 0.27381
18230 0.273643
18232 0.272736
18234 0.272386
18236 0.272548
18238 0.272408
18240 0.272804
18242 0.273161
18244 0.272311
18246 0.271719
18248 0.271648
18250 0.271811
18252 0.272332
18254 0.272131
18256 0.271565
18258 0.271573
18260 0.270714
18262 0.269759
18264 0.269969
18266 0.269365
18268 0.270339
18270 0.269567
18272 0.270615
18274 0.270491
18276 0.270545
18278 0.270769
18280 0.270403
18282 0.269378
18284 0.270247
18286 0.269797
18288 0.270967
18290 0.269979
18292 0.269672
18294 0.269184
18296 0.270007
18298 0.269287
18300 0.269494
18302 0.270343
18304 0.268953
18306 0.270163
18308 0.269036
18310 0.269013
18312 0.268646
18314 0.268477
18316 0.270016
18318 0.270132
18320 0.270419
18322 0.270609
18324 0.270247
18326 0.269471
18328 0.26933
18330 0.26905
18332 0.270303
18334 0.269183
18336 0.270803
18338 0.271123
18340 0.270626
18342 0.27112
18344 0.270618
18346 0.270895
18348 0.270542
18350 0.27138
18352 0.271339
18354 0.27151
18356 0.271513
18358 0.270597
18360 0.271083
18362 0.271172
18364 0.272081
18366 0.27211
18368 0.271712
18370 0.272525
18372 0.27195
18374 0.271954
18376 0.271424
18378 0.271075
18380 0.272345
18382 0.273424
18384 0.273509
18386 0.274109
18388 0.274266
18390 0.274136
18392 0.274082
18394 0.274548
18396 0.27354
18398 0.274457
18400 0.275343
18402 0.274534
18404 0.274977
18406 0.27602
18408 0.27636
18410 0.276146
18412 0.275285
18414 0.276216
18416 0.275861
18418 0.27508
18420 0.275643
18422 0.276231
18424 0.276201
18426 0.277939
18428 0.277659
18430 0.278032
18432 0.278656
18434 0.279425
18436 0.278983
18438 0.278719
18440 0.278998
18442 0.27998
18444 0.280154
18446 0.279997
18448 0.280385
18450 0.28061
18452 0.280122
18454 0.281787
18456 0.281852
18458 0.2814
18460 0.282476
18462 0.282993
18464 0.282587
18466 0.282165
18468 0.281894
18470 0.282949
18472 0.281918
18474 0.282589
18476 0.282917
18478 0.283598
18480 0.283017
18482 0.282185
18484 0.282922
18486 0.284477
18488 0.284252
18490 0.285263
18492 0.286079
18494 0.286205
18496 0.286213
18498 0.286
18500 0.285612
18502 0.285957
18504 0.286732
18506 0.287047
18508 0.287548
18510 0.287707
18512 0.288227
18514 0.288234
18516 0.288501
18518 0.288776
18520 0.288165
18522 0.289109
18524 0.290045
18526 0.288881
18528 0.289254
18530 0.289663
18532 0.289942
18534 0.290329
18536 0.289829
18538 0.289548
18540 0.290293
18542 0.291286
18544 0.291535
18546 0.291809
18548 0.291471
18550 0.291193
18552 0.292373
18554 0.293741
18556 0.293498
18558 0.293411
18560 0.293484
18562 0.293541
18564 0.293426
18566 0.293678
18568 0.293656
18570 0.293061
18572 0.293481
18574 0.294532
18576 0.295389
18578 0.294985
18580 0.295586
18582 0.295078
18584 0.29602
18586 0.296403
18588 0.296272
18590 0.295906
18592 0.297038
18594 0.295646
18596 0.298195
18598 0.298115
18600 0.296499
18602 0.296956
18604 0.297105
18606 0.297845
18608 0.29707
18610 0.298076
18612 0.298276
18614 0.298804
18616 0.299712
18618 0.298972
18620 0.298188
18622 0.299072
18624 0.30004
18626 0.298372
18628 0.299102
18630 0.299486
18632 0.300368
18634 0.300293
18636 0.301658
18638 0.300208
18640 0.301995
18642 0.299564
18644 0.300851
18646 0.300991
18648 0.301566
18650 0.300874
18652 0.301627
18654 0.301885
18656 0.301347
18658 0.301663
18660 0.302107
18662 0.302364
18664 0.302457
18666 0.302625
18668 0.303037
18670 0.303131
18672 0.302043
18674 0.301787
18676 0.301636
18678 0.301281
18680 0.302163
18682 0.302211
18684 0.302464
18686 0.302677
18688 0.302914
18690 0.30341
18692 0.303819
18694 0.303711
18696 0.30325
18698 0.30316
18700 0.3042
18702 0.303965
18704 0.305279
18706 0.302453
18708 0.303138
18710 0.300714
18712 0.302701
18714 0.30291
18716 0.303587
18718 0.304787
18720 0.305211
18722 0.305452
18724 0.305377
18726 0.304761
18728 0.303496
18730 0.304
18732 0.302943
18734 0.303661
18736 0.304586
18738 0.304987
18740 0.304364
18742 0.306203
18744 0.305384
18746 0.307222
18748 0.305431
18750 0.306284
18752 0.306077
18754 0.306557
18756 0.306472
18758 0.306498
18760 0.306173
18762 0.306466
18764 0.30709
18766 0.307168
18768 0.306949
18770 0.304677
18772 0.305864
18774 0.306695
18776 0.306109
18778 0.306828
18780 0.306151
18782 0.306392
18784 0.308221
18786 0.308185
18788 0.307673
18790 0.307048
18792 0.307311
18794 0.30699
18796 0.308067
18798 0.307757
18800 0.30873
18802 0.307754
18804 0.307242
18806 0.308123
18808 0.308247
18810 0.308585
18812 0.307465
18814 0.308212
18816 0.307589
18818 0.308676
18820 0.309041
18822 0.308384
18824 0.309012
18826 0.308942
18828 0.30893
18830 0.309014
18832 0.308906
18834 0.308818
18836 0.309054
18838 0.307475
18840 0.307327
18842 0.30768
18844 0.307559
18846 0.30811
18848 0.309175
18850 0.309406
18852 0.308043
18854 0.308909
18856 0.309226
18858 0.309534
18860 0.309407
18862 0.308394
18864 0.308578
18866 0.309643
18868 0.308922
18870 0.308333
18872 0.308222
18874 0.309023
18876 0.309538
18878 0.309409
18880 0.309125
18882 0.308516
18884 0.309434
18886 0.309148
18888 0.30913
18890 0.309696
18892 0.309651
18894 0.308614
18896 0.309319
18898 0.308493
18900 0.308362
18902 0.309274
18904 0.30936
18906 0.30953
18908 0.308575
18910 0.309354
18912 0.308854
18914 0.30784
18916 0.309515
18918 0.308492
18920 0.309433
18922 0.308754
18924 0.308947
18926 0.308576
18928 0.308402
18930 0.30976
18932 0.308478
18934 0.307666
18936 0.309004
18938 0.308718
18940 0.30863
18942 0.308542
18944 0.308706
18946 0.308486
18948 0.307527
18950 0.308469
18952 0.30851
18954 0.308231
18956 0.308934
18958 0.308186
18960 0.308189
18962 0.307978
18964 0.30916
18966 0.308491
18968 0.307703
18970 0.308707
18972 0.306904
18974 0.306999
18976 0.307559
18978 0.308053
18980 0.307054
18982 0.307663
18984 0.307106
18986 0.306665
18988 0.306797
18990 0.305498
18992 0.306684
18994 0.306396
18996 0.305759
18998 0.305318
19000 0.304686
19002 0.304273
19004 0.304443
19006 0.306613
19008 0.305168
19010 0.30447
19012 0.304163
19014 0.305989
19016 0.305448
19018 0.306072
19020 0.306483
19022 0.305278
19024 0.304659
19026 0.303838
19028 0.303566
19030 0.303063
19032 0.303172
19034 0.304338
19036 0.303671
19038 0.303374
19040 0.30398
19042 0.303368
19044 0.303503
19046 0.303774
19048 0.302765
19050 0.301596
19052 0.301303
19054 0.301657
19056 0.30183
19058 0.301884
19060 0.300849
19062 0.301334
19064 0.301157
19066 0.299971
19068 0.299497
19070 0.299563
19072 0.300646
19074 0.300092
19076 0.300424
19078 0.299813
19080 0.300368
19082 0.299372
19084 0.299944
19086 0.298959
19088 0.298909
19090 0.298841
19092 0.297852
19094 0.297285
19096 0.297863
19098 0.297381
19100 0.297637
19102 0.296897
19104 0.297326
19106 0.296557
19108 0.295873
19110 0.295825
19112 0.295302
19114 0.294711
19116 0.296273
19118 0.294582
19120 0.295325
19122 0.294541
19124 0.295525
19126 0.295404
19128 0.292237
19130 0.293103
19132 0.292061
19134 0.291925
19136 0.292402
19138 0.291369
19140 0.290398
19142 0.28992
19144 0.291658
19146 0.290551
19148 0.291395
19150 0.290667
19152 0.291305
19154 0.288995
19156 0.288661
19158 0.28963
19160 0.287658
19162 0.287874
19164 0.28797
19166 0.286841
19168 0.287605
19170 0.286916
19172 0.28707
19174 0.285661
19176 0.285446
19178 0.285313
19180 0.285178
19182 0.28589
19184 0.28578
19186 0.284617
19188 0.284304
19190 0.282975
19192 0.28383
19194 0.282136
19196 0.283
19198 0.281027
19200 0.280989
19202 0.280725
19204 0.279118
19206 0.278043
19208 0.278891
19210 0.277876
19212 0.279135
19214 0.278862
19216 0.278641
19218 0.278211
19220 0.278003
19222 0.277026
19224 0.276624
19226 0.276605
19228 0.276778
19230 0.277136
19232 0.275996
19234 0.275815
19236 0.275586
19238 0.273219
19240 0.273591
19242 0.273725
19244 0.272928
19246 0.272281
19248 0.273036
19250 0.272757
19252 0.272447
19254 0.271286
19256 0.271786
19258 0.270997
19260 0.270509
19262 0.269671
19264 0.269993
19266 0.269337
19268 0.270058
19270 0.268943
19272 0.268479
19274 0.267908
19276 0.267851
19278 0.267142
19280 0.267406
19282 0.267086
19284 0.266592
19286 0.265226
19288 0.265901
19290 0.264783
19292 0.264351
19294 0.264868
19296 0.264808
19298 0.263476
19300 0.262705
19302 0.262696
19304 0.262289
19306 0.262372
19308 0.26248
19310 0.260825
19312 0.259827
19314 0.260593
19316 0.260259
19318 0.259573
19320 0.260654
19322 0.258697
19324 0.258775
19326 0.258239
19328 0.258285
19330 0.258067
19332 0.257725
19334 0.257164
19336 0.256409
19338 0.256152
19340 0.25644
19342 0.25499
19344 0.255857
19346 0.255771
19348 0.255233
19350 0.25494
19352 0.254162
19354 0.254096
19356 0.254757
19358 0.253386
19360 0.252724
19362 0.252728
19364 0.251279
19366 0.25225
19368 0.252025
19370 0.251109
19372 0.252337
19374 0.252076
19376 0.250559
19378 0.249767
19380 0.250967
19382 0.249311
19384 0.248629
19386 0.248539
19388 0.248958
19390 0.248988
19392 0.247961
19394 0.248396
19396 0.24795
19398 0.2477
19400 0.24703
19402 0.247002
19404 0.246396
19406 0.246046
19408 0.244785
19410 0.245862
19412 0.246033
19414 0.243858
19416 0.245125
19418 0.244836
19420 0.243107
19422 0.24313
19424 0.244185
19426 0.243692
19428 0.244605
19430 0.242746
19432 0.242732
19434 0.243344
19436 0.243409
19438 0.242307
19440 0.241385
19442 0.241798
19444 0.241183
19446 0.241195
19448 0.239885
19450 0.240668
19452 0.240819
19454 0.240963
19456 0.240342
19458 0.239271
19460 0.239312
19462 0.238893
19464 0.239128
19466 0.239027
19468 0.23813
19470 0.238351
19472 0.238303
19474 0.238012
19476 0.238188
19478 0.235994
19480 0.237371
19482 0.237149
19484 0.236234
19486 0.237545
19488 0.236154
19490 0.237281
19492 0.235981
19494 0.236179
19496 0.234376
19498 0.234986
19500 0.235885
19502 0.235371
19504 0.234446
19506 0.234791
19508 0.235302
19510 0.233558
19512 0.235167
19514 0.23402
19516 0.232922
19518 0.232438
19520 0.233809
19522 0.23373
19524 0.233662
19526 0.233785
19528 0.232857
19530 0.232054
19532 0.232288
19534 0.232001
19536 0.231979
19538 0.231683
19540 0.231497
19542 0.231474
19544 0.231401
19546 0.230494
19548 0.230122
19550 0.230848
19552 0.230893
19554 0.231064
19556 0.230111
19558 0.228932
19560 0.229764
19562 0.229661
19564 0.229937
19566 0.229705
19568 0.22931
19570 0.228438
19572 0.229302
19574 0.228828
19576 0.229465
19578 0.228588
19580 0.228493
19582 0.228238
19584 0.228046
19586 0.227443
19588 0.227382
19590 0.22778
19592 0.229062
19594 0.227795
19596 0.227954
19598 0.226796
19600 0.227428
19602 0.226774
19604 0.227058
19606 0.226229
19608 0.226816
19610 0.227155
19612 0.226509
19614 0.224934
19616 0.224895
19618 0.22545
19620 0.22616
19622 0.226792
19624 0.22499
19626 0.225945
19628 0.224733
19630 0.224283
19632 0.224127
19634 0.225198
19636 0.22533
19638 0.22456
19640 0.224453
19642 0.224205
19644 0.224944
19646 0.224611
19648 0.224718
19650 0.224028
19652 0.224182
19654 0.223136
19656 0.223851
19658 0.22388
19660 0.222952
19662 0.223158
19664 0.22366
19666 0.223302
19668 0.22279
19670 0.22232
19672 0.223229
19674 0.222427
19676 0.221643
19678 0.22242
19680 0.22179
19682 0.221505
19684 0.221734
19686 0.222535
19688 0.222024
19690 0.222684
19692 0.222049
19694 0.222768
19696 0.220766
19698 0.221034
19700 0.221501
19702 0.220467
19704 0.221188
19706 0.221632
19708 0.221644
19710 0.220271
19712 0.21994
19714 0.21987
19716 0.220097
19718 0.220221
19720 0.221107
19722 0.220591
19724 0.219902
19726 0.22049
19728 0.220408
19730 0.219028
19732 0.221209
19734 0.219952
19736 0.21966
19738 0.219634
19740 0.220134
19742 0.219732
19744 0.219436
19746 0.219182
19748 0.219226
19750 0.218138
19752 0.219344
19754 0.218505
19756 0.218953
19758 0.218624
19760 0.21828
19762 0.218136
19764 0.216853
19766 0.21828
19768 0.21768
19770 0.217402
19772 0.217836
19774 0.216178
19776 0.21744
19778 0.216889
19780 0.216693
19782 0.21594
19784 0.216724
19786 0.215941
19788 0.215289
19790 0.216218
19792 0.214967
19794 0.215992
19796 0.214306
19798 0.214524
19800 0.214666
19802 0.213743
19804 0.214063
19806 0.213397
19808 0.214104
19810 0.212013
19812 0.21189
19814 0.211907
19816 0.211739
19818 0.212315
19820 0.211421
19822 0.210717
19824 0.210834
19826 0.210485
19828 0.210003
19830 0.209347
19832 0.209502
19834 0.208849
19836 0.20858
19838 0.207819
19840 0.20735
19842 0.206628
19844 0.205926
19846 0.206223
19848 0.205927
19850 0.205009
19852 0.204702
19854 0.203814
19856 0.20276
19858 0.20246
19860 0.201382
19862 0.202353
19864 0.20112
19866 0.199855
19868 0.19956
19870 0.198449
19872 0.197915
19874 0.196683
19876 0.196457
19878 0.195189
19880 0.194556
19882 0.193591
19884 0.194094
19886 0.193122
19888 0.192307
19890 0.19067
19892 0.189555
19894 0.188366
19896 0.18752
19898 0.187456
19900 0.185983
19902 0.184789
19904 0.183875
19906 0.182867
19908 0.182325
19910 0.180722
19912 0.180971
19914 0.178459
19916 0.177855
19918 0.176496
19920 0.175333
19922 0.174393
19924 0.173235
19926 0.171717
19928 0.169875
19930 0.169064
19932 0.168454
19934 0.166643
19936 0.165146
19938 0.163717
19940 0.162672
19942 0.161937
19944 0.159806
19946 0.158233
19948 0.157363
19950 0.155086
19952 0.154653
19954 0.15315
19956 0.151578
19958 0.15043
19960 0.148658
19962 0.147066
19964 0.145837
19966 0.144494
19968 0.143281
19970 0.14071
19972 0.139922
19974 0.138622
19976 0.136985
19978 0.135895
19980 0.133707
19982 0.131981
19984 0.130599
19986 0.130193
19988 0.129149
19990 0.12631
19992 0.125153
19994 0.122832
19996 0.122116
19998 0.119098
20000 0.118107
20002 0.117642
20004 0.115754
20006 0.11469
20008 0.113199
20010 0.112608
20012 0.110912
20014 0.108684
20016 0.10884
20018 0.1067
20020 0.104754
20022 0.103728
20024 0.10233
20026 0.100413
20028 0.0996576
20030 0.0968007
20032 0.0964448
20034 0.0944979
20036 0.0938078
20038 0.0923588
20040 0.091352
20042 0.0899557
20044 0.0887199
20046 0.0870212
20048 0.0862089
20050 0.082377
20052 0.0831564
20054 0.0820287
20056 0.0808003
20058 0.0802164
20060 0.0785273
20062 0.0776045
20064 0.0758999
20066 0.075292
20068 0.0735058
20070 0.0739395
20072 0.0719387
20074 0.070761
20076 0.0694147
20078 0.0675839
20080 0.0678009
20082 0.0670029
20084 0.0655528
20086 0.0637206
20088 0.0635297
20090 0.0619777
20092 0.0604443
20094 0.0588035
20096 0.0593268
20098 0.0584465
20100 0.0573333
20102 0.0564476
20104 0.0549111
20106 0.0556388
20108 0.0538081
20110 0.0531751
20112 0.0518789
20114 0.0510774
20116 0.0505756
20118 0.0478615
20120 0.0501593
20122 0.0476581
20124 0.0469471
20126 0.0447133
20128 0.0459032
20130 0.0461569
20132 0.0445178
20134 0.0433366
20136 0.0428574
20138 0.0422166
20140 0.0419632
20142 0.0394781
20144 0.0409082
20146 0.0388697
20148 0.0392263
20150 0.0352559
20152 0.0382781
20154 0.0373688
20156 0.0364878
20158 0.0342334
20160 0.0355178
20162 0.0345781
20164 0.0337415
20166 0.0318227
20168 0.0318075
20170 0.032362
20172 0.0307734
20174 0.0319827
20176 0.0302615
20178 0.0312877
20180 0.0303789
20182 0.0296504
20184 0.0285006
20186 0.028643
20188 0.0284615
20190 0.027437
20192 0.0267711
20194 0.0267882
20196 0.026706
20198 0.0258212
20200 0.0254546
20202 0.0246896
20204 0.0245653
20206 0.0235567
20208 0.023195
20210 0.0229591
20212 0.0225139
20214 0.0226863
20216 0.0210478
20218 0.0219307
20220 0.0211898
20222 0.0220314
20224 0.0219201
20226 0.0205561
20228 0.0202865
20230 0.0187408
20232 0.0186375
20234 0.0191554
20236 0.0187452
20238 0.0178983
20240 0.0172986
20242 0.019054
20244 0.0178553
20246 0.0172303
20248 0.0178455
20250 0.0175656
20252 0.0167325
20254 0.0166021
20256 0.0161354
20258 0.0158807
20260 0.0150791
20262 0.0156778
20264 0.0139437
20266 0.014967
20268 0.014609
20270 0.0142136
20272 0.0143664
20274 0.0156523
20276 0.013908
20278 0.0134586
20280 0.0133561
20282 0.010987
20284 0.0124561
20286 0.0123817
20288 0.0118566
20290 0.0113661
20292 0.0124828
20294 0.0123755
20296 0.010237
20298 0.0107302
20300 0.0117471
20302 0.0113428
20304 0.0111416
20306 0.0111627
20308 0.00946323
20310 0.0107726
20312 0.00999651
20314 0.00849284
20316 0.0103562
20318 0.0106501
20320 0.0100318
20322 0.00656557
20324 0.00978455
20326 0.0100767
20328 0.0105817
20330 0.00822777
20332 0.00695914
20334 0.00785252
20336 0.00850928
20338 0.00784841
20340 0.0078778
20342 0.00788276
20344 0.00890468
20346 0.00683709
20348 0.00633175
20350 0.00646137
20352 0.00709863
20354 0.0059349
20356 0.00568667
20358 0.00687231
20360 0.00595686
20362 0.00714052
20364 0.0068478
20366 0.0066455
20368 0.00595951
20370 0.00596929
20372 0.00716519
20374 0.00513374
20376 0.00529162
20378 0.00449735
20380 0.00505694
20382 0.00770195
20384 0.00638228
20386 0.00532313
20388 0.00519601
20390 0.00317648
20392 0.00465351
20394 0.00573581
20396 0.0045339
20398 0.00222746
20400 0.0043969
20402 0.00384315
20404 0.00482608
20406 0.00439009
20408 0.00389182
20410 0.00170216
20412 0.00398952
20414 0.00441903
20416 0.00361623
20418 0.00499451
20420 0.00169238
20422 0.00137443
20424 0.00318692
20426 0.00249855
20428 0.00346121
20430 0.0055286
20432 0.00223067
20434 0.00058337
20436 0.00254192
20438 0.00137685
20440 0.00252311
20442 0.00308493
20444 0.00225188
20446 0.00363338
20448 0.00280931
20450 0.00390784
20452 0.00182154
20454 0.0026785
20456 0.00337435
20458 0.00282777
20460 0.00322952
20462 0.0025312
20464 0.00268595
20466 0.00311116
20468 0.00226271
20470 -0.000117422
20472 0.00114509
20474 0.00127177
20476 0.00198159
20478 0.000445702
20480 0.00284502
20482 0.00212942
20484 0.00184444
20486 0.000569493
20488 0.00257999
20490 0.00297689
20492 0.00199833
20494 0.00072717
20496 0.00143101
20498 0.000736178
20500 -0.000144615
20502 0.00073031
20504 0.00200455
20506 0.000871244
20508 0.00143742
20510 -0.000563133
20512 0.00187929
20514 0.00329834
20516 0.00145238
20518 0.00159496
20520 0.00230295
20522 0.00115143
20524 0.000876952
20526 -1.04209e-05
20528 0.000147221
20530 0.0037454
20532 0.00102583
20534 0.00231813
20536 0.00130613
20538 0.0024739
20540 0.000295004
20542 -0.000302082
20544 0.000299691
20546 0.000886266
20548 -0.000307853
20550 0.000891075
20552 0.00119557
20554 0.00380361
20556 0.000264799
20558 0.00102676
20560 0.000307148
20562 0.00131921
20564 -1.40948e-05
20566 0.00043356
20568 -0.000146804
20570 0.000302478
20572 -0.0013335
20574 0.000733837
20576 0.000306889
20578 0.000902075
20580 0.00118709
20582 0.00308362
20584 -0.000762864
20586 -0.000629719
20588 0.000306687
20590 -0.00207694
20592 0.00104822
20594 0.00028617
20596 0.000152067
20598 0.000158645
20600 0.00209144
20602 -0.000627425
20604 -0.00153813
20606 -0.00334866
20608 1.0123e-06
20610 0.00106661
20612 0.00180081
20614 -0.000169808
20616 0.000437226
20618 0.000441251
20620 0.000148353
20622 -0.000302871
20624 -0.00108823
20626 -0.000482204
20628 -0.000747046
20630 0.00122665
20632 0.00182741
20634 0.000291906
20636 -0.00203258
20638 -0.000457329
20640 -0.000596583
20642 0.000139354
20644 -0.000169552
20646 0.000754093
20648 -0.00125229
20650 0.00137007
20652 -0.000440172
20654 -0.000774558
20656 0.00154096
20658 0.00169606
20660 0.000924346
20662 -0.0001716
20664 -0.000471119
20666 -0.000465957
20668 -0.000324913
20670 0.000288221
20672 -0.000487986
20674 -1.50015e-05
20676 0.000470037
20678 0.000788375
20680 -0.000483037
20682 -1.60198e-05
20684 2.19995e-06
20686 -0.000779679
20688 0.000785881
20690 -0.000151133
20692 0.00125643
20694 -0.000935871
20696 -0.000165824
20698 -0.00126203
20700 -2.10988e-05
20702 -0.00125483
20704 0.000768474
20706 0.00139864
20708 -0.00225936
20710 -0.000805719
20712 -0.000175801
20714 -0.000493053
20716 -0.00191213
20718 0.000782262
20720 -0.00064483
20722 0.000935739
20724 -0.000180129
20726 -0.000798954
20728 -1.82938e-05
20730 0.00141549
20732 0.00110534
20734 -0.00207655
20736 -0.000800227
20738 0.000626059
20740 -0.000475032
20742 -0.00015956
20744 -0.000485521
20746 0.0016107
20748 0.00032725
20750 -0.00113817
20752 -0.000829047
20754 -0.00131632
20756 1.91954e-06
20758 0.000809467
20760 -0.00015229
20762 0.00128156
20764 0.00112986
20766 0.000151682
20768 -0.00144595
20770 -0.000348726
20772 -0.00065608
20774 -0.00116911
20776 -0.00036272
20778 -0.00160799
20780 -0.0014847
20782 0.000640797
20784 0.00112398
20786 -0.000489047
20788 0.00113904
20790 -0.00179991
20792 0.000826676
20794 0.00197434
20796 0.000332872
20798 -1.93401e-05
20800 0.00130124
20802 -0.000476576
20804 -0.000988202
20806 0.000475199
20808 -0.000857078
20810 -0.00068256
20812 -0.000662469
20814 -0.000519329
20816 0.000310955
20818 0.00194723
20820 0.000668981
20822 0.000477316
20824 -0.00117125
20826 -0.00221056
20828 0.000668442
20830 -0.000854539
20832 0.000331967
20834 0.00216215
20836 -0.00018744
20838 0.000304955
20840 -0.00184653
20842 -0.00156034
20844 -0.000357597
20846 -0.00137042
20848 -0.000167946
20850 -0.000350457
20852 0.000824883
20854 0.000160987
20856 7.49138e-07
20858 0.00132644
20860 0.00183653
20862 -0.000335451
20864 0.00151215
20866 0.000344509
20868 -0.000696496
20870 -0.00204497
20872 0.000657078
20874 -1.90462e-05
20876 -0.000188108
20878 0.000512962
20880 -6.87608e-06
20882 0.00268924
20884 0.000171126
20886 -0.000682951
20888 -0.00122812
20890 -0.00172571
20892 -0.00137866
20894 0.00016625
20896 0.000831319
20898 -0.000535705
20900 -0.000364881
20902 -0.000345547
20904 -0.00103136
20906 -0.000884975
20908 0.00017762
20910 0.000145683
20912 -0.00188391
20914 -0.000347198
20916 0.000156436
20918 0.000176663
20920 0.0012124
20922 -0.000719261
20924 -0.000348591
20926 0.000154664
20928 0.000152594
20930 0.00204524
20932 -0.0017721
20934 -0.000722111
20936 1.43192e-07
20938 0.000335324
20940 -0.00154321
20942 -0.00017217
20944 -1.975e-05
20946 -0.000704588
20948 0.001035
20950 0.00122915
20952 0.000174348
20954 -0.00179218
20956 -0.000372953
20958 -1.96711e-05
20960 -0.00090218
20962 0.000534211
20964 0.000514812
20966 0.000334316
20968 -0.00144672
20970 0.000339633
20972 0.00122112
20974 -0.000346452
20976 0.000358804
20978 -0.000377433
20980 0.000688187
20982 -0.00357739
20984 -0.00019849
20986 0.00104999
20988 0.000183262
20990 0.000669004
20992 -0.00183733
20994 0.000716075
20996 -0.000201127
20998 -0.00109831
21000 -0.000559365
21002 -2.13198e-05
21004 -0.000922726
21006 -0.000742321
21008 0.00123946
21010 0.000179716
21012 -1.15359e-05
21014 -0.00302876
21016 -0.000356303
21018 -0.000179133
21020 -0.00344953
21022 -0.000741842
21024 -0.00018232
21026 -0.000897455
21028 0.000541843
21030 -0.000198798
21032 0.000335394
21034 -0.00148762
21036 -0.00165119
21038 0.00304791
21040 -0.00019212
21042 0.00109055
21044 0.000544997
21046 -0.000364664
21048 6.98803e-06
21050 -0.000263185
21052 -0.000747866
21054 -0.000546536
21056 -0.000569481
21058 -0.000751123
21060 -0.000355172
21062 0.00071044
21064 6.70041e-06
21066 -0.000725488
21068 -0.0007486
21070 0.000736125
21072 0.00196699
21074 -0.000752494
21076 0.000178894
21078 -0.00328132
21080 -0.000388149
21082 0.00106629
21084 -2.28839e-05
21086 0.0012794
21088 0.000893851
21090 -0.000710368
21092 -0.000573707
21094 -0.000576367
21096 0.000719547
21098 -0.00090907
21100 0.000346016
21102 0.000916626
21104 -0.000390934
21106 -0.00133648
21108 -0.0023972
21110 -0.000716561
21112 0.000526369
21114 -0.00110591
21116 0.000535334
21118 -0.00129219
21120 0.00070915
21122 -0.0012852
21124 0.00143974
21126 -0.000178306
21128 0.000712834
21130 0.00014894
21132 0.000156151
21134 -0.00132262
21136 0.000749314
21138 0.0001829
21140 0.00200058
21142 8.76159e-06
21144 0.00183528
21146 -2.4779e-05
21148 0.000745701
21150 -0.00115848
21152 -0.00133052
21154 -0.000962332
21156 0.00035086
21158 0.000939569
21160 0.00219285
21162 -0.00332175
21164 0.000756062
21166 0.00128118
21168 -0.00151918
21170 0.000166421
21172 0.000563949
21174 0.00149447
21176 -0.000934786
21178 0.000914183
21180 -0.000924478
21182 0.000753076
21184 0.00150025
21186 -0.000207351
21188 -0.00265522
21190 -0.00152705
21192 -0.00245056
21194 0.000564823
21196 0.000380507
21198 0.0012887
21200 -0.000745212
21202 0.000540494
21204 -0.000782982
21206 -0.000754559
21208 -0.000377163
21210 -0.000399487
21212 0.000350342
21214 0.000541632
21216 0.000160633
21218 0.00111154
21220 -0.00132461
21222 -0.000568161
21224 -0.000213156
21226 0.000353173
21228 -0.000784562
21230 -0.0004083
21232 0.000159222
21234 -0.00207059
21236 -0.00242733
21238 -0.000595871
21240 0.000569297
21242 4.98224e-06
21244 0.000735768
21246 -0.00155285
21248 -0.00056977
21250 -0.000346132
21252 0.0013304
21254 -0.000382351
21256 -0.0011726
21258 0.000576303
21260 -0.000210626
21262 5.57282e-06
21264 -0.00132977
21266 -0.000408983
21268 -0.000190353
21270 -0.000569882
21272 0.000551441
21274 0.000550357
21276 -0.000383761
21278 0.000580286
21280 -0.00171551
21282 -0.00178487
21284 0.000582476
21286 -0.000799093
21288 0.000168924
21290 -0.00137675
21292 -0.000215544
21294 0.00133688
21296 0.00250754
21298 -0.000803343
21300 0.000165626
21302 -0.000575495
21304 -0.0017464
21306 -0.000815968
21308 -2.72287e-05
21310 -0.000609164
21312 0.000365388
21314 0.000744984
21316 -2.84613e-05
21318 0.00153192
21320 0.0017064
21322 -0.00196455
21324 -0.00242623
21326 -0.000577421
21328 0.00156909
21330 0.00019639
21332 -2.94581e-05
21334 -0.00271319
21336 -0.00320724
21338 0.000162864
21340 -0.00061865
21342 0.000171566
21344 0.000201245
21346 0.00312733
21348 -0.00160559
21350 -0.000194962
21352 -3.41392e-05
21354 0.000368102
21356 -0.000585603
21358 -0.00202024
21360 -0.00159981
21362 0.00155184
21364 -4.61276e-06
21366 -0.00157812
21368 -0.000390621
21370 -0.000222884
21372 0.000169642
21374 0.000988129
21376 0.00270744
21378 -0.000623972
21380 -0.0006221
21382 0.000162632
21384 -0.000790483
21386 -0.00295668
21388 -0.00195599
21390 0.000209391
21392 -0.000445435
21394 0.000202592
21396 -0.000626491
21398 -0.000600151
21400 0.000370092
21402 0.000198718
21404 0.000599728
21406 0.000759777
21408 0.000793094
21410 7.42174e-06
21412 -0.000233774
21414 -0.00183102
21416 -0.00101745
21418 -3.02839e-05
21420 -0.000227929
21422 -0.000227008
21424 -0.000823905
21426 0.00096538
21428 0.001556
21430 -0.000229178
21432 -0.00138464
21434 -0.00316396
21436 -0.00221953
21438 -0.000422898
21440 -0.00138388
21442 -0.000223257
21444 0.000797039
21446 7.03601e-06
21448 0.000367716
21450 -0.00141795
21452 0.000588523
21454 -0.00258003
21456 -0.00194139
21458 0.000966297
21460 0.000957397
21462 -0.000227721
21464 -5.41522e-06
21466 0.000369094
21468 0.000170895
21470 0.000392329
21472 -0.000795536
21474 -0.00276017
21476 0.000949771
21478 0.00156269
21480 -0.000216859
21482 0.000998755
21484 -0.000829661
21486 0.000569808
21488 0.000200801
21490 -0.00139357
21492 -0.000402684
21494 -0.00120349
21496 -0.00180936
21498 -3.5185e-05
21500 0.00273636
21502 0.00179755
21504 0.000403634
21506 0.000372415
21508 -0.00141919
21510 -0.00141684
21512 3.94449e-06
21514 0.00257528
21516 0.000769947
21518 -0.00285154
21520 0.000209522
21522 0.000203422
21524 0.000170881
21526 -0.00226584
21528 -0.000231596
21530 0.0010028
21532 -2.98056e-05
21534 0.000816017
21536 -0.000437533
21538 0.00179416
21540 -0.00104601
21542 -0.00104219
21544 -0.000811864
21546 0.00162416
21548 -0.000235639
21550 -0.000855078
21552 -0.00186948
21554 0.00239013
21556 -0.00146227
21558 -0.000440351
21560 -0.00141434
21562 -0.00180997
21564 -0.000848455
21566 0.00398488
21568 0.000207813
21570 0.000166956
21572 -0.00146234
21574 0.000380631
21576 -6.82228e-06
21578 -0.00181808
21580 -0.00059339
21582 -0.000462447
21584 0.000207307
21586 1.48371e-06
21588 0.00102251
21590 0.00138889
21592 -0.00102466
21594 -0.00147985
21596 -0.00124005
21598 -0.00041144
21600 0.00161136
21602 7.62118e-06
21604 0.00162241
21606 0.000380011
21608 -0.000657505
21610 -0.00043633
21612 0.00123555
21614 -0.000245737
21616 0.00141182
21618 0.000179371
21620 6.93161e-07
21622 -0.000995332
21624 -0.000415345
21626 0.00204073
21628 -3.7488e-05
21630 0.0014108
21632 0.000176861
21634 -0.000239971
21636 0.00100714
21638 -0.0020602
21640 -0.00309657
21642 -0.000233382
21644 0.00144619
21646 0.00263886
21648 -0.000409956
21650 0.000828427
21652 0.000202968
21654 -0.00103273
21656 -0.000405284
21658 0.00386794
21660 0.00123972
21662 0.000415261
21664 0.00083111
21666 0.000623451
21668 -0.000204192
21670 -0.00186926
21672 -0.00278963
21674 0.00103713
21676 -0.000652969
21678 -0.000444689
21680 0.000591096
21682 0.0010315
21684 -0.000805998
21686 0.000380851
21688 -0.00106454
21690 -0.00252973
21692 -0.000642819
21694 0.00282322
21696 0.00226352
21698 -0.000664354
21700 -0.0030635
21702 -0.00102333
21704 0.000619679
21706 -0.00181198
21708 -0.00043793
21710 -0.000986115
21712 -0.000238903
21714 -0.00163496
21716 -0.000237598
21718 -0.000848088
21720 -0.00182357
21722 0.00038215
21724 -0.000648897
21726 4.56901e-06
21728 -0.000204627
21730 7.20228e-06
21732 0.000208235
21734 1.1426e-06
21736 -0.000399244
21738 -0.00148764
21740 -4.52173e-05
21742 0.000979503
21744 -0.00224888
21746 -0.00424871
21748 -0.00233625
21750 -0.000236859
21752 0.000171801
21754 -0.00168106
21756 -0.00232662
21758 -0.000237409
21760 0.000771382
21762 0.00140233
21764 0.000584694
21766 0.00101598
21768 0.00122566
21770 -0.00121946
21772 0.00118705
21774 -0.00202824
21776 -0.00346907
21778 -0.00223242
21780 -0.00168062
21782 0.000620158
21784 0.00102624
21786 0.0034024
21788 0.000413655
21790 0.00141794
21792 -0.00105244
21794 3.48377e-06
21796 -0.000228747
21798 -0.000610327
21800 -0.000587611
21802 0.00180652
21804 0.00276294
21806 -0.000615617
21808 -0.00021368
21810 0.000738055
21812 0.000167494
21814 -0.000726621
21816 -0.0026903
21818 0.00072549
21820 0.000184904
21822 0.000869482
21824 0.00191535
21826 0.00153268
21828 -0.00119858
21830 0.0001707
21832 -0.000680989
21834 -0.000159258
21836 -0.00114002
21838 0.000815641
21840 -0.000327578
21842 -0.000168903
21844 0.000150426
21846 -0.000801295
21848 -0.00032106
21850 -1.13121e-05
21852 -0.000472638
21854 -0.000161823
21856 -0.000929811
21858 -0.00137116
21860 -0.0020983
21862 -0.000590435
21864 0.000294508
21866 -0.000447664
21868 -0.00133622
21870 0.000306264
21872 0.00119276
21874 -0.000429895
21876 -0.00104218
21878 -0.000592243
21880 -0.000740476
21882 -0.000584221
21884 -0.000144977
21886 -0.000145881
21888 -5.23699e-06
21890 0.000732113
21892 0.000580363
21894 -0.000436375
21896 4.98851e-07
21898 0.000434519
21900 -0.000575477
21902 6.18658e-06
21904 0.00202272
21906 0.0008684
21908 -0.000435518
21910 -0.00189959
21912 -0.000874857
21914 -0.000146075
21916 0.00244545
21918 -0.000435818
21920 -0.00173836
21922 -0.00101692
21924 -0.000861325
21926 0.00029223
21928 -0.000574854
21930 0.000297698
21932 0.00028563
21934 -0.00102764
21936 0.000295643
21938 -0.000434921
21940 0.000710534
21942 -0.00146488
21944 0.00014253
21946 0.000131949
21948 -0.000437768
21950 0.000438687
21952 -0.000151347
21954 -0.000295366
21956 -0.000729882
21958 -0.000719271
21960 0.00189778
21962 -0.000738877
21964 -0.000294085
21966 0.000737343
21968 0.00103968
21970 -0.000601489
21972 -0.00194128
21974 -0.000750372
21976 -0.00165135
21978 -0.000445917
21980 0.000619472
21982 -0.000143554
21984 0.000756142
21986 -0.000609314
21988 0.00105691
21990 0.00014558
21992 -6.34944e-06
21994 -0.00046113
21996 0.000306102
21998 -0.00301255
22000 -1.54015e-05
22002 -0.00138509
22004 0.00137659
22006 0.000614199
22008 0.00046709
22010 0.000610169
22012 -0.000159792
22014 -0.000630476
22016 -0.000473595
22018 -0.000334388
22020 -0.00323658
22022 -0.000619765
22024 0.000464022
22026 0.000464057
22028 0.000469357
22030 -0.00285386
22032 0.000317015
22034 -0.000807408
22036 0.000632154
22038 -0.000155107
22040 0.000796558
22042 0.00237888
22044 -0.000963344
22046 -0.000491076
22048 -0.000159118
22050 0.000640005
22052 -0.000326242
22054 0.000331378
22056 0.000805725
22058 -0.000502226
22060 0.000335432
22062 0.00115047
22064 0.000314128
22066 -0.00132577
22068 -0.00196068
22070 -0.00147387
22072 -0.00120322
22074 -0.00187402
22076 0.000173326
22078 -0.000852941
22080 0.00200849
22082 0.000849672
22084 0.000498237
22086 -0.0032625
22088 0.000347135
22090 0.000326274
22092 -0.000355785
22094 -0.00186162
22096 -0.00134844
22098 -0.00101088
22100 -0.0017445
22102 0.00102779
22104 0.00104538
22106 0.000528307
22108 -0.00019034
22110 0.000158905
22112 -0.000694276
22114 0.00088352
22116 0.000881297
22118 0.000884222
22120 0.00122904
22122 -0.00071772
22124 -0.00145035
22126 -0.000538006
22128 0.000164105
22130 0.000181791
22132 0.000182935
22134 0.000527894
22136 0.000183757
22138 0.000886081
22140 -1.74198e-05
22142 -0.00216072
22144 0.000345676
22146 -0.00036291
22148 -1.8597e-05
22150 -0.000386751
22152 -0.000925198
22154 -0.00185157
22156 -0.000572234
22158 -0.000558028
22160 1.42029e-06
22162 -0.000369997
22164 -0.000575614
22166 0.00167491
22168 0.000375565
22170 0.00131421
22172 0.00112271
22174 -2.24468e-05
22176 0.000191846
22178 0.000764107
22180 0.000365784
22182 0.00152701
22184 -0.00114703
22186 -0.000404097
22188 0.00093732
22190 0.000771747
22192 0.00096327
22194 -0.000392414
22196 0.000173548
22198 -4.071e-07
22200 0.00017264
22202 -0.00077198
22204 -2.27588e-05
22206 -0.000192593
22208 -0.000589141
22210 0.00156952
22212 0.00331563
22214 0.00119333
22216 -2.35987e-05
22218 -0.000198153
22220 -4.33394e-06
22222 -0.000800599
22224 -0.000415034
22226 0.00101137
22228 -0.00226751
22230 -0.00308639
22232 -0.00244361
22234 0.000175924
22236 -0.000438867
22238 -0.000198509
22240 -0.0014605
22242 0.00182384
22244 0.00204757
22246 0.000805435
22248 -0.00207514
22250 -0.00181784
22252 0.000590594
22254 -0.00104193
22256 -0.00145644
22258 0.000624924
22260 0.00161741
22262 -0.000882825
22264 -0.00231863
22266 0.000389347
22268 0.00393691
22270 5.73598e-06
22272 0.000639624
22274 2.81776e-06
22276 -0.000635077
22278 -0.00262948
22280 -0.000667851
22282 0.0010432
22284 -0.000429596
22286 -0.000475315
22288 -0.00287116
22290 -0.00111195
22292 0.000858506
22294 -0.000217602
22296 -0.00135327
22298 -0.000692769
22300 -0.00131307
22302 0.000226173
22304 0.00325801
22306 -0.00243636
22308 -3.58127e-05
22310 0.00475177
22312 0.000408149
22314 -0.00025852
22316 0.000190901
22318 -0.000707931
22320 0.000894121
22322 0.00023024
22324 0.000645302
22326 -0.000486408
22328 0.00290451
22330 0.00132319
22332 0.00155341
22334 -0.000496348
22336 -0.0029764
22338 -0.00159758
22340 -0.000455995
22342 -0.000266881
22344 -0.00161504
22346 -0.00120547
22348 -0.00119809
22350 0.000706194
22352 -0.000270189
22354 -0.00115926
22356 -0.00381578
22358 -0.00147576
22360 -0.000690454
22362 -0.000452153
22364 0.00111632
22366 -0.00165609
22368 -0.00142139
22370 0.000232573
22372 -1.92636e-05
22374 -0.000951817
22376 -0.00268976
22378 -0.000217634
22380 0.00401276
22382 -0.000298799
22384 -0.0010097
22386 -4.34304e-05
22388 0.000961311
22390 0.0012152
22392 -0.00174079
22394 1.96597e-06
22396 -0.00175609
22398 0.00119807
22400 3.88205e-06
22402 0.000196312
22404 -0.0017372
22406 0.000449424
22408 0.00020564
22410 -0.00124333
22412 -0.0018022
22414 0.000697377
22416 0.00097534
22418 0.000458156
22420 -0.00347665
22422 0.00119723
22424 0.00446345
22426 0.00101265
22428 0.000974588
22430 0.000464416
22432 0.00127089
22434 0.0022372
22436 0.000461501
22438 -0.00159708
22440 0.00127316
22442 -0.000308008
22444 -0.00154811
22446 -0.00421726
22448 0.000779382
22450 0.000207255
22452 -0.0010466
22454 -0.00181453
22456 -0.00387974
22458 -0.000613524
22460 -0.00403218
22462 0.0021027
22464 -0.00133054
22466 0.000531386
22468 0.000737979
22470 0.00159676
22472 0.00106793
22474 0.000215834
22476 0.00155906
22478 0.000532275
22480 -0.00304303
22482 -0.000609589
22484 -0.00141895
22486 -0.000874449
22488 0.00103812
22490 -0.00392952
22492 -0.00115171
22494 -0.000331228
22496 -0.000889857
22498 -0.0011717
22500 -0.00199147
22502 0.00317927
22504 -0.0022176
22506 -0.0013656
22508 0.00135312
22510 -0.00166549
22512 0.00190094
22514 0.00138403
22516 -1.20293e-06
22518 0.000568038
22520 0.0011393
22522 0.00028367
22524 -0.00123494
22526 0.000796909
22528 -0.000937983
22530 -0.00234273
22532 -0.00737366
22534 0.000528314
22536 -0.00175783
22538 -0.000364222
22540 -0.00311121
22542 -0.00304349
22544 -0.000299765
22546 -0.000373119
22548 -0.000974485
22550 -0.00216886
22552 0.00352784
22554 0.00348179
22556 -0.00193622
22558 0.000521664
22560 -0.00366512
22562 -0.00271273
22564 -0.000388754
22566 -2.99375e-06
22568 -0.000605152
22570 -0.0010292
22572 -0.00477737
22574 0.000238241
22576 0.000243853
22578 -0.0012812
22580 -0.00264148
22582 0.00151766
22584 0.00664615
22586 -0.00196698
22588 -0.00230444
22590 -0.00162408
22592 0.000986034
22594 -0.000769409
22596 0.00256214
22598 -0.00486025
22600 0.00126327
22602 -0.000355799
22604 -0.00239203
22606 0.000360389
22608 -0.00436322
22610 -0.000354859
22612 -1.7714e-05
22614 -0.00580783
22616 0.00169833
22618 0.0079412
22620 -0.00198188
22622 -0.00153556
22624 -0.00269541
22626 5.91107e-06
22628 0.00141503
22630 0.00336529
22632 0.000622166
22634 0.00385345
22636 0.000770251
22638 -0.00677982
22640 0.00104792
22642 -0.000371484
22644 -0.00417849
22646 -0.00149681
22648 0.0010003
22650 -0.00347348
22652 -0.00195224
22654 0.000629728
22656 -0.00155477
22658 -0.000110048
22660 -0.000809616
22662 -0.000101085
22664 -0.00288079
22666 -0.00256311
22668 -0.000566814
22670 -0.00103223
22672 0.000351686
22674 0.00295918
22676 -0.00169598
22678 0.000579865
22680 0.000902759
22682 -0.000980229
22684 -0.0003228
22686 -8.69559e-05
22688 -0.00137316
22690 -0.00663512
22692 -0.00473221
22694 0.000937314
22696 0.00638775
22698 0.00124068
22700 -0.00159651
22702 -0.000681224
22704 -0.000670402
22706 -0.00241091
22708 0.000233865
22710 0.000822945
22712 0.000808847
22714 -0.000875568
22716 6.48442e-06
22718 0.000226781
22720 -0.00119041
22722 -0.000562733
22724 0.000549533
22726 0.000550583
22728 0.000274487
22730 0.000815781
22732 0.000754337
22734 0.00154423
22736 -0.000797723
22738 -0.00506633
22740 -0.000571694
22742 -0.000774475
22744 0.000516796
22746 -0.00050255
22748 -0.000297978
22750 0.00049595
22752 -0.000248917
22754 -0.000543443
22756 0.00122698
22758 -0.00148754
22760 0.000666369
22762 -0.000509028
22764 -0.000704717
22766 -0.000969626
22768 0.000699479
22770 -0.0014132
22772 -6.23598e-05
22774 -0.00112825
22776 -0.000666187
22778 -0.00114081
22780 -0.000694743
22782 -0.00090338
22784 0.00129162
22786 -0.00531041
22788 -0.00169636
22790 -0.000229985
22792 -0.000604721
22794 -0.000613365
22796 -2.21956e-05
22798 0.000177376
22800 0.000192596
22802 -0.00140069
22804 0.00132779
22806 -0.000216763
22808 0.000762258
22810 -0.000187005
22812 0.000756533
22814 -0.00287597
22816 -0.00112572
22818 -0.00110997
22820 0.000185584
22822 -1.98256e-06
22824 -0.00109705
22826 -0.000564709
22828 -0.00219075
22830 0.000343983
22832 -0.00174938
22834 4.66568e-06
22836 -8.95724e-06
22838 -0.00018314
22840 0.0018506
22842 0.000159368
22844 -0.000672284
22846 0.000994531
22848 -0.000491297
22850 0.00112796
22852 -0.00114225
22854 -0.00113113
22856 1.04739e-05
22858 -0.00174902
22860 0.000319358
22862 0.000629454
22864 -0.000926795
22866 -0.000154695
22868 -0.00168016
22870 -2.63453e-06
22872 -0.00181905
22874 0.000752775
22876 -0.00103942
22878 0.00146789
22880 -0.000432799
22882 0.000440555
22884 0.000439111
22886 0.000147216
22888 -0.002438
22890 -0.00126566
22892 -0.000841781
22894 -0.00125466
22896 -0.000960357
22898 -0.0009682
22900 0.000410783
22902 0.000133426
22904 -0.000267106
22906 -0.000266605
22908 0.000810869
22910 -0.00105739
22912 -0.00157211
22914 1.03552e-05
22916 0.00169025
22918 -0.000115451
22920 -0.00126598
22922 0.000380932
22924 3.45419e-06
22926 0.000126905
22928 -0.000618855
22930 0.00135964
22932 0.000497198
22934 0.00038293
22936 0.000369966
22938 -0.000345869
22940 0.000475271
22942 -0.000601252
22944 -0.000588638
22946 -0.00163918
22948 0.000137753
22950 -0.00335682
22952 -0.000928091
22954 -0.000228676
22956 -0.00020561
22958 0.000584184
22960 0.00170486
22962 -0.00113114
22964 -0.000565975
22966 -0.000668902
22968 -0.000561532
22970 -0.000658046
22972 0.00100094
22974 0.000551696
22976 -0.000213104
22978 -0.000191842
22980 -0.000315952
22982 -0.000407799
22984 -0.000865143
22986 -0.00020973
22988 -0.000957442
22990 0.000425759
22992 -0.000506352
22994 -9.88766e-05
22996 0.000441562
22998 -0.000293132
23000 -0.00134377
23000 0
